Avg_MHz	Busy%	Bzy_MHz	TSC_MHz	IPC	IRQ	SMI	POLL	C1	POLL%	C1%	CPU%c1	CPU%c6	CoreTmp	PkgTmp	Pkg%pc2	Pkg%pc6	PkgWatt	RAMWatt	PKG_%	RAM_%
451	16.67	2703	2501	0.29	12732	0	1731	2377	0.01	83.36	83.33	0.00	48	48	0.00	0.00	159.27	33.15	0.00	0.00
455	16.78	2704	2508	0.29	12614	0	1650	2666	0.01	83.49	83.22	0.00	49	49	0.00	0.00	160.27	33.52	0.00	0.00
448	16.59	2706	2494	0.29	12302	0	1908	2604	0.02	83.20	83.41	0.00	49	49	0.00	0.00	158.14	32.86	0.00	0.00
449	16.62	2705	2496	0.29	12425	0	1767	2449	0.02	83.25	83.38	0.00	49	49	0.00	0.00	158.45	32.77	0.00	0.00
454	16.74	2708	2506	0.29	12588	0	1550	2615	0.02	83.46	83.26	0.00	49	49	0.00	0.00	159.96	32.98	0.00	0.00
451	16.66	2705	2499	0.29	12456	0	1742	2750	0.01	83.32	83.34	0.00	49	49	0.00	0.00	158.94	32.88	0.00	0.00
454	16.76	2702	2506	0.29	12471	0	1938	2304	0.02	83.45	83.24	0.00	49	49	0.00	0.00	160.25	33.16	0.00	0.00
450	16.68	2702	2499	0.30	12443	0	1691	2559	0.02	83.29	83.32	0.00	49	49	0.00	0.00	158.70	32.90	0.00	0.00
450	16.66	2703	2498	0.30	12445	0	1877	2437	0.02	83.28	83.34	0.00	49	49	0.00	0.00	158.66	32.80	0.00	0.00
447	16.57	2704	2493	0.29	12700	0	1645	2863	0.03	83.21	83.43	0.00	49	49	0.00	0.00	157.82	32.56	0.00	0.00
454	16.74	2704	2506	0.29	12410	0	1721	2481	0.01	83.46	83.26	0.00	49	49	0.00	0.00	160.23	32.99	0.00	0.00
450	16.66	2702	2499	0.30	12560	0	1666	2560	0.01	83.30	83.34	0.00	49	49	0.00	0.00	159.53	32.93	0.00	0.00
449	16.63	2705	2497	0.29	12918	0	1633	2806	0.01	83.27	83.37	0.00	49	49	0.00	0.00	158.60	32.70	0.00	0.00
449	16.61	2708	2495	0.29	12499	0	1722	2450	0.02	83.24	83.39	0.00	50	49	0.00	0.00	158.05	32.60	0.00	0.00
453	16.69	2709	2502	0.29	12580	0	1668	2705	0.01	83.39	83.31	0.00	50	50	0.00	0.00	159.33	32.71	0.00	0.00
453	16.71	2706	2503	0.29	12408	0	1585	2455	0.01	83.38	83.29	0.00	50	49	0.00	0.00	159.84	32.99	0.00	0.00
451	16.64	2708	2500	0.29	12357	0	1636	2462	0.01	83.34	83.36	0.00	50	50	0.00	0.00	158.78	32.70	0.00	0.00
454	16.75	2703	2507	0.29	12513	0	1612	2605	0.02	83.49	83.25	0.00	50	50	0.00	0.00	160.42	33.08	0.00	0.00
448	16.62	2701	2493	0.29	12546	0	1677	2387	0.01	83.16	83.38	0.00	50	50	0.00	0.00	158.14	32.78	0.00	0.00
453	16.72	2706	2505	0.29	12273	0	1758	2315	0.02	83.43	83.28	0.00	50	50	0.00	0.00	160.03	32.99	0.00	0.00
451	16.68	2706	2500	0.29	12264	0	1695	2417	0.02	83.33	83.32	0.00	50	50	0.00	0.00	158.79	32.91	0.00	0.00
448	16.62	2703	2496	0.29	12580	0	1531	2616	0.01	83.24	83.38	0.00	50	50	0.00	0.00	158.66	32.81	0.00	0.00
453	16.71	2707	2503	0.29	12662	0	1879	2489	0.01	83.38	83.29	0.00	50	50	0.00	0.00	159.80	32.99	0.00	0.00
451	16.65	2709	2498	0.29	12438	0	1593	2551	0.01	83.28	83.35	0.00	50	50	0.00	0.00	157.73	32.56	0.00	0.00
452	16.69	2705	2502	0.29	12763	0	1645	2618	0.01	83.37	83.31	0.00	50	50	0.00	0.00	160.63	33.10	0.00	0.00
450	16.60	2714	2497	0.29	12154	0	1546	2387	0.01	83.31	83.40	0.00	50	50	0.00	0.00	158.45	32.49	0.00	0.00
455	16.76	2706	2507	0.29	12223	0	1712	2525	0.01	83.49	83.24	0.00	50	50	0.00	0.00	160.31	33.13	0.00	0.00
448	16.62	2703	2496	0.29	12590	0	1596	2525	0.01	83.23	83.38	0.00	51	50	0.00	0.00	158.27	32.81	0.00	0.00
449	16.64	2702	2497	0.30	12837	0	1745	2728	0.01	83.26	83.36	0.00	51	51	0.00	0.00	159.29	32.98	0.00	0.00
455	16.77	2704	2507	0.29	12428	0	1686	2444	0.01	83.46	83.23	0.00	51	50	0.00	0.00	160.02	33.19	0.00	0.00
450	16.63	2706	2498	0.29	12556	0	1678	2617	0.02	83.31	83.37	0.00	51	51	0.00	0.00	158.89	32.83	0.00	0.00
449	16.63	2703	2497	0.29	12666	0	1708	2571	0.02	83.26	83.37	0.00	51	50	0.00	0.00	159.00	32.94	0.00	0.00
453	16.74	2704	2504	0.29	12565	0	1590	2717	0.02	83.41	83.26	0.00	51	50	0.00	0.00	159.37	32.96	0.00	0.00
449	16.63	2703	2496	0.29	12786	0	1692	2696	0.02	83.24	83.37	0.00	51	51	0.00	0.00	158.92	32.80	0.00	0.00
450	16.67	2701	2499	0.30	12697	0	1777	2690	0.02	83.30	83.33	0.00	51	51	0.00	0.00	159.52	32.93	0.00	0.00
454	16.71	2709	2505	0.29	12301	0	1635	2562	0.01	83.45	83.29	0.00	51	51	0.00	0.00	159.31	32.84	0.00	0.00
449	16.65	2701	2497	0.30	12536	0	1909	2555	0.01	83.27	83.35	0.00	51	51	0.00	0.00	159.63	33.06	0.00	0.00
447	16.57	2707	2492	0.29	12472	0	1701	2637	0.02	83.17	83.43	0.00	51	51	0.00	0.00	157.95	32.60	0.00	0.00
456	16.79	2704	2509	0.29	12684	0	1809	2517	0.01	83.49	83.21	0.00	51	51	0.00	0.00	160.99	33.24	0.00	0.00
448	16.59	2706	2494	0.29	12372	0	1824	2458	0.02	83.21	83.41	0.00	51	51	0.00	0.00	158.31	32.55	0.00	0.00
451	16.67	2708	2500	0.29	12628	0	1823	2660	0.02	83.32	83.33	0.00	51	51	0.00	0.00	159.30	32.64	0.00	0.00
457	16.82	2704	2511	0.29	12459	0	1849	2632	0.01	83.54	83.18	0.00	51	51	0.00	0.00	161.58	33.24	0.00	0.00
444	16.53	2701	2488	0.30	12459	0	1750	2524	0.02	83.08	83.47	0.00	51	51	0.00	0.00	157.93	32.59	0.00	0.00
450	16.65	2707	2498	0.29	12682	0	1701	2580	0.02	83.29	83.35	0.00	51	51	0.00	0.00	158.96	32.73	0.00	0.00
455	16.77	2706	2508	0.29	12683	0	1728	2697	0.01	83.51	83.23	0.00	51	51	0.00	0.00	160.88	33.05	0.00	0.00
454	16.76	2703	2507	0.30	12432	0	1684	2618	0.01	83.48	83.24	0.00	51	51	0.00	0.00	160.13	33.09	0.00	0.00
446	16.56	2703	2491	0.29	12651	0	1692	2732	0.02	83.15	83.44	0.00	51	51	0.00	0.00	158.10	32.76	0.00	0.00
449	16.62	2705	2496	0.29	12542	0	1631	2624	0.01	83.26	83.38	0.00	51	51	0.00	0.00	159.01	32.96	0.00	0.00
452	16.70	2706	2503	0.29	12641	0	1683	2610	0.01	83.39	83.30	0.00	51	51	0.00	0.00	160.08	32.94	0.00	0.00
451	16.66	2707	2500	0.29	12331	0	1737	2493	0.01	83.33	83.34	0.00	51	51	0.00	0.00	158.80	32.75	0.00	0.00
451	16.67	2707	2501	0.29	12414	0	1735	2584	0.01	83.36	83.33	0.00	51	51	0.00	0.00	160.07	32.95	0.00	0.00
449	16.60	2709	2495	0.29	12529	0	1843	2608	0.02	83.24	83.40	0.00	51	51	0.00	0.00	157.78	32.48	0.00	0.00
455	16.76	2707	2509	0.29	12237	0	1731	2249	0.01	83.53	83.24	0.00	52	51	0.00	0.00	161.57	33.09	0.00	0.00
450	16.66	2703	2499	0.29	12499	0	1824	2564	0.02	83.30	83.34	0.00	51	51	0.00	0.00	159.68	33.01	0.00	0.00
451	16.66	2706	2499	0.29	12471	0	1862	2364	0.01	83.32	83.34	0.00	51	51	0.00	0.00	159.15	32.63	0.00	0.00
454	16.73	2706	2505	0.29	12499	0	1987	2619	0.02	83.44	83.27	0.00	52	51	0.00	0.00	160.62	32.97	0.00	0.00
448	16.61	2704	2495	0.30	12487	0	1747	2536	0.01	83.22	83.39	0.00	52	51	0.00	0.00	158.93	32.65	0.00	0.00
450	16.64	2704	2498	0.29	12534	0	1565	2473	0.01	83.30	83.36	0.00	52	51	0.00	0.00	159.47	32.73	0.00	0.00
455	16.77	2703	2507	0.29	12564	0	1610	2621	0.01	83.47	83.23	0.00	52	51	0.00	0.00	160.91	33.11	0.00	0.00
450	16.70	2698	2496	0.30	13272	0	1630	2699	0.01	83.16	83.30	0.00	52	52	0.00	0.00	158.93	32.90	0.00	0.00
454	16.76	2704	2506	0.29	12513	0	1800	2533	0.02	83.46	83.24	0.00	52	51	0.00	0.00	160.86	33.20	0.00	0.00
448	16.60	2703	2494	0.29	12476	0	1705	2576	0.01	83.21	83.40	0.00	52	52	0.00	0.00	158.68	32.83	0.00	0.00
453	16.72	2703	2503	0.29	12483	0	1663	2590	0.01	83.37	83.28	0.00	52	52	0.00	0.00	160.60	33.30	0.00	0.00
449	16.63	2705	2496	0.29	12547	0	1555	2652	0.01	83.25	83.37	0.00	52	52	0.00	0.00	158.96	32.75	0.00	0.00
451	16.67	2705	2500	0.29	12626	0	1668	2557	0.01	83.33	83.33	0.00	52	52	0.00	0.00	159.83	32.91	0.00	0.00
450	16.64	2704	2498	0.29	12500	0	1716	2514	0.02	83.29	83.36	0.00	52	52	0.00	0.00	159.72	32.96	0.00	0.00
453	16.73	2705	2504	0.29	12584	0	1695	2598	0.01	83.42	83.27	0.00	52	52	0.00	0.00	160.47	33.07	0.00	0.00
447	16.56	2705	2495	0.29	12547	0	1697	2666	0.02	83.27	83.44	0.00	52	52	0.00	0.00	158.95	32.76	0.00	0.00
450	16.63	2709	2498	0.29	12506	0	1765	2451	0.02	83.30	83.37	0.00	52	52	0.00	0.00	158.87	32.73	0.00	0.00
454	16.74	2705	2506	0.29	12616	0	1791	2418	0.01	83.47	83.26	0.00	52	52	0.00	0.00	161.51	33.33	0.00	0.00
452	16.70	2702	2501	0.29	12574	0	1826	2701	0.01	83.35	83.30	0.00	52	52	0.00	0.00	160.30	33.19	0.00	0.00
453	16.73	2702	2504	0.30	12479	0	1614	2665	0.01	83.39	83.27	0.00	52	52	0.00	0.00	160.05	33.06	0.00	0.00
450	16.67	2704	2497	0.29	12395	0	1923	2469	0.02	83.24	83.33	0.00	52	52	0.00	0.00	159.41	32.75	0.00	0.00
448	16.59	2705	2494	0.29	12642	0	1805	2729	0.02	83.22	83.41	0.00	52	52	0.00	0.00	158.84	32.71	0.00	0.00
450	16.65	2705	2500	0.29	12487	0	1754	2539	0.01	83.34	83.35	0.00	52	52	0.00	0.00	160.14	32.92	0.00	0.00
451	16.66	2710	2501	0.29	12445	0	1713	2624	0.02	83.36	83.34	0.00	52	52	0.00	0.00	159.82	32.70	0.00	0.00
451	16.67	2707	2499	0.29	12256	0	1859	2184	0.01	83.31	83.33	0.00	53	52	0.00	0.00	159.16	32.81	0.00	0.00
452	16.69	2705	2501	0.29	12609	0	1755	2537	0.01	83.36	83.31	0.00	52	52	0.00	0.00	160.33	32.91	0.00	0.00
452	16.68	2707	2501	0.29	12433	0	1764	2450	0.01	83.35	83.32	0.00	53	52	0.00	0.00	160.25	32.88	0.00	0.00
452	16.71	2704	2503	0.29	12304	0	1683	2343	0.02	83.39	83.29	0.00	52	52	0.00	0.00	160.80	33.03	0.00	0.00
451	16.66	2706	2499	0.29	12405	0	1716	2533	0.02	83.32	83.34	0.00	53	53	0.00	0.00	159.51	32.77	0.00	0.00
449	16.63	2704	2496	0.29	12436	0	1540	2540	0.02	83.25	83.37	0.00	52	52	0.00	0.00	159.48	32.83	0.00	0.00
450	16.62	2707	2497	0.29	12542	0	1865	2557	0.01	83.27	83.38	0.00	52	52	0.00	0.00	159.12	32.69	0.00	0.00
451	16.66	2708	2500	0.29	12702	0	1693	2539	0.01	83.34	83.34	0.00	53	52	0.00	0.00	159.89	32.82	0.00	0.00
455	16.77	2705	2507	0.29	12664	0	1785	2482	0.01	83.47	83.23	0.00	52	52	0.00	0.00	161.11	33.08	0.00	0.00
448	16.60	2704	2494	0.29	12718	0	1814	2674	0.01	83.19	83.40	0.00	52	52	0.00	0.00	158.41	32.60	0.00	0.00
452	16.67	2709	2501	0.29	12462	0	1552	2582	0.02	83.38	83.33	0.00	52	52	0.00	0.00	160.69	32.98	0.00	0.00
454	16.74	2706	2504	0.29	12487	0	1604	2591	0.01	83.40	83.26	0.00	52	52	0.00	0.00	160.51	33.10	0.00	0.00
449	16.63	2706	2497	0.29	12405	0	1770	2418	0.02	83.28	83.37	0.00	53	52	0.00	0.00	159.80	32.83	0.00	0.00
450	16.64	2704	2498	0.29	12496	0	1619	2498	0.01	83.29	83.36	0.00	53	52	0.00	0.00	159.69	32.84	0.00	0.00
456	16.79	2705	2509	0.29	12693	0	1721	2808	0.01	83.51	83.21	0.00	53	52	0.00	0.00	161.42	33.11	0.00	0.00
448	16.61	2702	2494	0.30	12685	0	1710	2624	0.01	83.21	83.39	0.00	52	52	0.00	0.00	159.24	32.92	0.00	0.00
448	16.61	2704	2495	0.29	12131	0	1664	2303	0.01	83.23	83.39	0.00	53	53	0.00	0.00	158.73	32.73	0.00	0.00
453	16.71	2707	2503	0.29	12358	0	1695	2367	0.02	83.38	83.29	0.00	53	52	0.00	0.00	160.21	33.08	0.00	0.00
452	16.70	2706	2502	0.29	12758	0	1603	2579	0.01	83.37	83.30	0.00	53	52	0.00	0.00	160.39	32.92	0.00	0.00
451	16.68	2705	2500	0.29	12387	0	1870	2263	0.02	83.34	83.32	0.00	53	53	0.00	0.00	159.93	32.90	0.00	0.00
450	16.64	2706	2497	0.29	12713	0	1683	2814	0.02	83.27	83.36	0.00	53	53	0.00	0.00	158.71	32.67	0.00	0.00
452	16.69	2707	2502	0.29	12271	0	1613	2340	0.01	83.39	83.31	0.00	53	52	0.00	0.00	160.54	32.98	0.00	0.00
452	16.70	2704	2501	0.29	13494	0	1753	2738	0.01	83.34	83.30	0.00	53	53	0.00	0.00	160.14	33.13	0.00	0.00
450	16.65	2705	2497	0.29	12901	0	1658	2482	0.01	83.25	83.35	0.00	53	53	0.00	0.00	159.56	32.84	0.00	0.00
453	16.72	2705	2502	0.29	12836	0	1650	2692	0.02	83.36	83.28	0.00	53	53	0.00	0.00	160.35	32.90	0.00	0.00
451	16.67	2707	2501	0.29	12782	0	1698	2772	0.01	83.36	83.33	0.00	53	52	0.00	0.00	160.06	32.81	0.00	0.00
451	16.69	2702	2500	0.29	12529	0	1662	2521	0.01	83.32	83.31	0.00	53	52	0.00	0.00	159.67	32.97	0.00	0.00
450	16.66	2704	2500	0.29	12692	0	1765	2538	0.01	83.33	83.34	0.00	53	53	0.00	0.00	159.81	32.87	0.00	0.00
452	16.70	2702	2502	0.29	12638	0	1792	2458	0.01	83.37	83.30	0.00	53	52	0.00	0.00	160.59	33.03	0.00	0.00
448	16.59	2705	2494	0.29	12661	0	1684	2764	0.02	83.20	83.41	0.00	53	53	0.00	0.00	158.33	32.56	0.00	0.00
452	16.69	2706	2502	0.29	12459	0	1504	2485	0.02	83.39	83.31	0.00	53	53	0.00	0.00	160.84	33.02	0.00	0.00
451	16.67	2705	2500	0.29	10546	0	1436	2398	0.02	83.33	83.33	0.00	53	53	0.00	0.00	159.29	32.77	0.00	0.00
