Avg_MHz	Busy%	Bzy_MHz	TSC_MHz	IPC	IRQ	SMI	POLL	C1	POLL%	C1%	CPU%c1	CPU%c6	CoreTmp	PkgTmp	Pkg%pc2	Pkg%pc6	PkgWatt	RAMWatt	PKG_%	RAM_%
453	16.69	2709	2505	0.52	16123	0	7216	3288	0.03	83.48	83.31	0.00	56	55	0.00	0.00	166.19	24.88	0.00	0.00
451	16.67	2705	2500	0.52	16248	0	7348	3259	0.04	83.34	83.33	0.00	56	55	0.00	0.00	166.64	25.07	0.00	0.00
450	16.63	2708	2497	0.52	16040	0	7383	3101	0.04	83.29	83.37	0.00	56	55	0.00	0.00	165.70	24.67	0.00	0.00
450	16.63	2709	2498	0.52	16229	0	6958	3112	0.04	83.30	83.37	0.00	56	55	0.00	0.00	165.53	24.82	0.00	0.00
451	16.63	2713	2499	0.51	15862	0	7242	3209	0.04	83.33	83.37	0.00	56	55	0.00	0.00	165.83	24.91	0.00	0.00
454	16.73	2707	2507	0.52	16259	0	7304	3385	0.04	83.50	83.27	0.00	55	55	0.00	0.00	167.52	24.69	0.00	0.00
452	16.68	2707	2501	0.52	16105	0	7676	3101	0.04	83.35	83.32	0.00	56	55	0.00	0.00	165.44	24.33	0.00	0.00
448	16.60	2705	2495	0.53	16205	0	7744	3316	0.04	83.23	83.40	0.00	56	56	0.00	0.00	165.14	24.35	0.00	0.00
451	16.65	2707	2499	0.52	15933	0	7698	3054	0.04	83.32	83.35	0.00	56	56	0.00	0.00	165.97	24.62	0.00	0.00
457	16.83	2705	2511	0.52	16363	0	7338	3320	0.04	83.54	83.17	0.00	56	55	0.00	0.00	167.53	24.91	0.00	0.00
445	16.53	2705	2491	0.52	17165	0	7790	2810	0.04	83.17	83.47	0.00	56	55	0.00	0.00	164.60	24.50	0.00	0.00
448	16.59	2707	2495	0.52	16348	0	7426	3052	0.04	83.23	83.41	0.00	56	55	0.00	0.00	164.99	24.44	0.00	0.00
454	16.71	2713	2504	0.51	16284	0	6970	3362	0.04	83.43	83.29	0.00	56	55	0.00	0.00	166.22	24.78	0.00	0.00
454	16.72	2711	2504	0.52	16403	0	6886	3200	0.04	83.41	83.28	0.00	56	55	0.00	0.00	166.75	24.86	0.00	0.00
451	16.66	2707	2499	0.52	16297	0	7502	3025	0.04	83.31	83.34	0.00	56	55	0.00	0.00	165.87	24.68	0.00	0.00
449	16.62	2707	2497	0.52	16352	0	6937	3202	0.04	83.27	83.38	0.00	56	55	0.00	0.00	165.80	24.83	0.00	0.00
453	16.72	2708	2504	0.52	16192	0	7136	3283	0.04	83.42	83.28	0.00	56	55	0.00	0.00	166.82	24.81	0.00	0.00
450	16.64	2708	2498	0.52	16233	0	7568	3297	0.04	83.29	83.36	0.00	56	55	0.00	0.00	165.52	24.61	0.00	0.00
451	16.66	2705	2499	0.52	16141	0	7331	3302	0.03	83.30	83.34	0.00	56	55	0.00	0.00	166.22	24.66	0.00	0.00
450	16.62	2709	2497	0.52	16325	0	7283	3170	0.04	83.28	83.38	0.00	56	55	0.00	0.00	164.65	24.55	0.00	0.00
455	16.76	2707	2508	0.52	16194	0	6992	3038	0.04	83.51	83.24	0.00	56	55	0.00	0.00	167.86	24.98	0.00	0.00
449	16.61	2706	2495	0.52	16296	0	6911	3348	0.03	83.24	83.39	0.00	56	55	0.00	0.00	165.03	24.46	0.00	0.00
451	16.66	2707	2499	0.52	16252	0	7527	3405	0.04	83.33	83.34	0.00	56	55	0.00	0.00	166.18	24.58	0.00	0.00
452	16.69	2708	2502	0.52	16083	0	7602	3051	0.04	83.38	83.31	0.00	56	55	0.00	0.00	165.85	24.51	0.00	0.00
452	16.68	2707	2501	0.52	15815	0	7600	3108	0.04	83.35	83.32	0.00	56	55	0.00	0.00	165.99	24.58	0.00	0.00
453	16.72	2705	2504	0.53	16161	0	7706	3174	0.04	83.42	83.28	0.00	56	55	0.00	0.00	167.12	24.78	0.00	0.00
446	16.56	2703	2489	0.52	16076	0	7746	3432	0.04	83.07	83.44	0.00	56	55	0.00	0.00	164.61	24.59	0.00	0.00
455	16.73	2710	2506	0.52	16064	0	7559	3024	0.03	83.48	83.27	0.00	56	55	0.00	0.00	166.49	24.89	0.00	0.00
451	16.67	2708	2500	0.52	16026	0	7545	3331	0.04	83.34	83.33	0.00	56	55	0.00	0.00	166.18	25.10	0.00	0.00
452	16.67	2709	2501	0.52	16049	0	7529	3354	0.04	83.37	83.33	0.00	56	56	0.00	0.00	166.22	24.80	0.00	0.00
448	16.58	2708	2493	0.52	15867	0	7729	2967	0.04	83.21	83.42	0.00	56	55	0.00	0.00	165.26	24.96	0.00	0.00
453	16.69	2710	2504	0.51	16203	0	7498	3301	0.03	83.44	83.31	0.00	56	55	0.00	0.00	166.38	25.03	0.00	0.00
453	16.69	2709	2503	0.52	16026	0	7191	3327	0.04	83.39	83.31	0.00	56	56	0.00	0.00	167.29	25.15	0.00	0.00
449	16.62	2708	2496	0.52	15743	0	7181	3217	0.04	83.26	83.38	0.00	56	56	0.00	0.00	165.17	24.75	0.00	0.00
450	16.62	2709	2498	0.52	16180	0	7294	3087	0.04	83.31	83.38	0.00	56	55	0.00	0.00	165.52	24.61	0.00	0.00
453	16.68	2714	2503	0.51	16077	0	6983	3191	0.03	83.43	83.32	0.00	56	55	0.00	0.00	165.95	24.84	0.00	0.00
451	16.66	2707	2499	0.52	16238	0	7127	3332	0.04	83.32	83.34	0.00	56	55	0.00	0.00	166.40	24.92	0.00	0.00
449	16.61	2710	2496	0.52	16263	0	7384	3141	0.04	83.25	83.39	0.00	56	56	0.00	0.00	164.88	24.73	0.00	0.00
454	16.73	2709	2505	0.52	16165	0	7134	3548	0.04	83.45	83.27	0.00	56	56	0.00	0.00	166.64	24.72	0.00	0.00
453	16.71	2708	2505	0.52	15968	0	7595	3144	0.04	83.45	83.29	0.00	56	55	0.00	0.00	166.71	24.64	0.00	0.00
448	16.57	2707	2495	0.52	16023	0	7204	3294	0.04	83.25	83.43	0.00	56	56	0.00	0.00	165.10	24.77	0.00	0.00
451	16.64	2709	2499	0.52	16004	0	7549	3199	0.03	83.32	83.36	0.00	56	56	0.00	0.00	165.85	25.06	0.00	0.00
451	16.65	2710	2499	0.52	16113	0	7223	3346	0.04	83.33	83.35	0.00	56	55	0.00	0.00	165.78	24.89	0.00	0.00
454	16.73	2709	2506	0.52	16189	0	6950	3380	0.04	83.49	83.27	0.00	56	55	0.00	0.00	167.88	25.05	0.00	0.00
449	16.63	2705	2497	0.52	16067	0	7035	3050	0.04	83.28	83.37	0.00	56	56	0.00	0.00	165.73	24.87	0.00	0.00
449	16.61	2708	2496	0.52	16004	0	6897	3448	0.03	83.27	83.39	0.00	56	55	0.00	0.00	165.11	24.68	0.00	0.00
454	16.71	2710	2505	0.52	16760	0	7099	2887	0.04	83.44	83.29	0.00	56	56	0.00	0.00	166.99	24.91	0.00	0.00
453	16.73	2703	2505	0.52	16243	0	7095	3346	0.04	83.44	83.27	0.00	56	56	0.00	0.00	167.72	25.02	0.00	0.00
453	16.73	2704	2504	0.53	16129	0	7439	3290	0.04	83.39	83.27	0.00	56	56	0.00	0.00	166.42	24.71	0.00	0.00
444	16.51	2703	2489	0.53	15982	0	7769	2999	0.04	83.13	83.49	0.00	56	56	0.00	0.00	164.51	24.39	0.00	0.00
452	16.66	2711	2501	0.52	16246	0	7338	3337	0.03	83.37	83.34	0.00	56	56	0.00	0.00	165.34	24.57	0.00	0.00
452	16.69	2708	2502	0.52	15995	0	7886	3191	0.04	83.38	83.31	0.00	56	55	0.00	0.00	166.34	24.61	0.00	0.00
451	16.67	2705	2500	0.53	16316	0	7363	3335	0.03	83.35	83.33	0.00	56	56	0.00	0.00	166.10	24.58	0.00	0.00
451	16.69	2704	2501	0.53	16288	0	7546	3230	0.04	83.36	83.31	0.00	56	56	0.00	0.00	167.24	24.74	0.00	0.00
446	16.54	2709	2490	0.52	16125	0	7645	3133	0.04	83.13	83.46	0.00	57	56	0.00	0.00	163.84	24.43	0.00	0.00
458	16.83	2707	2514	0.52	16219	0	7304	3276	0.04	83.63	83.17	0.00	56	56	0.00	0.00	168.36	25.07	0.00	0.00
451	16.68	2702	2501	0.53	16158	0	7841	2820	0.04	83.34	83.32	0.00	56	56	0.00	0.00	166.56	24.84	0.00	0.00
447	16.57	2705	2492	0.52	16232	0	7098	3186	0.04	83.17	83.43	0.00	56	55	0.00	0.00	164.53	24.67	0.00	0.00
454	16.74	2706	2505	0.52	16262	0	6966	3328	0.03	83.45	83.26	0.00	56	55	0.00	0.00	167.20	25.06	0.00	0.00
448	16.57	2707	2494	0.52	16323	0	6722	3647	0.04	83.24	83.43	0.00	56	56	0.00	0.00	165.09	24.58	0.00	0.00
451	16.69	2705	2499	0.52	16485	0	7460	3086	0.04	83.28	83.31	0.00	56	56	0.00	0.00	166.18	24.77	0.00	0.00
452	16.66	2711	2500	0.52	16105	0	7178	3432	0.04	83.36	83.34	0.00	56	56	0.00	0.00	165.12	24.68	0.00	0.00
452	16.65	2710	2501	0.52	16317	0	7101	2892	0.04	83.39	83.35	0.00	56	56	0.00	0.00	166.54	24.74	0.00	0.00
451	16.66	2708	2500	0.52	16405	0	6958	3519	0.04	83.34	83.34	0.00	56	55	0.00	0.00	166.11	24.68	0.00	0.00
451	16.67	2708	2500	0.52	16057	0	7455	2983	0.04	83.33	83.33	0.00	56	55	0.00	0.00	166.01	24.77	0.00	0.00
452	16.69	2706	2502	0.52	16006	0	7629	2940	0.04	83.36	83.31	0.00	56	55	0.00	0.00	166.02	24.68	0.00	0.00
451	16.65	2709	2499	0.52	16292	0	7559	2994	0.04	83.31	83.35	0.00	56	55	0.00	0.00	164.91	24.52	0.00	0.00
451	16.66	2706	2500	0.52	16137	0	7562	3317	0.04	83.36	83.34	0.00	56	56	0.00	0.00	166.09	24.79	0.00	0.00
451	16.66	2709	2499	0.52	16063	0	7683	2897	0.04	83.33	83.34	0.00	56	56	0.00	0.00	165.29	24.57	0.00	0.00
452	16.69	2707	2503	0.52	16143	0	7776	2846	0.04	83.42	83.31	0.00	56	56	0.00	0.00	166.66	24.75	0.00	0.00
449	16.61	2706	2496	0.52	16108	0	7737	2923	0.04	83.25	83.39	0.00	56	56	0.00	0.00	165.61	24.66	0.00	0.00
455	16.77	2706	2508	0.52	16083	0	7900	3081	0.04	83.51	83.23	0.00	56	55	0.00	0.00	167.10	24.83	0.00	0.00
444	16.49	2708	2489	0.52	16506	0	7530	3273	0.04	83.15	83.51	0.00	56	56	0.00	0.00	163.74	24.37	0.00	0.00
453	16.70	2708	2504	0.52	16035	0	7883	3111	0.04	83.44	83.30	0.00	56	56	0.00	0.00	166.58	24.69	0.00	0.00
452	16.68	2708	2500	0.52	16196	0	7688	3207	0.04	83.33	83.32	0.00	56	56	0.00	0.00	165.89	24.65	0.00	0.00
452	16.69	2706	2502	0.52	16528	0	7102	3251	0.04	83.37	83.31	0.00	56	56	0.00	0.00	166.53	24.75	0.00	0.00
447	16.56	2708	2494	0.52	16014	0	7708	2969	0.04	83.23	83.44	0.00	56	56	0.00	0.00	164.30	24.58	0.00	0.00
453	16.69	2711	2503	0.52	15932	0	7774	3248	0.04	83.40	83.31	0.00	56	55	0.00	0.00	166.00	24.80	0.00	0.00
450	16.59	2711	2498	0.51	16056	0	7500	3285	0.04	83.35	83.41	0.00	56	56	0.00	0.00	165.59	24.82	0.00	0.00
454	16.74	2707	2506	0.52	16094	0	7171	3308	0.03	83.45	83.26	0.00	56	56	0.00	0.00	166.28	24.90	0.00	0.00
448	16.59	2709	2494	0.52	16404	0	7661	2978	0.04	83.20	83.41	0.00	56	56	0.00	0.00	164.74	24.63	0.00	0.00
455	16.76	2705	2508	0.52	16223	0	7222	3352	0.03	83.53	83.24	0.00	56	56	0.00	0.00	167.93	25.01	0.00	0.00
449	16.63	2703	2498	0.52	16485	0	6788	3476	0.03	83.30	83.37	0.00	56	56	0.00	0.00	165.97	24.79	0.00	0.00
452	16.71	2703	2503	0.52	16616	0	7258	3158	0.04	83.38	83.29	0.00	56	56	0.00	0.00	166.61	24.82	0.00	0.00
450	16.65	2707	2497	0.52	16084	0	7099	3294	0.04	83.26	83.35	0.00	56	56	0.00	0.00	164.52	24.58	0.00	0.00
449	16.63	2706	2497	0.52	16321	0	7285	3069	0.03	83.27	83.37	0.00	56	56	0.00	0.00	165.64	24.73	0.00	0.00
451	16.66	2708	2500	0.52	16216	0	6700	3305	0.03	83.35	83.34	0.00	56	55	0.00	0.00	165.95	24.78	0.00	0.00
451	16.66	2707	2500	0.52	16132	0	7073	3203	0.04	83.33	83.34	0.00	56	55	0.00	0.00	166.14	24.84	0.00	0.00
454	16.72	2708	2505	0.52	16171	0	7051	3238	0.04	83.46	83.28	0.00	56	55	0.00	0.00	166.58	24.92	0.00	0.00
448	16.55	2712	2493	0.51	16029	0	6657	3342	0.03	83.21	83.45	0.00	56	55	0.00	0.00	164.24	24.54	0.00	0.00
455	16.76	2710	2507	0.52	17377	0	7042	3548	0.04	83.48	83.24	0.00	56	56	0.00	0.00	166.85	24.83	0.00	0.00
449	16.61	2706	2496	0.52	16093	0	7158	3259	0.04	83.27	83.39	0.00	56	56	0.00	0.00	166.05	24.93	0.00	0.00
452	16.69	2707	2503	0.52	16049	0	6964	3324	0.04	83.41	83.31	0.00	56	56	0.00	0.00	166.64	25.05	0.00	0.00
451	16.67	2705	2500	0.52	16204	0	7067	3093	0.04	83.34	83.33	0.00	56	56	0.00	0.00	166.28	24.86	0.00	0.00
451	16.66	2707	2499	0.52	16144	0	7407	3029	0.04	83.30	83.34	0.00	56	56	0.00	0.00	165.89	24.73	0.00	0.00
449	16.60	2706	2497	0.52	15920	0	7111	3490	0.04	83.28	83.40	0.00	56	56	0.00	0.00	165.55	24.86	0.00	0.00
455	16.76	2706	2507	0.52	16086	0	7281	3059	0.04	83.47	83.24	0.00	56	56	0.00	0.00	167.60	25.16	0.00	0.00
449	16.64	2704	2497	0.52	16077	0	7500	3279	0.04	83.27	83.36	0.00	56	56	0.00	0.00	165.80	24.97	0.00	0.00
450	16.64	2704	2498	0.52	16142	0	7394	3132	0.04	83.30	83.36	0.00	56	55	0.00	0.00	166.09	24.91	0.00	0.00
451	16.68	2707	2500	0.52	16125	0	7659	3140	0.04	83.31	83.32	0.00	56	55	0.00	0.00	165.67	24.72	0.00	0.00
452	16.73	2703	2501	0.52	16265	0	7071	3499	0.04	83.29	83.27	0.00	56	55	0.00	0.00	166.61	24.81	0.00	0.00
458	16.82	2708	2512	0.52	12799	0	5541	2922	0.04	83.60	83.18	0.00	56	55	0.00	0.00	168.02	25.00	0.00	0.00
