Avg_MHz	Busy%	Bzy_MHz	TSC_MHz	IPC	IRQ	SMI	POLL	C1	POLL%	C1%	CPU%c1	CPU%c6	CoreTmp	PkgTmp	Pkg%pc2	Pkg%pc6	PkgWatt	RAMWatt	PKG_%	RAM_%
451	16.72	2696	2502	0.66	8528	0	0	2627	0.00	83.37	83.28	0.00	55	55	0.00	0.00	175.35	29.01	0.00	0.00
451	16.71	2696	2500	0.67	8832	0	2	3079	0.00	83.30	83.29	0.00	55	55	0.00	0.00	174.82	28.28	0.00	0.00
451	16.74	2694	2499	0.66	8824	0	0	2930	0.00	83.24	83.26	0.00	55	55	0.00	0.00	174.79	28.41	0.00	0.00
451	16.71	2696	2501	0.67	8263	0	3	2442	0.00	83.32	83.29	0.00	55	55	0.00	0.00	174.68	27.76	0.00	0.00
450	16.71	2696	2500	0.66	8409	0	2	2680	0.00	83.29	83.29	0.00	56	56	0.00	0.00	175.05	28.70	0.00	0.00
450	16.71	2696	2500	0.67	8344	0	0	2570	0.00	83.30	83.29	0.00	56	56	0.00	0.00	174.83	27.60	0.00	0.00
450	16.71	2696	2500	0.67	8301	0	1	2547	0.00	83.30	83.29	0.00	56	56	0.00	0.00	174.74	27.73	0.00	0.00
450	16.70	2696	2500	0.67	8231	0	0	2445	0.00	83.30	83.30	0.00	56	56	0.00	0.00	174.60	27.80	0.00	0.00
450	16.71	2696	2500	0.67	8567	0	2	2783	0.00	83.30	83.29	0.00	56	56	0.00	0.00	174.53	27.31	0.00	0.00
450	16.71	2696	2500	0.66	8342	0	0	2536	0.00	83.30	83.29	0.00	56	56	0.00	0.00	174.83	28.17	0.00	0.00
450	16.71	2696	2500	0.66	8288	0	3	2578	0.00	83.29	83.29	0.00	56	56	0.00	0.00	174.96	28.39	0.00	0.00
451	16.71	2696	2500	0.66	8424	0	0	2634	0.00	83.30	83.29	0.00	56	56	0.00	0.00	174.89	28.65	0.00	0.00
450	16.71	2696	2500	0.66	8453	0	0	2801	0.00	83.30	83.29	0.00	56	56	0.00	0.00	174.85	28.82	0.00	0.00
451	16.71	2695	2500	0.66	8530	0	0	2804	0.00	83.29	83.29	0.00	56	56	0.00	0.00	174.86	28.62	0.00	0.00
450	16.71	2696	2500	0.66	8610	0	1	2822	0.00	83.30	83.29	0.00	56	56	0.00	0.00	175.02	28.41	0.00	0.00
450	16.71	2696	2500	0.66	8472	0	1	2669	0.00	83.29	83.29	0.00	56	56	0.00	0.00	174.91	28.79	0.00	0.00
452	16.79	2692	2500	0.67	8392	0	13	2667	0.00	83.21	83.21	0.00	56	56	0.00	0.00	175.03	28.58	0.00	0.00
451	16.71	2696	2500	0.66	8660	0	1	2841	0.00	83.30	83.29	0.00	56	56	0.00	0.00	174.95	28.65	0.00	0.00
450	16.71	2696	2500	0.66	8423	0	0	2642	0.00	83.30	83.29	0.00	56	56	0.00	0.00	175.04	29.07	0.00	0.00
450	16.71	2696	2500	0.66	8416	0	0	2612	0.00	83.30	83.29	0.00	56	56	0.00	0.00	174.93	28.82	0.00	0.00
450	16.71	2696	2500	0.66	8368	0	2	2604	0.00	83.30	83.29	0.00	56	56	0.00	0.00	175.05	29.00	0.00	0.00
451	16.71	2696	2500	0.67	8358	0	0	2579	0.00	83.30	83.29	0.00	56	56	0.00	0.00	174.80	27.71	0.00	0.00
450	16.71	2696	2500	0.66	8246	0	0	2465	0.00	83.30	83.29	0.00	56	56	0.00	0.00	175.03	28.49	0.00	0.00
450	16.71	2696	2500	0.66	8378	0	0	2560	0.00	83.29	83.29	0.00	56	56	0.00	0.00	175.09	28.77	0.00	0.00
450	16.71	2696	2500	0.66	8258	0	0	2567	0.00	83.31	83.29	0.00	56	56	0.00	0.00	175.12	28.96	0.00	0.00
450	16.71	2696	2500	0.66	9194	0	1	2711	0.00	83.30	83.29	0.00	56	56	0.00	0.00	175.31	29.09	0.00	0.00
450	16.71	2696	2500	0.65	8518	0	0	2688	0.00	83.30	83.29	0.00	56	56	0.00	0.00	175.23	29.39	0.00	0.00
450	16.70	2696	2500	0.66	8048	0	0	2328	0.00	83.30	83.30	0.00	56	56	0.00	0.00	175.10	28.61	0.00	0.00
450	16.71	2696	2500	0.66	8247	0	4	2479	0.00	83.30	83.29	0.00	56	56	0.00	0.00	175.20	29.13	0.00	0.00
450	16.71	2696	2500	0.67	8604	0	0	2796	0.00	83.30	83.29	0.00	56	56	0.00	0.00	175.23	28.04	0.00	0.00
451	16.72	2695	2500	0.66	8414	0	1	2557	0.00	83.27	83.28	0.00	57	57	0.00	0.00	175.09	28.61	0.00	0.00
451	16.71	2696	2500	0.66	8324	0	0	2578	0.00	83.31	83.29	0.00	56	56	0.00	0.00	175.42	28.73	0.00	0.00
450	16.71	2696	2500	0.65	8410	0	0	2694	0.00	83.29	83.29	0.00	56	56	0.00	0.00	175.47	29.44	0.00	0.00
450	16.71	2696	2500	0.66	8536	0	0	2777	0.00	83.30	83.29	0.00	56	56	0.00	0.00	175.35	29.03	0.00	0.00
450	16.71	2696	2500	0.66	8427	0	2	2706	0.00	83.30	83.29	0.00	56	56	0.00	0.00	175.26	28.48	0.00	0.00
450	16.71	2696	2500	0.66	8505	0	0	2705	0.00	83.30	83.29	0.00	56	56	0.00	0.00	175.30	28.32	0.00	0.00
450	16.70	2696	2500	0.65	8095	0	0	2415	0.00	83.30	83.30	0.00	57	57	0.00	0.00	175.60	29.35	0.00	0.00
450	16.70	2696	2500	0.66	8228	0	0	2482	0.00	83.30	83.30	0.00	57	57	0.00	0.00	175.33	28.57	0.00	0.00
450	16.71	2696	2500	0.67	8440	0	0	2675	0.00	83.30	83.29	0.00	56	56	0.00	0.00	175.27	27.74	0.00	0.00
450	16.71	2696	2500	0.67	8547	0	0	2679	0.00	83.30	83.29	0.00	57	57	0.00	0.00	175.26	28.03	0.00	0.00
450	16.71	2696	2500	0.67	8320	0	2	2642	0.00	83.31	83.29	0.00	57	57	0.00	0.00	175.37	27.80	0.00	0.00
450	16.71	2696	2500	0.66	8459	0	0	2741	0.00	83.28	83.29	0.00	57	57	0.00	0.00	175.28	28.93	0.00	0.00
451	16.71	2696	2500	0.67	8391	0	0	2640	0.00	83.31	83.29	0.00	57	57	0.00	0.00	175.44	28.01	0.00	0.00
450	16.71	2696	2500	0.66	8146	0	3	2423	0.00	83.30	83.29	0.00	57	57	0.00	0.00	175.29	28.50	0.00	0.00
450	16.71	2696	2500	0.65	8296	0	0	2574	0.00	83.31	83.29	0.00	56	56	0.00	0.00	175.40	29.15	0.00	0.00
450	16.71	2696	2500	0.67	8334	0	1	2565	0.00	83.28	83.29	0.00	57	57	0.00	0.00	175.41	28.21	0.00	0.00
451	16.71	2696	2500	0.66	8349	0	0	2528	0.00	83.31	83.29	0.00	57	57	0.00	0.00	175.28	28.20	0.00	0.00
450	16.71	2696	2500	0.66	8507	0	2	2641	0.00	83.29	83.29	0.00	56	57	0.00	0.00	175.37	28.61	0.00	0.00
450	16.71	2696	2500	0.67	8420	0	2	2607	0.00	83.30	83.29	0.00	57	57	0.00	0.00	175.49	28.09	0.00	0.00
450	16.70	2696	2500	0.66	8101	0	0	2318	0.00	83.30	83.30	0.00	57	57	0.00	0.00	175.33	28.53	0.00	0.00
450	16.71	2696	2500	0.65	8048	0	0	2291	0.00	83.30	83.29	0.00	57	57	0.00	0.00	175.59	29.63	0.00	0.00
451	16.71	2696	2500	0.66	8464	0	0	2676	0.00	83.29	83.29	0.00	57	57	0.00	0.00	175.41	28.86	0.00	0.00
450	16.71	2696	2500	0.67	8083	0	0	2298	0.00	83.31	83.29	0.00	57	57	0.00	0.00	174.98	27.45	0.00	0.00
438	16.40	2696	2477	0.67	8490	0	0	2676	0.00	82.84	83.60	0.00	57	57	0.00	0.00	168.72	26.97	0.00	0.00
454	16.80	2696	2506	0.67	8970	0	0	2872	0.00	83.42	83.20	0.00	57	56	0.00	0.00	177.17	27.91	0.00	0.00
444	16.51	2696	2496	0.66	8525	0	0	2519	0.00	83.36	83.49	0.00	57	57	0.00	0.00	173.43	27.51	0.00	0.00
449	16.66	2696	2503	0.66	8543	0	0	2568	0.00	83.44	83.34	0.00	56	57	0.00	0.00	175.39	28.50	0.00	0.00
447	16.61	2696	2498	0.66	8467	0	0	2477	0.00	83.31	83.39	0.00	57	57	0.00	0.00	173.99	28.18	0.00	0.00
449	16.68	2695	2499	0.66	8713	0	0	2679	0.00	83.29	83.32	0.00	57	57	0.00	0.00	175.51	28.92	0.00	0.00
448	16.65	2694	2498	0.66	8543	0	0	2447	0.00	83.30	83.35	0.00	57	57	0.00	0.00	174.94	28.91	0.00	0.00
451	16.72	2696	2501	0.66	8686	0	2	2601	0.00	83.31	83.28	0.00	57	57	0.00	0.00	175.86	29.07	0.00	0.00
450	16.67	2694	2502	0.66	8705	0	0	2594	0.00	83.40	83.33	0.00	57	57	0.00	0.00	175.71	28.53	0.00	0.00
447	16.61	2692	2498	0.66	8505	0	1	2474	0.00	83.35	83.39	0.00	57	57	0.00	0.00	174.69	28.08	0.00	0.00
449	16.67	2695	2499	0.66	8746	0	3	2651	0.00	83.29	83.33	0.00	57	57	0.00	0.00	174.93	28.22	0.00	0.00
455	16.83	2695	2507	0.66	8667	0	0	2587	0.00	83.41	83.17	0.00	57	57	0.00	0.00	176.91	28.75	0.00	0.00
449	16.65	2699	2497	0.65	8470	0	0	2509	0.00	83.27	83.35	0.00	57	57	0.00	0.00	174.82	28.47	0.00	0.00
449	16.66	2697	2500	0.65	8599	0	1	2539	0.00	83.36	83.34	0.00	57	57	0.00	0.00	175.04	28.85	0.00	0.00
447	16.61	2696	2497	0.66	8424	0	0	2451	0.00	83.28	83.39	0.00	57	57	0.00	0.00	174.50	28.08	0.00	0.00
447	16.59	2695	2499	0.67	8591	0	1	2540	0.00	83.38	83.41	0.00	57	57	0.00	0.00	174.71	27.61	0.00	0.00
448	16.64	2694	2500	0.66	8494	0	0	2454	0.00	83.35	83.36	0.00	57	57	0.00	0.00	174.80	28.63	0.00	0.00
450	16.69	2693	2503	0.66	8642	0	0	2436	0.00	83.42	83.31	0.00	57	57	0.00	0.00	175.70	28.45	0.00	0.00
450	16.70	2696	2500	0.66	8608	0	1	2561	0.00	83.30	83.30	0.00	57	57	0.00	0.00	176.13	28.66	0.00	0.00
447	16.59	2696	2497	0.66	8484	0	0	2463	0.00	83.33	83.41	0.00	57	57	0.00	0.00	173.99	27.76	0.00	0.00
451	16.72	2695	2501	0.67	8789	0	0	2635	0.00	83.34	83.28	0.00	57	57	0.00	0.00	175.80	27.53	0.00	0.00
452	16.73	2696	2502	0.67	8627	0	0	2523	0.00	83.35	83.27	0.00	57	57	0.00	0.00	176.35	27.99	0.00	0.00
448	16.65	2695	2498	0.67	8701	0	0	2529	0.00	83.30	83.35	0.00	57	57	0.00	0.00	174.28	27.88	0.00	0.00
450	16.69	2695	2500	0.66	8700	0	0	2665	0.00	83.31	83.31	0.00	57	57	0.00	0.00	175.37	28.51	0.00	0.00
449	16.67	2694	2501	0.68	8733	0	2	2544	0.00	83.36	83.33	0.00	57	57	0.00	0.00	175.40	27.05	0.00	0.00
447	16.60	2694	2497	0.68	8544	0	0	2465	0.00	83.31	83.40	0.00	57	57	0.00	0.00	173.74	26.54	0.00	0.00
450	16.70	2696	2500	0.67	8786	0	0	2651	0.00	83.29	83.30	0.00	57	57	0.00	0.00	175.31	27.78	0.00	0.00
450	16.66	2694	2504	0.67	9523	0	0	2725	0.00	83.47	83.34	0.00	57	57	0.00	0.00	176.16	28.17	0.00	0.00
448	16.63	2693	2499	0.66	8536	0	0	2416	0.00	83.34	83.37	0.00	57	57	0.00	0.00	174.44	28.37	0.00	0.00
450	16.70	2696	2500	0.66	8793	0	0	2713	0.00	83.29	83.30	0.00	57	57	0.00	0.00	175.55	28.64	0.00	0.00
448	16.65	2694	2498	0.66	8562	0	1	2474	0.00	83.29	83.35	0.00	57	57	0.00	0.00	174.77	28.24	0.00	0.00
450	16.70	2696	2500	0.66	8659	0	2	2554	0.00	83.30	83.30	0.00	57	57	0.00	0.00	175.41	28.41	0.00	0.00
451	16.73	2696	2502	0.66	8775	0	1	2672	0.00	83.33	83.27	0.00	57	57	0.00	0.00	175.88	28.54	0.00	0.00
448	16.62	2696	2502	0.66	8762	0	0	2649	0.00	83.45	83.38	0.00	57	57	0.00	0.00	175.63	28.11	0.00	0.00
448	16.65	2696	2497	0.67	8684	0	0	2596	0.00	83.25	83.35	0.00	57	57	0.00	0.00	174.44	27.60	0.00	0.00
452	16.73	2696	2503	0.66	8687	0	1	2553	0.00	83.37	83.27	0.00	57	57	0.00	0.00	175.78	28.18	0.00	0.00
448	16.64	2696	2499	0.66	8244	0	0	2251	0.00	83.34	83.36	0.00	57	57	0.00	0.00	174.92	28.17	0.00	0.00
449	16.65	2695	2500	0.66	8595	0	0	2507	0.00	83.34	83.35	0.00	58	57	0.00	0.00	175.04	28.18	0.00	0.00
449	16.66	2696	2500	0.67	8601	0	0	2511	0.00	83.36	83.34	0.00	57	57	0.00	0.00	175.12	27.42	0.00	0.00
449	16.65	2694	2500	0.67	8619	0	0	2525	0.00	83.35	83.35	0.00	57	57	0.00	0.00	174.67	27.55	0.00	0.00
447	16.59	2695	2497	0.67	8705	0	0	2578	0.00	83.32	83.41	0.00	57	57	0.00	0.00	174.70	27.72	0.00	0.00
453	16.76	2696	2504	0.67	8524	0	0	2344	0.00	83.39	83.24	0.00	57	57	0.00	0.00	176.50	27.77	0.00	0.00
449	16.67	2696	2498	0.67	8658	0	0	2568	0.00	83.29	83.33	0.00	57	57	0.00	0.00	174.89	27.79	0.00	0.00
449	16.67	2695	2500	0.66	8681	0	0	2659	0.00	83.33	83.33	0.00	57	57	0.00	0.00	175.85	28.27	0.00	0.00
449	16.65	2697	2501	0.66	8752	0	0	2712	0.00	83.39	83.35	0.00	57	57	0.00	0.00	175.77	28.60	0.00	0.00
448	16.64	2696	2498	0.67	8738	0	0	2737	0.00	83.30	83.36	0.00	57	57	0.00	0.00	173.93	27.67	0.00	0.00
449	16.67	2696	2498	0.67	8763	0	0	2666	0.00	83.28	83.33	0.00	57	57	0.00	0.00	174.82	27.71	0.00	0.00
453	16.76	2696	2505	0.67	8792	0	0	2635	0.00	83.39	83.24	0.00	57	57	0.00	0.00	176.01	28.15	0.00	0.00
446	16.60	2694	2495	0.67	8771	0	0	2741	0.00	83.25	83.40	0.00	57	57	0.00	0.00	174.50	27.27	0.00	0.00
451	16.72	2696	2501	0.66	8796	0	0	2633	0.00	83.32	83.28	0.00	57	57	0.00	0.00	176.03	28.67	0.00	0.00
446	16.56	2693	2498	0.66	6689	0	0	2373	0.00	83.39	83.44	0.00	57	57	0.00	0.00	174.45	28.25	0.00	0.00
