Avg_MHz	Busy%	Bzy_MHz	TSC_MHz	IPC	IRQ	SMI	POLL	C1	POLL%	C1%	CPU%c1	CPU%c6	CoreTmp	PkgTmp	Pkg%pc2	Pkg%pc6	PkgWatt	RAMWatt	PKG_%	RAM_%
402	16.75	2396	2503	0.51	6919	0	0	2510	0.00	83.37	83.25	0.00	54	54	0.00	0.00	172.23	41.47	0.00	0.00
401	16.72	2396	2500	0.51	6824	0	0	2664	0.00	83.29	83.28	0.00	53	53	0.00	0.00	171.92	41.28	0.00	0.00
401	16.73	2396	2500	0.51	6778	0	2	2556	0.00	83.28	83.27	0.00	53	53	0.00	0.00	171.63	41.26	0.00	0.00
401	16.73	2396	2500	0.51	7161	0	2	2940	0.00	83.28	83.27	0.00	54	54	0.00	0.00	171.53	41.30	0.00	0.00
401	16.73	2396	2500	0.51	6835	0	3	2643	0.00	83.28	83.27	0.00	54	53	0.00	0.00	171.68	41.29	0.00	0.00
401	16.73	2396	2500	0.51	7064	0	0	2865	0.00	83.28	83.27	0.00	54	54	0.00	0.00	171.71	41.31	0.00	0.00
401	16.72	2396	2500	0.51	6726	0	0	2591	0.00	83.28	83.28	0.00	54	54	0.00	0.00	171.76	41.37	0.00	0.00
401	16.72	2397	2500	0.50	6592	0	2	2420	0.00	83.29	83.28	0.00	54	54	0.00	0.00	171.24	41.41	0.00	0.00
401	16.72	2397	2500	0.51	6626	0	0	2422	0.00	83.29	83.28	0.00	54	54	0.00	0.00	171.47	41.43	0.00	0.00
401	16.72	2397	2500	0.51	6633	0	0	2446	0.00	83.28	83.28	0.00	54	54	0.00	0.00	171.80	41.40	0.00	0.00
401	16.73	2397	2500	0.51	6964	0	0	2359	0.00	83.28	83.27	0.00	54	54	0.00	0.00	171.72	41.35	0.00	0.00
401	16.72	2396	2500	0.51	6820	0	0	2588	0.00	83.28	83.28	0.00	54	54	0.00	0.00	171.80	41.39	0.00	0.00
401	16.73	2396	2500	0.51	7136	0	0	2731	0.00	83.28	83.27	0.00	54	54	0.00	0.00	171.85	41.28	0.00	0.00
401	16.72	2396	2500	0.51	7227	0	0	2628	0.00	83.28	83.28	0.00	54	54	0.00	0.00	171.79	41.27	0.00	0.00
401	16.72	2396	2500	0.51	6749	0	0	2577	0.00	83.28	83.28	0.00	54	54	0.00	0.00	172.01	41.33	0.00	0.00
401	16.73	2396	2500	0.51	7292	0	0	2792	0.00	83.28	83.27	0.00	54	54	0.00	0.00	171.71	41.30	0.00	0.00
401	16.73	2396	2500	0.51	6957	0	0	2720	0.00	83.28	83.27	0.00	54	54	0.00	0.00	172.02	41.34	0.00	0.00
401	16.72	2396	2500	0.51	6794	0	0	2609	0.00	83.28	83.28	0.00	54	54	0.00	0.00	172.25	41.36	0.00	0.00
401	16.72	2396	2500	0.51	6687	0	0	2493	0.00	83.28	83.28	0.00	54	54	0.00	0.00	171.97	41.33	0.00	0.00
401	16.73	2396	2500	0.51	6923	0	1	2783	0.00	83.28	83.27	0.00	54	54	0.00	0.00	172.12	41.36	0.00	0.00
401	16.72	2397	2500	0.51	6432	0	0	2243	0.00	83.28	83.28	0.00	55	55	0.00	0.00	171.78	41.30	0.00	0.00
401	16.72	2397	2500	0.51	6674	0	0	2469	0.00	83.28	83.28	0.00	55	55	0.00	0.00	171.75	41.27	0.00	0.00
401	16.72	2396	2500	0.51	6747	0	0	2514	0.00	83.29	83.28	0.00	55	55	0.00	0.00	171.66	41.25	0.00	0.00
401	16.72	2396	2500	0.51	6732	0	0	2670	0.00	83.28	83.28	0.00	54	54	0.00	0.00	171.71	41.23	0.00	0.00
401	16.72	2396	2500	0.51	6716	0	0	2528	0.00	83.28	83.28	0.00	55	55	0.00	0.00	171.79	41.40	0.00	0.00
401	16.73	2396	2500	0.51	7116	0	0	2916	0.00	83.27	83.27	0.00	55	55	0.00	0.00	171.72	41.26	0.00	0.00
401	16.73	2396	2500	0.51	6991	0	0	2757	0.00	83.29	83.27	0.00	55	55	0.00	0.00	171.81	41.27	0.00	0.00
401	16.72	2396	2500	0.51	6784	0	0	2621	0.00	83.28	83.28	0.00	55	55	0.00	0.00	171.91	41.24	0.00	0.00
401	16.72	2396	2500	0.50	6592	0	0	2402	0.00	83.28	83.28	0.00	55	55	0.00	0.00	171.98	41.32	0.00	0.00
401	16.72	2396	2500	0.51	6847	0	2	2612	0.00	83.28	83.28	0.00	55	55	0.00	0.00	171.47	41.27	0.00	0.00
401	16.73	2397	2500	0.51	6676	0	0	2508	0.00	83.28	83.27	0.00	55	55	0.00	0.00	171.97	41.22	0.00	0.00
401	16.73	2396	2500	0.51	7021	0	2	2821	0.00	83.28	83.27	0.00	55	55	0.00	0.00	171.65	41.27	0.00	0.00
401	16.72	2397	2500	0.51	6627	0	0	2446	0.00	83.28	83.28	0.00	55	55	0.00	0.00	171.66	41.21	0.00	0.00
401	16.72	2397	2500	0.51	6440	0	2	2273	0.00	83.28	83.28	0.00	55	55	0.00	0.00	171.54	41.19	0.00	0.00
401	16.74	2395	2500	0.51	6828	0	1	2570	0.00	83.25	83.26	0.00	55	55	0.00	0.00	171.70	41.28	0.00	0.00
401	16.73	2396	2500	0.51	6864	0	0	2737	0.00	83.29	83.27	0.00	55	55	0.00	0.00	171.99	41.32	0.00	0.00
401	16.73	2396	2500	0.51	6769	0	2	2572	0.00	83.28	83.27	0.00	55	55	0.00	0.00	171.56	41.24	0.00	0.00
401	16.72	2397	2500	0.51	6514	0	0	2354	0.00	83.28	83.28	0.00	55	55	0.00	0.00	171.83	41.28	0.00	0.00
401	16.73	2396	2500	0.51	6878	0	0	2670	0.00	83.28	83.27	0.00	55	55	0.00	0.00	171.67	41.27	0.00	0.00
401	16.73	2396	2500	0.51	7058	0	0	2876	0.00	83.27	83.27	0.00	55	55	0.00	0.00	171.58	41.22	0.00	0.00
401	16.73	2396	2500	0.51	6957	0	0	2756	0.00	83.28	83.27	0.00	56	56	0.00	0.00	171.60	41.20	0.00	0.00
401	16.73	2396	2500	0.51	6896	0	0	2724	0.00	83.28	83.27	0.00	55	55	0.00	0.00	171.56	41.28	0.00	0.00
401	16.72	2396	2500	0.51	6745	0	1	2533	0.00	83.28	83.28	0.00	56	56	0.00	0.00	171.46	41.21	0.00	0.00
401	16.73	2396	2500	0.51	6898	0	3	2737	0.00	83.28	83.27	0.00	56	56	0.00	0.00	171.41	41.19	0.00	0.00
401	16.72	2396	2500	0.51	6780	0	0	2617	0.00	83.28	83.28	0.00	55	55	0.00	0.00	171.94	41.26	0.00	0.00
401	16.72	2396	2500	0.51	6584	0	0	2360	0.00	83.29	83.28	0.00	55	55	0.00	0.00	171.64	41.27	0.00	0.00
401	16.72	2396	2500	0.51	6617	0	0	2372	0.00	83.28	83.28	0.00	56	56	0.00	0.00	171.69	41.30	0.00	0.00
401	16.73	2396	2500	0.51	6944	0	2	2796	0.00	83.28	83.27	0.00	56	56	0.00	0.00	171.90	41.24	0.00	0.00
401	16.73	2396	2500	0.51	6883	0	0	2708	0.00	83.28	83.27	0.00	55	55	0.00	0.00	171.68	41.21	0.00	0.00
401	16.73	2396	2500	0.50	6927	0	0	2741	0.00	83.27	83.27	0.00	55	55	0.00	0.00	171.67	41.27	0.00	0.00
390	16.44	2395	2477	0.51	6608	0	1	2426	0.00	82.80	83.56	0.00	55	55	0.00	0.00	165.40	39.62	0.00	0.00
401	16.72	2397	2500	0.51	6904	0	0	2673	0.00	83.30	83.28	0.00	56	56	0.00	0.00	172.05	41.30	0.00	0.00
401	16.72	2397	2500	0.51	6820	0	0	2413	0.00	83.29	83.28	0.00	55	55	0.00	0.00	171.64	41.21	0.00	0.00
401	16.72	2397	2500	0.51	6949	0	0	2714	0.00	83.29	83.28	0.00	55	55	0.00	0.00	171.68	41.21	0.00	0.00
401	16.72	2397	2500	0.51	6800	0	0	2368	0.00	83.29	83.28	0.00	56	56	0.00	0.00	171.58	41.16	0.00	0.00
401	16.71	2397	2500	0.51	6957	0	0	2341	0.00	83.29	83.29	0.00	56	56	0.00	0.00	171.70	41.10	0.00	0.00
401	16.72	2397	2500	0.51	6947	0	0	2394	0.00	83.29	83.28	0.00	55	55	0.00	0.00	171.58	41.17	0.00	0.00
401	16.72	2397	2500	0.51	6827	0	0	2621	0.00	83.29	83.28	0.00	56	56	0.00	0.00	171.78	41.19	0.00	0.00
401	16.72	2397	2500	0.51	6708	0	0	2428	0.00	83.29	83.28	0.00	56	56	0.00	0.00	171.43	41.16	0.00	0.00
401	16.74	2396	2499	0.51	6682	0	0	2369	0.00	83.25	83.26	0.00	56	56	0.00	0.00	171.24	41.16	0.00	0.00
401	16.72	2397	2500	0.51	6848	0	0	2587	0.00	83.30	83.28	0.00	56	56	0.00	0.00	171.62	41.16	0.00	0.00
401	16.72	2397	2500	0.51	6651	0	0	2445	0.00	83.29	83.28	0.00	56	56	0.00	0.00	172.18	41.21	0.00	0.00
401	16.72	2397	2500	0.51	6777	0	0	2526	0.00	83.29	83.28	0.00	56	56	0.00	0.00	171.53	41.08	0.00	0.00
401	16.72	2397	2500	0.51	6806	0	0	2596	0.00	83.28	83.28	0.00	56	56	0.00	0.00	171.87	41.20	0.00	0.00
401	16.72	2397	2500	0.51	6776	0	0	2512	0.00	83.29	83.28	0.00	56	56	0.00	0.00	171.86	41.21	0.00	0.00
401	16.72	2397	2500	0.51	6921	0	0	2704	0.00	83.28	83.28	0.00	56	56	0.00	0.00	171.53	41.24	0.00	0.00
401	16.72	2397	2500	0.51	6551	0	0	2289	0.00	83.29	83.28	0.00	56	56	0.00	0.00	172.13	41.28	0.00	0.00
401	16.72	2397	2500	0.51	6861	0	0	2641	0.00	83.29	83.28	0.00	56	56	0.00	0.00	171.87	41.29	0.00	0.00
401	16.72	2397	2500	0.51	6828	0	2	2560	0.00	83.28	83.28	0.00	56	56	0.00	0.00	171.84	41.30	0.00	0.00
401	16.72	2397	2500	0.50	6521	0	0	2344	0.00	83.29	83.28	0.00	56	56	0.00	0.00	171.39	41.37	0.00	0.00
401	16.77	2393	2499	0.51	6936	0	1	2636	0.00	83.19	83.23	0.00	56	56	0.00	0.00	171.79	41.33	0.00	0.00
401	16.72	2397	2501	0.51	6675	0	0	2441	0.00	83.31	83.28	0.00	56	56	0.00	0.00	172.21	41.36	0.00	0.00
401	16.72	2397	2500	0.51	6587	0	0	2372	0.00	83.29	83.28	0.00	56	56	0.00	0.00	171.88	41.32	0.00	0.00
401	16.72	2397	2500	0.51	6935	0	0	2700	0.00	83.29	83.28	0.00	56	56	0.00	0.00	171.60	41.35	0.00	0.00
401	16.72	2397	2500	0.51	6797	0	0	2534	0.00	83.29	83.28	0.00	56	56	0.00	0.00	171.93	41.31	0.00	0.00
401	16.72	2397	2500	0.51	6702	0	0	2486	0.00	83.29	83.28	0.00	57	57	0.00	0.00	171.90	41.39	0.00	0.00
401	16.72	2397	2500	0.51	6754	0	0	2504	0.00	83.29	83.28	0.00	56	56	0.00	0.00	171.77	41.37	0.00	0.00
401	16.72	2397	2500	0.51	6786	0	0	2559	0.00	83.28	83.28	0.00	56	56	0.00	0.00	171.66	41.38	0.00	0.00
401	16.72	2397	2500	0.51	6892	0	0	2643	0.00	83.29	83.28	0.00	56	56	0.00	0.00	171.84	41.35	0.00	0.00
401	16.72	2397	2500	0.51	6504	0	0	2290	0.00	83.29	83.28	0.00	56	56	0.00	0.00	171.83	41.29	0.00	0.00
401	16.72	2397	2500	0.51	7033	0	0	2765	0.00	83.29	83.28	0.00	57	57	0.00	0.00	171.58	41.28	0.00	0.00
401	16.72	2397	2500	0.51	6751	0	0	2539	0.00	83.29	83.28	0.00	56	56	0.00	0.00	171.66	41.31	0.00	0.00
401	16.73	2396	2500	0.51	7014	0	0	2780	0.00	83.28	83.27	0.00	56	56	0.00	0.00	171.86	41.19	0.00	0.00
401	16.72	2397	2500	0.51	7200	0	0	2968	0.00	83.29	83.28	0.00	57	57	0.00	0.00	171.70	41.21	0.00	0.00
401	16.72	2397	2500	0.51	6718	0	0	2444	0.00	83.29	83.28	0.00	56	56	0.00	0.00	171.60	41.22	0.00	0.00
401	16.72	2397	2500	0.51	6729	0	0	2515	0.00	83.29	83.28	0.00	57	57	0.00	0.00	171.75	41.19	0.00	0.00
401	16.72	2397	2500	0.51	6798	0	0	2535	0.00	83.29	83.28	0.00	57	57	0.00	0.00	171.86	41.26	0.00	0.00
401	16.72	2397	2500	0.51	6644	0	0	2422	0.00	83.28	83.28	0.00	57	57	0.00	0.00	171.97	41.31	0.00	0.00
401	16.72	2397	2500	0.51	6746	0	0	2533	0.00	83.28	83.28	0.00	57	57	0.00	0.00	172.00	41.28	0.00	0.00
401	16.72	2397	2500	0.50	6629	0	0	2440	0.00	83.29	83.28	0.00	57	57	0.00	0.00	172.09	41.31	0.00	0.00
401	16.72	2397	2500	0.51	6967	0	0	2536	0.00	83.29	83.28	0.00	57	57	0.00	0.00	171.87	41.27	0.00	0.00
401	16.72	2397	2500	0.51	7050	0	0	2789	0.00	83.28	83.28	0.00	57	57	0.00	0.00	171.69	41.24	0.00	0.00
401	16.72	2397	2500	0.51	6814	0	0	2378	0.00	83.29	83.28	0.00	57	57	0.00	0.00	171.68	41.24	0.00	0.00
401	16.71	2397	2500	0.51	6827	0	0	2214	0.00	83.29	83.29	0.00	57	57	0.00	0.00	172.12	41.34	0.00	0.00
401	16.72	2397	2500	0.51	7209	0	0	2637	0.00	83.29	83.28	0.00	57	57	0.00	0.00	172.15	41.29	0.00	0.00
401	16.72	2397	2500	0.51	6713	0	0	2516	0.00	83.29	83.28	0.00	57	57	0.00	0.00	172.12	41.28	0.00	0.00
401	16.72	2397	2500	0.51	7000	0	0	2725	0.00	83.28	83.28	0.00	57	57	0.00	0.00	172.01	41.19	0.00	0.00
401	16.72	2397	2500	0.51	6868	0	0	2661	0.00	83.28	83.28	0.00	57	57	0.00	0.00	171.93	41.26	0.00	0.00
401	16.72	2396	2500	0.51	6848	0	0	2644	0.00	83.29	83.28	0.00	57	57	0.00	0.00	171.70	41.27	0.00	0.00
401	16.72	2396	2500	0.51	7007	0	0	2778	0.00	83.28	83.28	0.00	57	57	0.00	0.00	171.86	41.19	0.00	0.00
401	16.72	2396	2500	0.51	7106	0	0	2848	0.00	83.29	83.28	0.00	57	57	0.00	0.00	171.59	41.22	0.00	0.00
401	16.73	2396	2500	0.51	5653	0	0	2385	0.00	83.28	83.27	0.00	57	57	0.00	0.00	171.49	41.18	0.00	0.00
