Avg_MHz	Busy%	Bzy_MHz	TSC_MHz	IPC	IRQ	SMI	POLL	C1	POLL%	C1%	CPU%c1	CPU%c6	CoreTmp	PkgTmp	Pkg%pc2	Pkg%pc6	PkgWatt	RAMWatt	PKG_%	RAM_%
29	1.09	2642	2503	0.46	2136	0	0	1933	0.00	99.04	98.91	0.00	47	47	0.00	0.00	112.49	24.32	0.00	0.00
29	1.09	2641	2500	0.46	2260	0	0	2117	0.00	98.93	98.91	0.00	47	47	0.00	0.00	112.35	24.20	0.00	0.00
29	1.09	2631	2500	0.45	2320	0	0	2184	0.00	98.90	98.91	0.00	47	47	0.00	0.00	112.39	24.24	0.00	0.00
29	1.08	2643	2500	0.46	2254	0	0	2100	0.00	98.94	98.92	0.00	46	46	0.00	0.00	112.21	24.22	0.00	0.00
29	1.11	2612	2500	0.46	2329	0	1	2087	0.00	98.88	98.89	0.00	47	47	0.00	0.00	112.35	24.28	0.00	0.00
29	1.09	2634	2500	0.47	2209	0	0	2050	0.00	98.93	98.91	0.00	46	46	0.00	0.00	112.33	24.25	0.00	0.00
29	1.08	2641	2500	0.45	2187	0	0	2038	0.00	98.92	98.92	0.00	46	46	0.00	0.00	112.28	24.20	0.00	0.00
29	1.08	2649	2500	0.45	2114	0	0	1974	0.00	98.92	98.92	0.00	46	46	0.00	0.00	112.17	24.20	0.00	0.00
29	1.08	2645	2500	0.46	2096	0	0	1944	0.00	98.92	98.92	0.00	47	47	0.00	0.00	112.31	24.23	0.00	0.00
29	1.08	2647	2500	0.45	1906	0	0	1752	0.00	98.92	98.92	0.00	47	47	0.00	0.00	112.24	24.19	0.00	0.00
29	1.09	2641	2500	0.46	2279	0	0	2112	0.00	98.93	98.91	0.00	46	46	0.00	0.00	112.41	24.22	0.00	0.00
29	1.08	2646	2500	0.46	2098	0	0	1943	0.00	98.92	98.92	0.00	47	47	0.00	0.00	112.39	24.16	0.00	0.00
29	1.08	2643	2500	0.46	2166	0	0	2015	0.00	98.92	98.92	0.00	46	46	0.00	0.00	112.44	24.15	0.00	0.00
29	1.08	2643	2500	0.46	2187	0	1	2031	0.00	98.91	98.92	0.00	46	46	0.00	0.00	112.27	24.21	0.00	0.00
29	1.09	2634	2499	0.45	2148	0	0	1995	0.00	98.89	98.91	0.00	46	46	0.00	0.00	112.32	24.16	0.00	0.00
29	1.12	2606	2500	0.46	2539	0	19	2388	0.00	98.90	98.88	0.00	47	47	0.00	0.00	112.69	24.20	0.00	0.00
29	1.08	2645	2500	0.45	1901	0	0	1750	0.00	98.93	98.92	0.00	47	47	0.00	0.00	112.31	24.17	0.00	0.00
29	1.08	2645	2500	0.46	2167	0	0	2008	0.00	98.92	98.92	0.00	46	46	0.00	0.00	112.20	24.18	0.00	0.00
29	1.08	2643	2500	0.46	2219	0	0	2054	0.00	98.92	98.92	0.00	47	47	0.00	0.00	112.33	24.17	0.00	0.00
29	1.08	2645	2500	0.46	2139	0	0	1982	0.00	98.91	98.92	0.00	46	46	0.00	0.00	112.24	24.14	0.00	0.00
29	1.08	2642	2500	0.46	2181	0	0	2024	0.00	98.92	98.92	0.00	46	46	0.00	0.00	112.32	24.18	0.00	0.00
29	1.08	2643	2500	0.46	2190	0	1	2029	0.00	98.92	98.92	0.00	47	47	0.00	0.00	112.20	24.18	0.00	0.00
29	1.08	2642	2500	0.45	2105	0	0	1943	0.00	98.92	98.92	0.00	46	46	0.00	0.00	112.20	24.19	0.00	0.00
29	1.08	2655	2500	0.46	1743	0	0	1600	0.00	98.92	98.92	0.00	47	47	0.00	0.00	112.19	24.19	0.00	0.00
29	1.09	2634	2500	0.45	2154	0	2	2007	0.00	98.91	98.91	0.00	46	46	0.00	0.00	112.34	24.26	0.00	0.00
29	1.08	2647	2500	0.46	2067	0	0	1908	0.00	98.93	98.92	0.00	46	46	0.00	0.00	112.34	24.21	0.00	0.00
29	1.08	2646	2500	0.46	2015	0	0	1861	0.00	98.92	98.92	0.00	46	46	0.00	0.00	112.29	24.21	0.00	0.00
29	1.08	2644	2500	0.46	2197	0	0	2044	0.00	98.92	98.92	0.00	46	46	0.00	0.00	112.36	24.24	0.00	0.00
29	1.09	2641	2500	0.46	2243	0	0	2089	0.00	98.92	98.91	0.00	46	46	0.00	0.00	112.25	24.22	0.00	0.00
29	1.08	2646	2500	0.46	2099	0	0	1952	0.00	98.92	98.92	0.00	47	47	0.00	0.00	112.34	24.35	0.00	0.00
29	1.09	2638	2500	0.45	2341	0	0	2189	0.00	98.92	98.91	0.00	47	47	0.00	0.00	112.29	24.26	0.00	0.00
29	1.08	2643	2500	0.45	2094	0	0	1947	0.00	98.92	98.92	0.00	46	46	0.00	0.00	112.17	24.23	0.00	0.00
29	1.08	2647	2500	0.46	2160	0	0	2005	0.00	98.92	98.92	0.00	46	46	0.00	0.00	112.23	24.24	0.00	0.00
29	1.08	2644	2500	0.46	2271	0	0	2113	0.00	98.92	98.92	0.00	46	46	0.00	0.00	112.24	24.23	0.00	0.00
29	1.09	2636	2500	0.46	2220	0	0	2061	0.00	98.91	98.91	0.00	46	46	0.00	0.00	112.23	24.28	0.00	0.00
29	1.08	2645	2500	0.46	2053	0	0	1912	0.00	98.93	98.92	0.00	46	46	0.00	0.00	112.24	24.25	0.00	0.00
29	1.08	2643	2500	0.45	2050	0	0	1903	0.00	98.91	98.92	0.00	47	47	0.00	0.00	112.11	24.24	0.00	0.00
29	1.08	2644	2500	0.46	2134	0	0	1980	0.00	98.93	98.92	0.00	46	46	0.00	0.00	112.23	24.18	0.00	0.00
29	1.12	2596	2499	0.46	2448	0	0	2219	0.00	98.86	98.88	0.00	46	46	0.00	0.00	112.20	24.18	0.00	0.00
29	1.08	2642	2501	0.45	2066	0	0	1936	0.00	98.94	98.92	0.00	46	46	0.00	0.00	112.27	24.28	0.00	0.00
29	1.08	2647	2500	0.46	2126	0	0	1987	0.00	98.92	98.92	0.00	46	46	0.00	0.00	112.24	24.29	0.00	0.00
29	1.08	2644	2500	0.46	2195	0	0	2059	0.00	98.92	98.92	0.00	46	46	0.00	0.00	112.29	24.33	0.00	0.00
29	1.10	2614	2500	0.45	2290	0	0	2144	0.00	98.89	98.90	0.00	46	46	0.00	0.00	112.19	24.25	0.00	0.00
29	1.10	2619	2499	0.46	2273	0	0	2164	0.00	98.88	98.90	0.00	47	47	0.00	0.00	112.22	24.26	0.00	0.00
29	1.12	2608	2501	0.49	2160	0	1	2045	0.00	98.91	98.88	0.00	46	46	0.00	0.00	112.62	24.24	0.00	0.00
29	1.08	2643	2500	0.46	2251	0	0	2084	0.00	98.93	98.92	0.00	47	47	0.00	0.00	112.20	24.25	0.00	0.00
29	1.08	2643	2500	0.46	2115	0	0	1960	0.00	98.92	98.92	0.00	47	47	0.00	0.00	112.14	24.25	0.00	0.00
29	1.09	2634	2500	0.45	2237	0	0	2110	0.00	98.91	98.91	0.00	46	46	0.00	0.00	112.20	24.24	0.00	0.00
29	1.09	2644	2500	0.46	2084	0	0	1949	0.00	98.92	98.91	0.00	46	46	0.00	0.00	112.18	24.27	0.00	0.00
29	1.09	2643	2500	0.46	2241	0	0	2076	0.00	98.93	98.91	0.00	47	47	0.00	0.00	112.20	24.27	0.00	0.00
29	1.08	2643	2500	0.45	2020	0	0	1862	0.00	98.92	98.92	0.00	46	46	0.00	0.00	112.18	24.24	0.00	0.00
29	1.08	2644	2500	0.46	2133	0	0	1974	0.00	98.92	98.92	0.00	46	46	0.00	0.00	112.22	24.24	0.00	0.00
29	1.08	2644	2500	0.46	2057	0	0	1901	0.00	98.92	98.92	0.00	46	46	0.00	0.00	112.12	24.23	0.00	0.00
29	1.09	2642	2500	0.46	2234	0	0	2076	0.00	98.92	98.91	0.00	47	47	0.00	0.00	112.23	24.25	0.00	0.00
29	1.09	2637	2500	0.47	2049	0	0	1903	0.00	98.91	98.91	0.00	46	46	0.00	0.00	112.21	24.25	0.00	0.00
29	1.08	2642	2500	0.45	2200	0	0	2040	0.00	98.93	98.92	0.00	47	47	0.00	0.00	112.14	24.27	0.00	0.00
29	1.09	2642	2500	0.46	2128	0	0	1984	0.00	98.91	98.91	0.00	46	46	0.00	0.00	112.14	24.26	0.00	0.00
29	1.09	2641	2500	0.45	2180	0	0	2016	0.00	98.92	98.91	0.00	46	46	0.00	0.00	112.23	24.31	0.00	0.00
29	1.08	2647	2500	0.46	1969	0	0	1819	0.00	98.92	98.92	0.00	46	46	0.00	0.00	112.05	24.28	0.00	0.00
29	1.08	2644	2500	0.46	2169	0	0	2009	0.00	98.92	98.92	0.00	46	46	0.00	0.00	112.17	24.24	0.00	0.00
29	1.08	2643	2500	0.46	2093	0	0	1944	0.00	98.92	98.92	0.00	47	47	0.00	0.00	112.20	24.32	0.00	0.00
29	1.08	2643	2500	0.46	2136	0	0	1981	0.00	98.92	98.92	0.00	46	46	0.00	0.00	112.19	24.33	0.00	0.00
29	1.08	2643	2500	0.46	2089	0	0	1939	0.00	98.92	98.92	0.00	46	46	0.00	0.00	112.11	24.23	0.00	0.00
29	1.08	2642	2500	0.45	2199	0	0	2046	0.00	98.92	98.92	0.00	46	46	0.00	0.00	112.11	24.22	0.00	0.00
29	1.09	2641	2500	0.46	2074	0	0	1920	0.00	98.91	98.91	0.00	47	47	0.00	0.00	112.05	24.24	0.00	0.00
29	1.10	2615	2499	0.45	2108	0	0	1873	0.00	98.87	98.90	0.00	46	46	0.00	0.00	112.19	24.25	0.00	0.00
29	1.09	2644	2501	0.46	2164	0	0	2007	0.00	98.95	98.91	0.00	46	46	0.00	0.00	112.24	24.30	0.00	0.00
29	1.08	2643	2500	0.46	2259	0	0	2111	0.00	98.92	98.92	0.00	46	46	0.00	0.00	112.27	24.35	0.00	0.00
29	1.08	2644	2500	0.46	2026	0	0	1873	0.00	98.92	98.92	0.00	46	46	0.00	0.00	112.25	24.29	0.00	0.00
29	1.08	2642	2500	0.46	2210	0	0	2049	0.00	98.92	98.92	0.00	47	47	0.00	0.00	112.23	24.30	0.00	0.00
29	1.09	2637	2500	0.46	2336	0	0	2090	0.00	98.91	98.91	0.00	47	47	0.00	0.00	112.17	24.32	0.00	0.00
29	1.08	2641	2500	0.45	2134	0	0	1981	0.00	98.93	98.92	0.00	46	46	0.00	0.00	112.24	24.35	0.00	0.00
29	1.08	2641	2500	0.45	2126	0	0	1977	0.00	98.92	98.92	0.00	46	46	0.00	0.00	112.18	24.33	0.00	0.00
29	1.08	2648	2500	0.46	2177	0	0	2019	0.00	98.93	98.92	0.00	46	46	0.00	0.00	112.17	24.34	0.00	0.00
29	1.09	2637	2500	0.46	2133	0	0	1966	0.00	98.91	98.91	0.00	46	46	0.00	0.00	112.17	24.29	0.00	0.00
29	1.08	2643	2500	0.46	2257	0	0	2095	0.00	98.92	98.92	0.00	46	46	0.00	0.00	112.17	24.31	0.00	0.00
29	1.08	2642	2500	0.46	2121	0	1	1971	0.00	98.92	98.92	0.00	46	46	0.00	0.00	112.15	24.31	0.00	0.00
29	1.08	2641	2500	0.45	2251	0	0	2105	0.00	98.93	98.92	0.00	46	46	0.00	0.00	112.19	24.29	0.00	0.00
29	1.08	2643	2500	0.46	2117	0	1	1967	0.00	98.92	98.92	0.00	46	46	0.00	0.00	112.09	24.25	0.00	0.00
29	1.08	2643	2500	0.46	2198	0	1	2043	0.00	98.92	98.92	0.00	46	46	0.00	0.00	112.19	24.30	0.00	0.00
30	1.17	2542	2499	0.46	2480	0	2	1947	0.00	98.80	98.83	0.00	47	47	0.00	0.00	112.24	24.27	0.00	0.00
29	1.09	2645	2501	0.45	2122	0	0	1989	0.00	98.95	98.91	0.00	46	46	0.00	0.00	112.25	24.28	0.00	0.00
29	1.09	2643	2500	0.46	2169	0	0	2014	0.00	98.91	98.91	0.00	46	46	0.00	0.00	112.17	24.28	0.00	0.00
29	1.09	2635	2500	0.45	2111	0	0	1967	0.00	98.92	98.91	0.00	47	47	0.00	0.00	112.09	24.30	0.00	0.00
29	1.08	2643	2500	0.46	2168	0	0	2012	0.00	98.92	98.92	0.00	46	46	0.00	0.00	112.20	24.31	0.00	0.00
29	1.08	2644	2500	0.46	2113	0	1	1957	0.00	98.92	98.92	0.00	47	47	0.00	0.00	112.21	24.30	0.00	0.00
29	1.08	2643	2500	0.46	2114	0	0	1961	0.00	98.92	98.92	0.00	46	46	0.00	0.00	112.12	24.35	0.00	0.00
29	1.08	2644	2500	0.46	2182	0	0	2033	0.00	98.92	98.92	0.00	46	46	0.00	0.00	112.20	24.32	0.00	0.00
29	1.08	2641	2500	0.45	2132	0	0	1980	0.00	98.92	98.92	0.00	46	46	0.00	0.00	112.16	24.30	0.00	0.00
29	1.08	2648	2500	0.45	2139	0	1	1980	0.00	98.92	98.92	0.00	46	46	0.00	0.00	112.12	24.30	0.00	0.00
29	1.08	2643	2500	0.45	1994	0	0	1848	0.00	98.92	98.92	0.00	46	46	0.00	0.00	112.18	24.31	0.00	0.00
29	1.08	2645	2500	0.46	2181	0	0	2022	0.00	98.92	98.92	0.00	47	47	0.00	0.00	112.15	24.30	0.00	0.00
29	1.08	2644	2500	0.46	2085	0	0	1929	0.00	98.92	98.92	0.00	46	46	0.00	0.00	112.17	24.30	0.00	0.00
29	1.09	2638	2500	0.47	2089	0	0	1948	0.00	98.91	98.91	0.00	47	47	0.00	0.00	112.27	24.32	0.00	0.00
29	1.09	2635	2500	0.47	2221	0	0	2112	0.00	98.91	98.91	0.00	46	46	0.00	0.00	112.26	24.32	0.00	0.00
29	1.08	2643	2500	0.46	2159	0	0	2019	0.00	98.92	98.92	0.00	46	46	0.00	0.00	112.34	24.36	0.00	0.00
29	1.09	2638	2500	0.45	2279	0	0	2129	0.00	98.92	98.91	0.00	47	47	0.00	0.00	112.26	24.28	0.00	0.00
29	1.09	2644	2500	0.46	2072	0	0	1947	0.00	98.91	98.91	0.00	46	46	0.00	0.00	112.13	24.28	0.00	0.00
29	1.08	2642	2500	0.45	2038	0	0	1886	0.00	98.92	98.92	0.00	46	46	0.00	0.00	112.13	24.25	0.00	0.00
29	1.08	2647	2500	0.46	2016	0	0	1868	0.00	98.92	98.92	0.00	46	46	0.00	0.00	112.19	24.24	0.00	0.00
29	1.08	2644	2500	0.46	2088	0	0	1939	0.00	98.92	98.92	0.00	46	46	0.00	0.00	112.27	24.26	0.00	0.00
29	1.10	2619	2500	0.47	1924	0	0	1855	0.00	98.92	98.90	0.00	46	46	0.00	0.00	112.20	24.23	0.00	0.00
