Avg_MHz	Busy%	Bzy_MHz	TSC_MHz	IPC	IRQ	SMI	POLL	C1	POLL%	C1%	CPU%c1	CPU%c6	CoreTmp	PkgTmp	Pkg%pc2	Pkg%pc6	PkgWatt	RAMWatt	PKG_%	RAM_%
402	16.74	2396	2503	0.53	6916	0	0	2546	0.00	83.36	83.26	0.00	54	54	0.00	0.00	171.76	40.42	0.00	0.00
401	16.72	2397	2500	0.53	6600	0	0	2433	0.00	83.29	83.28	0.00	54	54	0.00	0.00	171.21	40.20	0.00	0.00
401	16.73	2397	2500	0.53	6798	0	1	2571	0.00	83.28	83.27	0.00	55	55	0.00	0.00	171.28	40.21	0.00	0.00
401	16.73	2396	2500	0.53	7274	0	2	3082	0.00	83.28	83.27	0.00	55	55	0.00	0.00	170.96	40.23	0.00	0.00
401	16.73	2396	2500	0.53	6928	0	0	2782	0.00	83.28	83.27	0.00	55	55	0.00	0.00	171.15	40.33	0.00	0.00
401	16.72	2396	2500	0.53	6855	0	0	2688	0.00	83.28	83.28	0.00	55	55	0.00	0.00	171.09	40.27	0.00	0.00
401	16.73	2396	2500	0.53	7007	0	2	2869	0.00	83.27	83.27	0.00	55	55	0.00	0.00	171.02	40.24	0.00	0.00
401	16.76	2395	2500	0.53	7355	0	2	3161	0.00	83.23	83.24	0.00	55	55	0.00	0.00	171.10	40.25	0.00	0.00
401	16.73	2396	2501	0.53	6961	0	2	2775	0.00	83.30	83.27	0.00	55	55	0.00	0.00	171.23	40.31	0.00	0.00
401	16.73	2396	2500	0.53	7072	0	0	2869	0.00	83.28	83.27	0.00	55	55	0.00	0.00	170.99	40.30	0.00	0.00
401	16.72	2396	2500	0.53	6879	0	0	2702	0.00	83.28	83.28	0.00	55	55	0.00	0.00	171.07	40.25	0.00	0.00
401	16.73	2396	2500	0.53	7166	0	7	3007	0.00	83.27	83.27	0.00	55	55	0.00	0.00	170.89	40.18	0.00	0.00
401	16.73	2396	2500	0.53	7063	0	1	2865	0.00	83.28	83.27	0.00	55	55	0.00	0.00	171.24	40.25	0.00	0.00
401	16.74	2395	2500	0.53	7031	0	5	2861	0.00	83.26	83.26	0.00	55	55	0.00	0.00	171.27	40.29	0.00	0.00
401	16.73	2396	2500	0.53	6880	0	2	2668	0.00	83.29	83.27	0.00	55	55	0.00	0.00	171.48	40.29	0.00	0.00
401	16.73	2396	2500	0.53	6931	0	0	2795	0.00	83.29	83.27	0.00	56	56	0.00	0.00	171.32	40.26	0.00	0.00
401	16.73	2396	2500	0.53	6908	0	0	2790	0.00	83.27	83.27	0.00	55	55	0.00	0.00	171.32	40.29	0.00	0.00
401	16.73	2396	2500	0.53	6823	0	0	2719	0.00	83.28	83.27	0.00	55	55	0.00	0.00	171.38	40.34	0.00	0.00
401	16.74	2395	2500	0.53	7221	0	1	3024	0.00	83.26	83.26	0.00	55	55	0.00	0.00	171.42	40.30	0.00	0.00
401	16.73	2396	2500	0.53	6734	0	0	2586	0.00	83.29	83.27	0.00	55	55	0.00	0.00	171.89	40.31	0.00	0.00
401	16.72	2396	2500	0.53	6804	0	0	2587	0.00	83.28	83.28	0.00	55	55	0.00	0.00	171.80	40.38	0.00	0.00
401	16.72	2396	2500	0.53	6833	0	0	2662	0.00	83.28	83.28	0.00	55	55	0.00	0.00	171.57	40.30	0.00	0.00
401	16.74	2396	2500	0.53	7050	0	0	2893	0.00	83.27	83.26	0.00	56	56	0.00	0.00	171.68	40.38	0.00	0.00
401	16.73	2396	2500	0.53	7112	0	0	2912	0.00	83.29	83.27	0.00	56	56	0.00	0.00	171.57	40.30	0.00	0.00
401	16.72	2396	2500	0.53	6782	0	0	2594	0.00	83.28	83.28	0.00	55	55	0.00	0.00	171.65	40.29	0.00	0.00
401	16.73	2396	2500	0.53	6998	0	0	2778	0.00	83.28	83.27	0.00	56	56	0.00	0.00	171.73	40.37	0.00	0.00
401	16.73	2396	2500	0.53	6888	0	2	2746	0.00	83.28	83.27	0.00	56	56	0.00	0.00	171.51	40.40	0.00	0.00
401	16.73	2396	2500	0.53	6797	0	0	2667	0.00	83.28	83.27	0.00	56	56	0.00	0.00	171.30	40.39	0.00	0.00
401	16.72	2396	2500	0.53	6868	0	1	2667	0.00	83.28	83.28	0.00	56	56	0.00	0.00	171.01	40.25	0.00	0.00
401	16.72	2396	2500	0.53	6866	0	0	2680	0.00	83.28	83.28	0.00	56	56	0.00	0.00	171.35	40.32	0.00	0.00
401	16.73	2396	2500	0.53	7163	0	0	2932	0.00	83.28	83.27	0.00	55	55	0.00	0.00	171.48	40.34	0.00	0.00
401	16.73	2396	2500	0.53	7002	0	0	2835	0.00	83.28	83.27	0.00	56	56	0.00	0.00	171.29	40.30	0.00	0.00
401	16.75	2395	2499	0.53	7301	0	0	3011	0.00	83.23	83.25	0.00	56	56	0.00	0.00	171.54	40.33	0.00	0.00
401	16.73	2396	2501	0.53	7428	0	0	3230	0.00	83.29	83.27	0.00	56	56	0.00	0.00	171.84	40.38	0.00	0.00
401	16.72	2396	2500	0.53	6995	0	0	2634	0.00	83.28	83.28	0.00	57	57	0.00	0.00	171.73	40.33	0.00	0.00
401	16.73	2396	2500	0.53	6960	0	0	2807	0.00	83.28	83.27	0.00	56	56	0.00	0.00	172.07	40.36	0.00	0.00
401	16.73	2396	2500	0.53	7262	0	0	3116	0.00	83.28	83.27	0.00	56	56	0.00	0.00	171.74	40.28	0.00	0.00
401	16.72	2396	2500	0.53	7024	0	0	2582	0.00	83.28	83.28	0.00	56	56	0.00	0.00	171.57	40.22	0.00	0.00
401	16.73	2396	2500	0.53	6861	0	0	2656	0.00	83.29	83.27	0.00	56	56	0.00	0.00	171.49	40.19	0.00	0.00
401	16.72	2396	2500	0.53	7233	0	0	2726	0.00	83.28	83.28	0.00	56	56	0.00	0.00	171.36	40.15	0.00	0.00
401	16.73	2396	2500	0.53	6974	0	0	2872	0.00	83.28	83.27	0.00	56	56	0.00	0.00	171.55	40.22	0.00	0.00
401	16.72	2396	2500	0.53	6995	0	0	2492	0.00	83.28	83.28	0.00	56	56	0.00	0.00	171.57	40.22	0.00	0.00
401	16.73	2396	2500	0.53	7112	0	0	2890	0.00	83.28	83.27	0.00	56	56	0.00	0.00	171.74	40.16	0.00	0.00
401	16.73	2396	2500	0.53	6831	0	2	2682	0.00	83.28	83.27	0.00	56	56	0.00	0.00	171.93	40.25	0.00	0.00
402	16.81	2392	2499	0.53	6960	0	0	2773	0.00	83.16	83.19	0.00	57	57	0.00	0.00	171.58	40.22	0.00	0.00
401	16.73	2396	2501	0.53	6891	0	2	2761	0.00	83.30	83.27	0.00	57	57	0.00	0.00	171.40	40.34	0.00	0.00
401	16.72	2396	2500	0.53	6682	0	3	2542	0.00	83.28	83.28	0.00	56	56	0.00	0.00	171.31	40.16	0.00	0.00
401	16.73	2396	2500	0.53	7173	0	0	3001	0.00	83.28	83.27	0.00	57	57	0.00	0.00	171.73	40.19	0.00	0.00
401	16.73	2396	2500	0.53	6910	0	2	2778	0.00	83.28	83.27	0.00	56	56	0.00	0.00	171.73	40.18	0.00	0.00
401	16.72	2396	2500	0.53	6814	0	0	2609	0.00	83.28	83.28	0.00	57	57	0.00	0.00	171.84	40.12	0.00	0.00
390	16.42	2396	2478	0.53	6660	0	1	2555	0.00	82.84	83.58	0.00	56	56	0.00	0.00	165.52	38.54	0.00	0.00
401	16.73	2397	2500	0.53	7073	0	0	2708	0.00	83.28	83.27	0.00	57	57	0.00	0.00	171.91	40.12	0.00	0.00
401	16.72	2397	2500	0.53	7130	0	0	2674	0.00	83.28	83.28	0.00	56	56	0.00	0.00	171.93	40.15	0.00	0.00
401	16.72	2396	2500	0.53	7197	0	0	2828	0.00	83.28	83.28	0.00	57	57	0.00	0.00	172.14	40.30	0.00	0.00
401	16.72	2396	2500	0.53	7229	0	0	2779	0.00	83.28	83.28	0.00	57	57	0.00	0.00	172.15	40.32	0.00	0.00
401	16.72	2396	2500	0.53	7220	0	0	2876	0.00	83.29	83.28	0.00	56	56	0.00	0.00	171.92	40.37	0.00	0.00
401	16.72	2397	2500	0.53	6881	0	0	2579	0.00	83.28	83.28	0.00	57	57	0.00	0.00	171.88	40.25	0.00	0.00
401	16.72	2397	2500	0.53	6853	0	0	2630	0.00	83.29	83.28	0.00	57	57	0.00	0.00	171.90	40.23	0.00	0.00
401	16.72	2397	2500	0.53	7052	0	0	2827	0.00	83.29	83.28	0.00	57	57	0.00	0.00	171.98	40.30	0.00	0.00
401	16.72	2397	2500	0.53	7124	0	1	2894	0.00	83.28	83.28	0.00	57	57	0.00	0.00	171.97	40.22	0.00	0.00
401	16.72	2397	2500	0.53	6650	0	4	2388	0.00	83.29	83.28	0.00	57	57	0.00	0.00	172.14	40.24	0.00	0.00
401	16.73	2397	2500	0.53	7006	0	0	2809	0.00	83.28	83.27	0.00	57	57	0.00	0.00	172.45	40.29	0.00	0.00
401	16.72	2397	2500	0.53	6955	0	0	2670	0.00	83.29	83.28	0.00	57	57	0.00	0.00	171.98	40.24	0.00	0.00
401	16.74	2395	2499	0.53	7012	0	0	2702	0.00	83.25	83.26	0.00	57	57	0.00	0.00	171.43	40.13	0.00	0.00
401	16.72	2397	2500	0.53	6765	0	0	2488	0.00	83.30	83.28	0.00	57	57	0.00	0.00	172.01	40.24	0.00	0.00
401	16.72	2397	2500	0.53	6985	0	0	2567	0.00	83.29	83.28	0.00	57	57	0.00	0.00	171.98	40.20	0.00	0.00
401	16.73	2396	2500	0.53	7455	0	3	3015	0.00	83.28	83.27	0.00	57	57	0.00	0.00	172.01	40.30	0.00	0.00
401	16.72	2397	2500	0.53	6906	0	1	2516	0.00	83.28	83.28	0.00	57	57	0.00	0.00	171.98	40.16	0.00	0.00
401	16.72	2397	2500	0.53	6837	0	0	2366	0.00	83.28	83.28	0.00	57	57	0.00	0.00	172.15	40.18	0.00	0.00
401	16.72	2396	2500	0.53	7111	0	0	2789	0.00	83.29	83.28	0.00	57	57	0.00	0.00	172.56	40.27	0.00	0.00
402	16.76	2397	2502	0.53	7148	0	2	2662	0.00	83.32	83.24	0.00	57	57	0.00	0.00	172.82	40.32	0.00	0.00
397	16.59	2395	2498	0.53	6813	0	6	2459	0.00	83.33	83.41	0.00	57	57	0.00	0.00	171.58	40.04	0.00	0.00
401	16.72	2397	2500	0.53	7037	0	0	2591	0.00	83.29	83.28	0.00	57	57	0.00	0.00	172.56	40.31	0.00	0.00
401	16.72	2397	2500	0.53	7003	0	2	2626	0.00	83.29	83.28	0.00	57	57	0.00	0.00	172.39	40.15	0.00	0.00
401	16.72	2397	2500	0.53	6984	0	2	2581	0.00	83.28	83.28	0.00	57	57	0.00	0.00	172.12	40.17	0.00	0.00
401	16.73	2396	2500	0.53	7052	0	0	2643	0.00	83.28	83.27	0.00	57	57	0.00	0.00	172.17	40.10	0.00	0.00
401	16.72	2396	2500	0.53	7165	0	0	2710	0.00	83.28	83.28	0.00	57	57	0.00	0.00	172.21	40.19	0.00	0.00
401	16.72	2396	2500	0.53	7042	0	0	2685	0.00	83.29	83.28	0.00	57	57	0.00	0.00	172.15	40.28	0.00	0.00
401	16.72	2396	2500	0.53	7249	0	0	2870	0.00	83.28	83.28	0.00	57	57	0.00	0.00	172.59	40.19	0.00	0.00
401	16.73	2396	2500	0.53	7274	0	0	2827	0.00	83.28	83.27	0.00	57	57	0.00	0.00	172.12	40.23	0.00	0.00
401	16.72	2397	2500	0.53	6821	0	0	2374	0.00	83.28	83.28	0.00	57	57	0.00	0.00	172.08	40.14	0.00	0.00
401	16.72	2396	2500	0.53	7138	0	0	2743	0.00	83.29	83.28	0.00	57	57	0.00	0.00	172.06	40.19	0.00	0.00
401	16.72	2397	2500	0.53	6934	0	0	2494	0.00	83.28	83.28	0.00	58	58	0.00	0.00	172.25	40.22	0.00	0.00
401	16.73	2396	2500	0.53	7276	0	0	2917	0.00	83.28	83.27	0.00	57	57	0.00	0.00	172.29	40.18	0.00	0.00
401	16.73	2396	2500	0.53	7567	0	0	2951	0.00	83.28	83.27	0.00	57	57	0.00	0.00	172.44	40.13	0.00	0.00
401	16.72	2396	2500	0.53	7098	0	2	2665	0.00	83.28	83.28	0.00	57	57	0.00	0.00	172.55	40.23	0.00	0.00
401	16.72	2396	2500	0.53	7112	0	0	2709	0.00	83.28	83.28	0.00	57	57	0.00	0.00	172.49	40.23	0.00	0.00
401	16.72	2396	2500	0.53	7321	0	0	2759	0.00	83.28	83.28	0.00	57	57	0.00	0.00	172.36	40.18	0.00	0.00
401	16.72	2397	2500	0.53	6863	0	0	2469	0.00	83.29	83.28	0.00	58	58	0.00	0.00	172.33	40.21	0.00	0.00
401	16.73	2397	2500	0.53	7533	0	0	2757	0.00	83.28	83.27	0.00	58	58	0.00	0.00	172.44	40.17	0.00	0.00
401	16.72	2397	2500	0.53	6913	0	0	2463	0.00	83.28	83.28	0.00	57	57	0.00	0.00	172.41	40.18	0.00	0.00
402	16.75	2397	2503	0.53	7280	0	0	2519	0.00	83.34	83.25	0.00	57	57	0.00	0.00	172.96	40.34	0.00	0.00
400	16.69	2397	2497	0.53	7011	0	2	2758	0.00	83.23	83.31	0.00	58	58	0.00	0.00	172.08	40.12	0.00	0.00
401	16.72	2397	2500	0.53	7063	0	0	2841	0.00	83.28	83.28	0.00	57	57	0.00	0.00	172.56	40.15	0.00	0.00
401	16.72	2397	2500	0.53	6853	0	0	2636	0.00	83.29	83.28	0.00	58	58	0.00	0.00	172.45	40.19	0.00	0.00
401	16.72	2397	2500	0.53	6947	0	0	2712	0.00	83.29	83.28	0.00	58	58	0.00	0.00	172.56	40.19	0.00	0.00
401	16.71	2398	2500	0.53	6593	0	0	2361	0.00	83.29	83.29	0.00	57	57	0.00	0.00	172.20	40.25	0.00	0.00
401	16.72	2397	2500	0.53	7046	0	0	2816	0.00	83.28	83.28	0.00	57	57	0.00	0.00	172.16	40.13	0.00	0.00
401	16.73	2397	2500	0.53	7195	0	2	2733	0.00	83.28	83.27	0.00	57	57	0.00	0.00	172.43	40.08	0.00	0.00
401	16.72	2396	2500	0.53	7200	0	0	2903	0.00	83.29	83.28	0.00	58	58	0.00	0.00	172.43	40.16	0.00	0.00
401	16.72	2397	2500	0.53	6634	0	0	2393	0.00	83.29	83.28	0.00	57	57	0.00	0.00	172.43	40.13	0.00	0.00
401	16.72	2397	2500	0.53	6802	0	0	2589	0.00	83.28	83.28	0.00	57	57	0.00	0.00	172.29	40.12	0.00	0.00
401	16.72	2397	2500	0.53	6891	0	0	2646	0.00	83.29	83.28	0.00	57	57	0.00	0.00	172.31	40.08	0.00	0.00
401	16.72	2396	2500	0.53	7015	0	0	2805	0.00	83.29	83.28	0.00	58	58	0.00	0.00	172.40	40.23	0.00	0.00
401	16.72	2397	2500	0.53	7122	0	0	2873	0.00	83.28	83.28	0.00	57	57	0.00	0.00	172.24	40.15	0.00	0.00
401	16.72	2397	2500	0.53	6642	0	0	2438	0.00	83.29	83.28	0.00	58	58	0.00	0.00	172.20	40.22	0.00	0.00
401	16.72	2397	2500	0.53	7186	0	0	2915	0.00	83.29	83.28	0.00	58	58	0.00	0.00	172.16	40.18	0.00	0.00
401	16.72	2397	2500	0.53	6699	0	0	2516	0.00	83.28	83.28	0.00	58	58	0.00	0.00	172.23	40.17	0.00	0.00
401	16.72	2397	2500	0.53	6804	0	0	2543	0.00	83.29	83.28	0.00	58	58	0.00	0.00	172.16	40.09	0.00	0.00
401	16.72	2397	2500	0.53	6830	0	0	2629	0.00	83.28	83.28	0.00	57	57	0.00	0.00	172.17	40.15	0.00	0.00
401	16.72	2397	2500	0.53	7031	0	0	2763	0.00	83.29	83.28	0.00	58	58	0.00	0.00	172.49	40.18	0.00	0.00
401	16.72	2397	2500	0.53	6743	0	0	2534	0.00	83.29	83.28	0.00	58	58	0.00	0.00	172.43	40.19	0.00	0.00
401	16.72	2397	2500	0.53	6858	0	0	2608	0.00	83.29	83.28	0.00	58	58	0.00	0.00	172.25	40.18	0.00	0.00
401	16.72	2397	2500	0.53	6758	0	0	2543	0.00	83.29	83.28	0.00	58	58	0.00	0.00	171.94	40.17	0.00	0.00
401	16.72	2397	2500	0.53	6939	0	0	2695	0.00	83.29	83.28	0.00	58	58	0.00	0.00	172.00	40.14	0.00	0.00
401	16.72	2397	2500	0.53	6833	0	0	2623	0.00	83.28	83.28	0.00	58	58	0.00	0.00	172.02	40.17	0.00	0.00
401	16.72	2397	2500	0.53	6838	0	0	2618	0.00	83.28	83.28	0.00	58	58	0.00	0.00	172.20	40.16	0.00	0.00
401	16.74	2397	2502	0.53	7063	0	0	2829	0.00	83.32	83.26	0.00	58	58	0.00	0.00	172.82	40.27	0.00	0.00
400	16.70	2397	2499	0.53	6731	0	0	2533	0.00	83.26	83.30	0.00	58	58	0.00	0.00	171.96	40.11	0.00	0.00
401	16.72	2396	2500	0.53	7145	0	0	2748	0.00	83.28	83.28	0.00	58	58	0.00	0.00	172.21	40.17	0.00	0.00
401	16.72	2397	2500	0.53	6890	0	0	2510	0.00	83.28	83.28	0.00	58	58	0.00	0.00	172.29	40.22	0.00	0.00
401	16.74	2396	2500	0.53	7233	0	0	2806	0.00	83.26	83.26	0.00	58	58	0.00	0.00	172.43	40.21	0.00	0.00
401	16.73	2396	2500	0.53	7311	0	0	2877	0.00	83.29	83.27	0.00	58	58	0.00	0.00	172.56	40.26	0.00	0.00
401	16.72	2397	2500	0.53	6963	0	0	2533	0.00	83.29	83.28	0.00	58	58	0.00	0.00	172.61	40.20	0.00	0.00
401	16.72	2397	2500	0.53	6722	0	0	2324	0.00	83.28	83.28	0.00	58	58	0.00	0.00	172.41	40.25	0.00	0.00
401	16.72	2396	2500	0.53	7066	0	0	2664	0.00	83.29	83.28	0.00	58	58	0.00	0.00	172.23	40.21	0.00	0.00
401	16.73	2397	2500	0.53	7176	0	0	2734	0.00	83.28	83.27	0.00	58	58	0.00	0.00	172.23	40.12	0.00	0.00
402	16.76	2397	2502	0.53	6886	0	0	2487	0.00	83.33	83.24	0.00	58	58	0.00	0.00	172.92	40.32	0.00	0.00
398	16.64	2395	2497	0.53	7232	0	8	2829	0.00	83.28	83.36	0.00	58	58	0.00	0.00	171.64	39.97	0.00	0.00
401	16.72	2396	2500	0.53	6975	0	0	2615	0.00	83.29	83.28	0.00	58	58	0.00	0.00	172.33	40.18	0.00	0.00
401	16.72	2397	2500	0.53	7073	0	1	2609	0.00	83.28	83.28	0.00	58	58	0.00	0.00	171.83	40.17	0.00	0.00
401	16.72	2397	2500	0.53	6762	0	0	2375	0.00	83.29	83.28	0.00	57	57	0.00	0.00	171.72	40.31	0.00	0.00
401	16.73	2397	2500	0.53	7206	0	0	2743	0.00	83.28	83.27	0.00	57	57	0.00	0.00	171.81	40.22	0.00	0.00
401	16.72	2396	2500	0.53	6985	0	0	2641	0.00	83.29	83.28	0.00	57	57	0.00	0.00	171.95	40.26	0.00	0.00
401	16.72	2397	2500	0.53	6969	0	0	2576	0.00	83.28	83.28	0.00	57	57	0.00	0.00	171.92	40.21	0.00	0.00
401	16.72	2397	2500	0.53	6904	0	0	2559	0.00	83.28	83.28	0.00	57	57	0.00	0.00	171.85	40.24	0.00	0.00
401	16.72	2397	2500	0.53	7102	0	0	2663	0.00	83.29	83.28	0.00	58	58	0.00	0.00	172.08	40.21	0.00	0.00
401	16.72	2397	2500	0.53	6593	0	0	2240	0.00	83.29	83.28	0.00	58	58	0.00	0.00	172.20	40.24	0.00	0.00
401	16.72	2397	2500	0.53	6942	0	0	2527	0.00	83.28	83.28	0.00	57	57	0.00	0.00	172.09	40.23	0.00	0.00
401	16.72	2397	2500	0.53	6810	0	0	2427	0.00	83.29	83.28	0.00	58	58	0.00	0.00	172.36	40.23	0.00	0.00
401	16.72	2396	2500	0.53	7007	0	3	2635	0.00	83.29	83.28	0.00	57	57	0.00	0.00	172.19	40.25	0.00	0.00
401	16.72	2397	2500	0.53	7005	0	0	2405	0.00	83.28	83.28	0.00	58	58	0.00	0.00	172.19	40.25	0.00	0.00
401	16.72	2396	2500	0.53	7110	0	0	2738	0.00	83.28	83.28	0.00	58	58	0.00	0.00	171.99	40.21	0.00	0.00
401	16.72	2397	2500	0.53	6721	0	0	2271	0.00	83.29	83.28	0.00	58	58	0.00	0.00	172.20	40.21	0.00	0.00
401	16.75	2395	2499	0.53	7065	0	0	2596	0.00	83.24	83.25	0.00	57	57	0.00	0.00	172.00	40.19	0.00	0.00
401	16.72	2397	2500	0.53	7220	0	0	2557	0.00	83.29	83.28	0.00	58	58	0.00	0.00	172.20	40.13	0.00	0.00
401	16.72	2397	2500	0.53	6922	0	0	2518	0.00	83.29	83.28	0.00	58	58	0.00	0.00	172.18	40.19	0.00	0.00
401	16.72	2397	2500	0.53	7117	0	0	2380	0.00	83.29	83.28	0.00	58	58	0.00	0.00	171.88	40.20	0.00	0.00
401	16.72	2397	2500	0.53	6801	0	2	2392	0.00	83.28	83.28	0.00	58	58	0.00	0.00	171.79	40.17	0.00	0.00
401	16.72	2396	2500	0.53	7464	0	0	2778	0.00	83.28	83.28	0.00	58	58	0.00	0.00	172.11	40.20	0.00	0.00
401	16.72	2396	2500	0.53	7178	0	0	2748	0.00	83.28	83.28	0.00	58	58	0.00	0.00	172.15	40.23	0.00	0.00
401	16.72	2397	2500	0.53	7074	0	0	2723	0.00	83.29	83.28	0.00	58	58	0.00	0.00	172.06	40.14	0.00	0.00
401	16.72	2397	2500	0.53	6951	0	0	2534	0.00	83.28	83.28	0.00	58	58	0.00	0.00	171.97	40.09	0.00	0.00
401	16.72	2396	2500	0.53	7088	0	0	2708	0.00	83.28	83.28	0.00	57	57	0.00	0.00	172.20	40.16	0.00	0.00
401	16.73	2397	2500	0.53	7088	0	0	2622	0.00	83.28	83.27	0.00	58	58	0.00	0.00	172.25	40.11	0.00	0.00
401	16.72	2396	2500	0.53	7179	0	1	2770	0.00	83.29	83.28	0.00	58	58	0.00	0.00	172.32	40.16	0.00	0.00
402	16.79	2392	2499	0.53	7244	0	0	2811	0.00	83.18	83.21	0.00	58	58	0.00	0.00	172.04	40.10	0.00	0.00
401	16.73	2396	2501	0.53	7086	0	2	2698	0.00	83.31	83.27	0.00	58	58	0.00	0.00	172.28	40.15	0.00	0.00
401	16.73	2396	2500	0.53	7305	0	2	2933	0.00	83.28	83.27	0.00	58	58	0.00	0.00	172.13	40.07	0.00	0.00
401	16.72	2396	2500	0.53	7001	0	2	2620	0.00	83.29	83.28	0.00	58	58	0.00	0.00	172.29	40.17	0.00	0.00
401	16.72	2396	2500	0.53	7197	0	0	2777	0.00	83.28	83.28	0.00	58	58	0.00	0.00	172.16	40.15	0.00	0.00
401	16.72	2396	2500	0.53	6913	0	2	2513	0.00	83.28	83.28	0.00	58	58	0.00	0.00	172.23	40.14	0.00	0.00
401	16.72	2396	2500	0.53	7283	0	0	2899	0.00	83.29	83.28	0.00	58	58	0.00	0.00	172.43	40.11	0.00	0.00
401	16.72	2397	2500	0.53	6884	0	0	2510	0.00	83.28	83.28	0.00	58	58	0.00	0.00	172.31	40.11	0.00	0.00
401	16.72	2396	2500	0.53	7235	0	0	2768	0.00	83.28	83.28	0.00	58	58	0.00	0.00	171.87	40.14	0.00	0.00
401	16.72	2397	2500	0.53	6820	0	0	2477	0.00	83.29	83.28	0.00	58	58	0.00	0.00	171.73	40.14	0.00	0.00
401	16.72	2396	2500	0.53	7086	0	0	2653	0.00	83.29	83.28	0.00	58	58	0.00	0.00	171.87	40.10	0.00	0.00
401	16.72	2397	2500	0.53	6805	0	0	2431	0.00	83.28	83.28	0.00	58	58	0.00	0.00	171.76	40.15	0.00	0.00
401	16.72	2397	2500	0.53	6908	0	0	2449	0.00	83.29	83.28	0.00	58	58	0.00	0.00	171.79	40.13	0.00	0.00
401	16.72	2397	2500	0.53	6852	0	0	2438	0.00	83.28	83.28	0.00	58	58	0.00	0.00	172.04	40.04	0.00	0.00
401	16.72	2396	2500	0.53	7013	0	0	2595	0.00	83.29	83.28	0.00	58	58	0.00	0.00	172.35	40.10	0.00	0.00
401	16.72	2397	2500	0.53	6846	0	1	2452	0.00	83.29	83.28	0.00	58	58	0.00	0.00	172.17	40.05	0.00	0.00
401	16.73	2397	2500	0.53	7076	0	2	2640	0.00	83.28	83.27	0.00	58	58	0.00	0.00	172.35	40.09	0.00	0.00
401	16.72	2397	2500	0.53	7050	0	0	2650	0.00	83.29	83.28	0.00	58	58	0.00	0.00	172.37	40.07	0.00	0.00
402	16.75	2397	2502	0.53	6784	0	0	2412	0.00	83.32	83.25	0.00	58	58	0.00	0.00	172.74	40.20	0.00	0.00
398	16.65	2395	2498	0.53	7015	0	2	2627	0.00	83.29	83.35	0.00	58	58	0.00	0.00	171.74	39.91	0.00	0.00
401	16.72	2397	2500	0.53	6749	0	0	2385	0.00	83.29	83.28	0.00	58	58	0.00	0.00	172.42	40.12	0.00	0.00
401	16.72	2397	2500	0.53	6982	0	0	2605	0.00	83.29	83.28	0.00	58	58	0.00	0.00	172.35	40.10	0.00	0.00
401	16.72	2396	2500	0.53	7282	0	0	2818	0.00	83.28	83.28	0.00	58	58	0.00	0.00	172.41	40.13	0.00	0.00
401	16.72	2396	2500	0.53	7133	0	0	2713	0.00	83.28	83.28	0.00	59	59	0.00	0.00	172.20	40.04	0.00	0.00
401	16.72	2397	2500	0.53	6895	0	0	2522	0.00	83.29	83.28	0.00	58	58	0.00	0.00	172.43	40.08	0.00	0.00
401	16.72	2396	2500	0.53	7077	0	0	2677	0.00	83.29	83.28	0.00	58	58	0.00	0.00	171.98	40.12	0.00	0.00
401	16.72	2397	2500	0.53	6909	0	0	2463	0.00	83.28	83.28	0.00	59	59	0.00	0.00	171.82	40.02	0.00	0.00
401	16.72	2396	2500	0.53	6975	0	0	2621	0.00	83.29	83.28	0.00	58	58	0.00	0.00	172.28	40.19	0.00	0.00
401	16.72	2396	2500	0.53	7213	0	2	2755	0.00	83.28	83.28	0.00	59	59	0.00	0.00	172.11	40.07	0.00	0.00
401	16.72	2396	2500	0.53	7091	0	0	2757	0.00	83.29	83.28	0.00	58	58	0.00	0.00	172.48	40.17	0.00	0.00
401	16.72	2397	2500	0.53	7121	0	0	2684	0.00	83.28	83.28	0.00	58	58	0.00	0.00	172.43	40.07	0.00	0.00
401	16.72	2396	2500	0.53	7066	0	0	2673	0.00	83.28	83.28	0.00	59	59	0.00	0.00	172.12	40.16	0.00	0.00
401	16.72	2397	2500	0.53	7001	0	0	2563	0.00	83.28	83.28	0.00	58	58	0.00	0.00	172.42	40.12	0.00	0.00
401	16.72	2396	2500	0.53	6733	0	2	2348	0.00	83.28	83.28	0.00	58	58	0.00	0.00	172.76	40.09	0.00	0.00
401	16.72	2397	2500	0.53	7191	0	0	2791	0.00	83.28	83.28	0.00	58	58	0.00	0.00	172.53	40.04	0.00	0.00
401	16.73	2396	2500	0.53	7039	0	2	2691	0.00	83.28	83.27	0.00	58	58	0.00	0.00	172.91	40.15	0.00	0.00
401	16.74	2395	2499	0.53	6979	0	0	2496	0.00	83.23	83.26	0.00	58	58	0.00	0.00	172.60	40.12	0.00	0.00
401	16.72	2396	2501	0.53	6934	0	2	2513	0.00	83.31	83.28	0.00	58	58	0.00	0.00	172.75	40.11	0.00	0.00
401	16.76	2394	2500	0.53	5428	0	0	2833	0.00	83.26	83.24	0.00	58	58	0.00	0.00	172.46	40.05	0.00	0.00
