Avg_MHz	Busy%	Bzy_MHz	TSC_MHz	IPC	IRQ	SMI	POLL	C1	POLL%	C1%	CPU%c1	CPU%c6	CoreTmp	PkgTmp	Pkg%pc2	Pkg%pc6	PkgWatt	RAMWatt	PKG_%	RAM_%
475	16.34	2907	2502	2.03	6559	0	0	2209	0.00	83.72	83.66	0.00	53	53	0.00	0.00	176.38	34.93	0.00	0.00
434	16.11	2693	2500	0.81	6736	0	36	2657	0.00	83.89	83.89	0.00	53	53	0.00	0.00	179.49	43.93	0.00	0.00
403	14.98	2692	2500	0.86	6524	0	10	2771	0.00	85.04	85.02	0.00	53	53	0.00	0.00	176.80	43.46	0.00	0.00
360	13.36	2695	2500	0.91	5828	0	0	2522	0.00	86.64	86.64	0.00	53	53	0.00	0.00	172.25	42.42	0.00	0.00
433	14.63	2963	2497	2.07	5474	0	12	1833	0.00	85.26	85.37	0.00	55	55	0.00	0.00	161.62	27.18	0.00	0.00
503	16.72	3011	2499	2.59	6692	0	1	2412	0.00	83.24	83.28	0.00	54	54	0.00	0.00	170.72	27.96	0.00	0.00
481	16.71	2873	2503	1.73	6356	0	0	2195	0.00	83.39	83.29	0.00	53	53	0.00	0.00	177.71	36.53	0.00	0.00
439	16.29	2693	2500	0.80	6652	0	9	2565	0.00	83.70	83.71	0.00	53	53	0.00	0.00	179.61	43.94	0.00	0.00
377	13.97	2695	2500	0.90	5814	0	0	2475	0.00	86.04	86.03	0.00	53	53	0.00	0.00	174.06	42.91	0.00	0.00
315	11.88	2648	2500	0.99	5542	0	4	2595	0.00	88.12	88.12	0.00	51	51	0.00	0.00	164.71	40.23	0.00	0.00
507	16.65	3042	2501	2.37	6940	0	0	2715	0.00	83.35	83.35	0.00	55	55	0.00	0.00	167.32	24.97	0.00	0.00
504	16.69	3026	2496	2.44	6572	0	0	2356	0.00	83.17	83.31	0.00	55	55	0.00	0.00	169.15	26.95	0.00	0.00
468	16.71	2796	2503	1.40	6423	0	5	2210	0.00	83.39	83.29	0.00	54	54	0.00	0.00	180.05	40.30	0.00	0.00
426	15.80	2695	2500	0.82	6468	0	0	2492	0.00	84.21	84.20	0.00	54	54	0.00	0.00	178.81	43.87	0.00	0.00
423	15.72	2692	2500	0.83	7066	0	7	2561	0.00	84.29	84.28	0.00	54	54	0.00	0.00	178.86	43.79	0.00	0.00
346	12.85	2694	2500	1.12	7742	0	12	2546	0.00	87.14	87.15	0.00	54	54	0.00	0.00	164.76	38.11	0.00	0.00
507	16.70	3039	2500	2.23	6541	0	0	2263	0.00	83.27	83.30	0.00	55	55	0.00	0.00	168.70	25.96	0.00	0.00
495	16.71	2966	2499	2.40	6800	0	14	2519	0.00	83.25	83.29	0.00	55	55	0.00	0.00	174.38	31.69	0.00	0.00
462	16.75	2758	2501	1.06	6434	0	18	2188	0.00	83.28	83.25	0.00	54	54	0.00	0.00	180.50	41.91	0.00	0.00
447	16.57	2695	2500	0.79	6579	0	0	2446	0.00	83.44	83.43	0.00	54	54	0.00	0.00	180.16	44.06	0.00	0.00
372	13.80	2692	2500	0.90	5754	0	13	2294	0.00	86.20	86.20	0.00	54	54	0.00	0.00	173.80	42.83	0.00	0.00
332	11.72	2836	2498	1.71	5272	0	14	2361	0.00	88.22	88.28	0.00	55	55	0.00	0.00	156.98	32.09	0.00	0.00
507	16.72	3028	2502	2.83	6465	0	0	2281	0.00	83.31	83.28	0.00	55	55	0.00	0.00	169.90	26.72	0.00	0.00
503	16.72	3010	2500	2.72	6335	0	3	2146	0.00	83.25	83.28	0.00	56	56	0.00	0.00	171.03	28.10	0.00	0.00
457	16.37	2790	2500	1.34	6120	0	33	2028	0.00	83.63	83.63	0.00	54	53	0.00	0.00	179.48	40.70	0.00	0.00
398	14.78	2695	2500	0.86	5927	0	0	2283	0.00	85.23	85.22	0.00	54	54	0.00	0.00	176.40	43.36	0.00	0.00
395	14.68	2692	2500	0.87	6244	0	21	2644	0.00	85.33	85.32	0.00	54	54	0.00	0.00	176.13	43.31	0.00	0.00
367	13.13	2798	2500	1.51	5991	0	17	2746	0.00	86.86	86.87	0.00	56	56	0.00	0.00	164.81	35.34	0.00	0.00
509	16.73	3044	2500	2.17	6745	0	1	2453	0.00	83.25	83.27	0.00	56	56	0.00	0.00	168.71	25.53	0.00	0.00
506	16.75	3020	2499	2.38	6631	0	20	2304	0.00	83.21	83.25	0.00	56	56	0.00	0.00	170.18	27.38	0.00	0.00
475	16.69	2847	2501	1.67	6416	0	14	2219	0.00	83.33	83.31	0.00	54	54	0.00	0.00	178.49	38.13	0.00	0.00
423	15.71	2695	2500	0.83	6750	0	0	2744	0.00	84.30	84.29	0.00	55	55	0.00	0.00	178.34	43.76	0.00	0.00
395	14.67	2692	2500	0.87	7065	0	25	2297	0.00	85.34	85.33	0.00	55	55	0.00	0.00	175.71	43.26	0.00	0.00
309	11.64	2650	2500	0.97	6564	0	23	2591	0.00	88.36	88.36	0.00	54	54	0.00	0.00	161.92	39.09	0.00	0.00
504	16.64	3034	2498	2.24	6931	0	0	2546	0.00	83.27	83.36	0.00	56	56	0.00	0.00	166.69	25.35	0.00	0.00
505	16.70	3029	2498	2.62	6380	0	30	2161	0.00	83.21	83.30	0.00	56	57	0.00	0.00	169.05	26.47	0.00	0.00
497	16.76	2962	2504	2.10	6456	0	27	2204	0.00	83.37	83.24	0.00	55	55	0.00	0.00	175.20	32.09	0.00	0.00
423	15.69	2694	2500	0.82	6428	0	2	2499	0.00	84.33	84.31	0.00	55	55	0.00	0.00	178.05	43.71	0.00	0.00
404	15.02	2692	2500	0.85	6422	0	3	2666	0.00	84.98	84.98	0.00	55	55	0.00	0.00	176.50	43.46	0.00	0.00
388	14.40	2692	2500	0.88	6132	0	27	2494	0.00	85.60	85.60	0.00	55	55	0.00	0.00	175.06	43.18	0.00	0.00
402	13.60	2958	2500	1.89	5892	0	1	2524	0.00	86.40	86.40	0.00	57	57	0.00	0.00	159.57	27.66	0.00	0.00
510	16.73	3046	2500	2.20	6869	0	12	2637	0.00	83.24	83.27	0.00	56	56	0.00	0.00	168.40	25.37	0.00	0.00
505	16.68	3028	2500	2.40	6534	0	22	2431	0.00	83.29	83.32	0.00	56	56	0.00	0.00	168.52	26.38	0.00	0.00
478	16.52	2894	2500	1.95	6769	0	0	2615	0.00	83.48	83.48	0.00	55	55	0.00	0.00	177.70	36.50	0.00	0.00
423	15.72	2692	2500	0.83	6710	0	23	2715	0.00	84.29	84.28	0.00	55	55	0.00	0.00	178.32	43.91	0.00	0.00
420	15.61	2692	2500	0.83	6518	0	36	2580	0.00	84.39	84.39	0.00	56	56	0.00	0.00	177.87	43.73	0.00	0.00
305	11.33	2694	2500	0.95	5553	0	1	2676	0.00	88.68	88.67	0.00	54	54	0.00	0.00	164.52	40.61	0.00	0.00
486	16.21	3009	2493	2.33	5858	0	16	1858	0.00	83.54	83.79	0.00	57	57	0.00	0.00	164.88	25.14	0.00	0.00
511	16.82	3028	2507	2.57	6608	0	40	2334	0.00	83.38	83.18	0.00	57	57	0.00	0.00	170.17	26.24	0.00	0.00
478	16.71	2862	2500	1.66	6422	0	0	2241	0.00	83.29	83.29	0.00	56	55	0.00	0.00	177.42	37.01	0.00	0.00
432	16.03	2693	2500	0.81	6734	0	14	2798	0.00	83.98	83.97	0.00	56	56	0.00	0.00	178.86	43.81	0.00	0.00
423	15.72	2693	2500	0.83	6654	0	27	2750	0.00	84.29	84.28	0.00	56	56	0.00	0.00	178.47	43.70	0.00	0.00
333	12.37	2696	2499	0.91	5459	0	1	2353	0.00	87.59	87.63	0.00	52	52	0.00	0.00	167.45	41.04	0.00	0.00
456	15.48	2981	2470	2.37	5740	0	9	1867	0.00	83.49	84.52	0.00	57	57	0.00	0.00	158.59	25.17	0.00	0.00
510	16.90	3003	2514	2.48	6721	0	28	2224	0.00	83.53	83.10	0.00	56	56	0.00	0.00	174.69	29.35	0.00	0.00
461	16.63	2795	2481	1.34	6466	0	0	2106	0.00	82.75	83.37	0.00	56	56	0.00	0.00	175.98	39.51	0.00	0.00
432	15.95	2694	2517	0.82	6793	0	8	2570	0.00	84.62	84.05	0.00	56	56	0.00	0.00	181.03	44.35	0.00	0.00
374	13.90	2693	2500	0.90	5947	0	18	2305	0.00	86.12	86.10	0.00	56	56	0.00	0.00	174.48	43.15	0.00	0.00
342	12.06	2838	2497	1.92	5543	0	18	2472	0.00	87.83	87.94	0.00	57	57	0.00	0.00	157.51	32.41	0.00	0.00
509	16.70	3048	2500	2.55	6729	0	0	2282	0.00	83.30	83.30	0.00	57	57	0.00	0.00	168.82	25.31	0.00	0.00
506	16.74	3026	2500	2.49	6728	0	22	2270	0.00	83.25	83.26	0.00	57	57	0.00	0.00	170.24	26.96	0.00	0.00
441	15.99	2760	2500	1.18	6423	0	10	2210	0.00	84.01	84.01	0.00	56	56	0.00	0.00	177.95	41.16	0.00	0.00
423	15.71	2693	2499	0.83	6618	0	1	2412	0.00	84.28	84.29	0.00	56	56	0.00	0.00	178.11	43.75	0.00	0.00
423	15.71	2693	2500	0.83	6694	0	25	2501	0.00	84.31	84.29	0.00	56	56	0.00	0.00	178.40	43.78	0.00	0.00
382	13.37	2859	2501	1.95	6090	0	15	2659	0.00	86.67	86.63	0.00	57	57	0.00	0.00	162.45	32.57	0.00	0.00
506	16.67	3044	2493	2.54	6845	0	0	2426	0.00	83.08	83.33	0.00	57	58	0.00	0.00	167.53	25.20	0.00	0.00
509	16.72	3035	2507	2.49	6887	0	24	2488	0.00	83.48	83.28	0.00	57	58	0.00	0.00	170.76	26.44	0.00	0.00
446	16.09	2774	2500	1.22	6345	0	32	2121	0.00	83.92	83.91	0.00	56	56	0.00	0.00	177.68	40.49	0.00	0.00
423	15.71	2693	2500	0.83	6702	0	16	2534	0.00	84.30	84.29	0.00	56	56	0.00	0.00	178.66	43.74	0.00	0.00
423	15.68	2695	2500	0.83	6568	0	0	2411	0.00	84.33	84.32	0.00	56	56	0.00	0.00	178.39	43.68	0.00	0.00
360	12.90	2792	2496	1.81	5865	0	10	2562	0.00	86.94	87.10	0.00	57	57	0.00	0.00	160.67	33.76	0.00	0.00
499	16.89	2942	2512	2.28	7071	0	14	2139	0.00	83.49	83.11	0.00	57	58	0.00	0.00	179.83	34.46	0.00	0.00
444	16.47	2704	2490	0.79	6310	0	3	2232	0.00	83.21	83.53	0.00	56	56	0.00	0.00	177.39	42.63	0.00	0.00
451	16.72	2695	2500	0.78	7736	0	0	2676	0.00	83.28	83.28	0.00	56	56	0.00	0.00	180.44	44.05	0.00	0.00
358	13.21	2695	2511	0.89	5845	0	1	2425	0.00	87.19	86.79	0.00	56	55	0.00	0.00	174.09	42.90	0.00	0.00
397	13.56	2943	2488	2.13	5973	0	0	2316	0.00	86.02	86.44	0.00	57	58	0.00	0.00	155.89	27.46	0.00	0.00
504	16.66	3028	2496	2.45	6988	0	0	2357	0.00	83.20	83.34	0.00	58	58	0.00	0.00	168.27	26.23	0.00	0.00
500	16.89	2944	2514	2.14	6660	0	1	2190	0.00	83.55	83.11	0.00	58	57	0.00	0.00	179.97	34.25	0.00	0.00
434	16.10	2704	2492	0.81	6168	0	0	2007	0.00	83.64	83.90	0.00	57	57	0.00	0.00	177.62	43.09	0.00	0.00
423	15.68	2695	2500	0.83	6600	0	0	2470	0.00	84.32	84.32	0.00	57	57	0.00	0.00	178.28	43.59	0.00	0.00
333	12.27	2694	2517	0.93	5702	0	0	2453	0.00	88.32	87.73	0.00	57	57	0.00	0.00	173.08	42.84	0.00	0.00
428	14.56	2956	2483	2.51	5722	0	0	2034	0.00	84.84	85.44	0.00	58	58	0.00	0.00	157.94	26.53	0.00	0.00
499	16.82	2956	2509	2.39	6472	0	0	2059	0.00	83.46	83.18	0.00	58	58	0.00	0.00	178.05	33.27	0.00	0.00
446	16.43	2726	2491	0.96	6330	0	0	2117	0.00	83.26	83.57	0.00	57	57	0.00	0.00	176.81	41.85	0.00	0.00
435	16.11	2696	2506	0.81	6633	0	0	2323	0.00	84.10	83.89	0.00	57	57	0.00	0.00	180.56	44.16	0.00	0.00
328	12.15	2694	2504	0.97	5348	0	1	2189	0.00	88.01	87.85	0.00	57	57	0.00	0.00	170.49	42.34	0.00	0.00
390	13.49	2898	2492	2.17	5659	0	0	2226	0.00	86.23	86.51	0.00	58	58	0.00	0.00	160.40	30.15	0.00	0.00
498	16.81	2955	2508	2.41	6540	0	0	2180	0.00	83.44	83.19	0.00	58	58	0.00	0.00	177.21	33.06	0.00	0.00
449	16.58	2718	2489	0.81	6354	0	0	2075	0.00	83.07	83.42	0.00	57	57	0.00	0.00	176.94	42.20	0.00	0.00
445	16.47	2696	2504	0.80	6835	0	0	2468	0.00	83.66	83.53	0.00	57	57	0.00	0.00	181.23	44.23	0.00	0.00
335	12.39	2694	2506	0.96	5568	0	0	2266	0.00	87.84	87.61	0.00	57	57	0.00	0.00	171.89	42.65	0.00	0.00
410	14.07	2927	2489	2.30	5868	0	0	2342	0.00	85.53	85.93	0.00	58	58	0.00	0.00	159.47	28.42	0.00	0.00
496	16.75	2958	2503	2.27	6475	0	0	2080	0.00	83.34	83.25	0.00	57	58	0.00	0.00	176.13	32.50	0.00	0.00
452	16.68	2714	2497	0.79	6436	0	0	2017	0.00	83.24	83.32	0.00	57	57	0.00	0.00	179.61	42.94	0.00	0.00
441	16.34	2695	2502	0.80	6913	0	0	2631	0.00	83.73	83.66	0.00	57	57	0.00	0.00	180.66	43.99	0.00	0.00
346	12.78	2694	2510	0.94	5937	0	0	2552	0.00	87.58	87.22	0.00	57	57	0.00	0.00	174.30	43.13	0.00	0.00
384	13.22	2919	2484	2.65	5482	0	0	2071	0.00	86.19	86.78	0.00	58	58	0.00	0.00	155.82	28.52	0.00	0.00
503	16.93	2953	2517	2.34	6643	0	0	2175	0.00	83.62	83.07	0.00	59	58	0.00	0.00	180.20	33.69	0.00	0.00
439	16.37	2692	2488	0.79	6704	0	0	2540	0.00	83.22	83.63	0.00	57	57	0.00	0.00	176.38	42.76	0.00	0.00
447	16.55	2696	2502	0.79	6735	0	0	2406	0.00	83.53	83.45	0.00	57	57	0.00	0.00	181.40	44.26	0.00	0.00
341	12.59	2694	2510	0.95	5767	0	0	2389	0.00	87.76	87.41	0.00	58	58	0.00	0.00	173.52	43.08	0.00	0.00
396	13.66	2907	2493	2.24	5671	0	0	2170	0.00	86.08	86.34	0.00	59	58	0.00	0.00	159.28	29.51	0.00	0.00
476	16.51	2888	2494	2.04	6516	0	0	2258	0.00	83.27	83.49	0.00	57	57	0.00	0.00	175.06	34.97	0.00	0.00
431	15.99	2694	2503	0.81	6894	0	0	2678	0.00	84.13	84.01	0.00	57	57	0.00	0.00	180.16	44.02	0.00	0.00
424	15.75	2690	2500	0.83	3323	0	0	1925	0.00	84.28	84.25	0.00	57	57	0.00	0.00	178.84	43.66	0.00	0.00
