Avg_MHz	Busy%	Bzy_MHz	TSC_MHz	IPC	IRQ	SMI	POLL	C1	POLL%	C1%	CPU%c1	CPU%c6	CoreTmp	PkgTmp	Pkg%pc2	Pkg%pc6	PkgWatt	RAMWatt	PKG_%	RAM_%
29	1.09	2638	2504	0.45	2102	0	0	1893	0.00	99.07	98.91	0.00	41	43	0.00	0.00	112.21	24.47	0.00	0.00
29	1.08	2648	2500	0.46	2064	0	0	1927	0.00	98.92	98.92	0.00	42	43	0.00	0.00	112.08	24.46	0.00	0.00
29	1.09	2641	2500	0.46	2221	0	0	2065	0.00	98.92	98.91	0.00	42	43	0.00	0.00	112.03	24.53	0.00	0.00
29	1.08	2644	2500	0.45	1981	0	0	1836	0.00	98.93	98.92	0.00	42	43	0.00	0.00	112.03	24.52	0.00	0.00
29	1.09	2639	2500	0.46	2263	0	0	2123	0.00	98.91	98.91	0.00	41	43	0.00	0.00	112.03	24.50	0.00	0.00
29	1.09	2633	2500	0.47	2200	0	0	2080	0.00	98.91	98.91	0.00	41	43	0.00	0.00	112.04	24.52	0.00	0.00
29	1.09	2641	2500	0.46	2154	0	0	2004	0.00	98.92	98.91	0.00	42	43	0.00	0.00	111.98	24.49	0.00	0.00
29	1.09	2635	2500	0.47	2236	0	2	2100	0.00	98.92	98.91	0.00	42	43	0.00	0.00	112.00	24.51	0.00	0.00
29	1.09	2642	2500	0.46	2117	0	0	1976	0.00	98.92	98.91	0.00	42	43	0.00	0.00	111.97	24.43	0.00	0.00
29	1.09	2639	2500	0.45	2249	0	0	2126	0.00	98.92	98.91	0.00	42	43	0.00	0.00	111.95	24.46	0.00	0.00
29	1.09	2634	2500	0.46	2196	0	0	2071	0.00	98.91	98.91	0.00	42	43	0.00	0.00	111.94	24.52	0.00	0.00
29	1.09	2639	2500	0.45	2193	0	2	2025	0.00	98.92	98.91	0.00	42	43	0.00	0.00	111.99	24.56	0.00	0.00
29	1.09	2635	2500	0.46	2259	0	0	2117	0.00	98.91	98.91	0.00	42	43	0.00	0.00	111.97	24.53	0.00	0.00
29	1.08	2654	2500	0.46	1441	0	0	1306	0.00	98.92	98.92	0.00	42	43	0.00	0.00	111.90	24.50	0.00	0.00
29	1.09	2641	2500	0.46	2169	0	0	2013	0.00	98.92	98.91	0.00	42	43	0.00	0.00	112.04	24.50	0.00	0.00
29	1.09	2636	2500	0.47	2217	0	0	2072	0.00	98.91	98.91	0.00	42	43	0.00	0.00	111.93	24.49	0.00	0.00
29	1.09	2642	2500	0.46	2131	0	1	1996	0.00	98.92	98.91	0.00	42	43	0.00	0.00	111.93	24.55	0.00	0.00
29	1.09	2641	2500	0.46	2181	0	0	2022	0.00	98.92	98.91	0.00	42	43	0.00	0.00	111.99	24.54	0.00	0.00
29	1.09	2639	2500	0.45	2179	0	1	2025	0.00	98.92	98.91	0.00	42	43	0.00	0.00	111.95	24.51	0.00	0.00
29	1.08	2646	2500	0.46	2198	0	0	2042	0.00	98.91	98.92	0.00	42	43	0.00	0.00	112.03	24.47	0.00	0.00
29	1.08	2640	2500	0.45	2145	0	0	1995	0.00	98.92	98.92	0.00	42	43	0.00	0.00	111.99	24.48	0.00	0.00
29	1.08	2645	2500	0.46	2121	0	0	1969	0.00	98.92	98.92	0.00	42	43	0.00	0.00	112.04	24.53	0.00	0.00
29	1.09	2642	2500	0.46	2081	0	2	1932	0.00	98.93	98.91	0.00	42	43	0.00	0.00	111.99	24.59	0.00	0.00
29	1.08	2643	2500	0.46	2172	0	0	2012	0.00	98.92	98.92	0.00	42	43	0.00	0.00	111.95	24.52	0.00	0.00
29	1.09	2641	2500	0.46	2153	0	0	2006	0.00	98.92	98.91	0.00	42	43	0.00	0.00	112.09	24.57	0.00	0.00
29	1.09	2634	2500	0.45	2221	0	0	2070	0.00	98.91	98.91	0.00	42	43	0.00	0.00	111.94	24.52	0.00	0.00
29	1.09	2642	2500	0.47	2038	0	0	1899	0.00	98.93	98.91	0.00	42	43	0.00	0.00	112.08	24.54	0.00	0.00
29	1.08	2643	2500	0.46	2150	0	1	1989	0.00	98.92	98.92	0.00	42	43	0.00	0.00	111.96	24.52	0.00	0.00
29	1.08	2641	2500	0.45	2123	0	0	1975	0.00	98.92	98.92	0.00	42	43	0.00	0.00	111.99	24.56	0.00	0.00
29	1.08	2647	2500	0.46	2136	0	0	1998	0.00	98.92	98.92	0.00	42	43	0.00	0.00	111.97	24.53	0.00	0.00
29	1.09	2642	2500	0.46	2218	0	0	2067	0.00	98.93	98.91	0.00	42	43	0.00	0.00	112.01	24.52	0.00	0.00
29	1.09	2634	2500	0.45	2195	0	2	2038	0.00	98.90	98.91	0.00	42	43	0.00	0.00	111.87	24.48	0.00	0.00
29	1.09	2642	2500	0.46	2153	0	0	2003	0.00	98.93	98.91	0.00	42	43	0.00	0.00	112.11	24.55	0.00	0.00
29	1.08	2643	2500	0.46	2188	0	0	2038	0.00	98.92	98.92	0.00	42	43	0.00	0.00	111.91	24.48	0.00	0.00
29	1.09	2639	2500	0.46	2187	0	2	2024	0.00	98.93	98.91	0.00	42	43	0.00	0.00	112.00	24.53	0.00	0.00
29	1.09	2637	2500	0.47	2097	0	0	1940	0.00	98.90	98.91	0.00	42	43	0.00	0.00	111.97	24.54	0.00	0.00
29	1.09	2641	2500	0.46	2153	0	0	2007	0.00	98.92	98.91	0.00	42	43	0.00	0.00	112.00	24.56	0.00	0.00
29	1.08	2644	2500	0.45	1991	0	0	1841	0.00	98.92	98.92	0.00	42	44	0.00	0.00	111.98	24.51	0.00	0.00
29	1.09	2642	2500	0.46	2305	0	0	2163	0.00	98.93	98.91	0.00	42	44	0.00	0.00	112.03	24.42	0.00	0.00
29	1.11	2605	2499	0.45	2242	0	0	1979	0.00	98.85	98.89	0.00	42	43	0.00	0.00	111.91	24.44	0.00	0.00
29	1.09	2642	2501	0.46	2093	0	0	1960	0.00	98.94	98.91	0.00	42	44	0.00	0.00	111.89	24.49	0.00	0.00
29	1.08	2646	2500	0.46	2047	0	0	1900	0.00	98.93	98.92	0.00	42	43	0.00	0.00	112.14	24.54	0.00	0.00
29	1.09	2640	2500	0.46	2196	0	0	2051	0.00	98.92	98.91	0.00	42	43	0.00	0.00	112.04	24.44	0.00	0.00
29	1.08	2642	2500	0.46	2127	0	1	1979	0.00	98.92	98.92	0.00	42	43	0.00	0.00	112.05	24.50	0.00	0.00
29	1.09	2641	2500	0.46	2116	0	0	1980	0.00	98.92	98.91	0.00	42	43	0.00	0.00	112.06	24.54	0.00	0.00
29	1.09	2634	2500	0.47	2180	0	0	2033	0.00	98.91	98.91	0.00	42	43	0.00	0.00	111.97	24.43	0.00	0.00
29	1.09	2635	2500	0.45	2321	0	0	2154	0.00	98.93	98.91	0.00	42	43	0.00	0.00	112.09	24.49	0.00	0.00
29	1.08	2648	2500	0.46	2050	0	0	1909	0.00	98.92	98.92	0.00	42	43	0.00	0.00	111.89	24.52	0.00	0.00
29	1.08	2643	2500	0.45	1852	0	0	1724	0.00	98.92	98.92	0.00	42	44	0.00	0.00	111.95	24.46	0.00	0.00
29	1.08	2646	2500	0.46	2023	0	0	1873	0.00	98.92	98.92	0.00	42	44	0.00	0.00	112.01	24.44	0.00	0.00
29	1.09	2640	2500	0.46	2261	0	0	2096	0.00	98.92	98.91	0.00	42	44	0.00	0.00	112.00	24.43	0.00	0.00
29	1.08	2643	2500	0.46	2080	0	1	1928	0.00	98.91	98.92	0.00	42	44	0.00	0.00	111.98	24.37	0.00	0.00
29	1.08	2643	2500	0.46	2119	0	0	1973	0.00	98.92	98.92	0.00	42	43	0.00	0.00	111.98	24.31	0.00	0.00
29	1.09	2641	2500	0.46	2218	0	0	2077	0.00	98.92	98.91	0.00	42	43	0.00	0.00	111.90	24.35	0.00	0.00
29	1.10	2621	2500	0.45	2392	0	0	2222	0.00	98.90	98.90	0.00	42	43	0.00	0.00	112.06	24.43	0.00	0.00
29	1.09	2634	2500	0.47	2108	0	0	1971	0.00	98.91	98.91	0.00	42	43	0.00	0.00	111.96	24.40	0.00	0.00
29	1.08	2648	2500	0.45	1706	0	0	1549	0.00	98.93	98.92	0.00	42	44	0.00	0.00	111.97	24.38	0.00	0.00
29	1.09	2645	2500	0.46	2217	0	0	2064	0.00	98.92	98.91	0.00	42	43	0.00	0.00	112.00	24.48	0.00	0.00
29	1.09	2641	2500	0.46	2276	0	0	2113	0.00	98.92	98.91	0.00	42	44	0.00	0.00	112.06	24.52	0.00	0.00
29	1.09	2641	2500	0.46	2210	0	0	2074	0.00	98.92	98.91	0.00	42	43	0.00	0.00	112.08	24.48	0.00	0.00
29	1.09	2640	2500	0.45	2098	0	0	1942	0.00	98.92	98.91	0.00	42	44	0.00	0.00	112.15	24.48	0.00	0.00
29	1.08	2645	2500	0.46	2008	0	0	1867	0.00	98.92	98.92	0.00	42	43	0.00	0.00	112.03	24.42	0.00	0.00
29	1.09	2639	2500	0.46	2240	0	0	2101	0.00	98.92	98.91	0.00	42	43	0.00	0.00	112.06	24.42	0.00	0.00
29	1.09	2642	2500	0.46	2185	0	0	2044	0.00	98.92	98.91	0.00	42	43	0.00	0.00	112.01	24.45	0.00	0.00
29	1.09	2633	2500	0.47	2120	0	2	1973	0.00	98.91	98.91	0.00	42	44	0.00	0.00	112.04	24.46	0.00	0.00
29	1.08	2642	2500	0.45	2021	0	0	1865	0.00	98.92	98.92	0.00	42	43	0.00	0.00	112.07	24.44	0.00	0.00
29	1.08	2646	2500	0.46	2147	0	0	1990	0.00	98.92	98.92	0.00	42	44	0.00	0.00	112.10	24.44	0.00	0.00
29	1.08	2641	2500	0.45	2142	0	0	1999	0.00	98.92	98.92	0.00	42	43	0.00	0.00	112.01	24.39	0.00	0.00
29	1.09	2641	2500	0.46	2245	0	0	2081	0.00	98.91	98.91	0.00	43	43	0.00	0.00	112.12	24.43	0.00	0.00
29	1.11	2613	2499	0.46	2242	0	0	2056	0.00	98.85	98.89	0.00	42	44	0.00	0.00	112.04	24.39	0.00	0.00
29	1.09	2640	2501	0.46	2185	0	0	2029	0.00	98.96	98.91	0.00	42	44	0.00	0.00	111.92	24.46	0.00	0.00
29	1.09	2642	2500	0.46	2188	0	0	2033	0.00	98.93	98.91	0.00	42	44	0.00	0.00	112.29	24.59	0.00	0.00
29	1.09	2641	2500	0.46	2163	0	0	2009	0.00	98.92	98.91	0.00	42	43	0.00	0.00	112.03	24.51	0.00	0.00
29	1.09	2641	2500	0.46	2203	0	0	2046	0.00	98.92	98.91	0.00	43	44	0.00	0.00	112.10	24.49	0.00	0.00
29	1.09	2632	2500	0.45	2218	0	0	2066	0.00	98.92	98.91	0.00	43	44	0.00	0.00	112.05	24.47	0.00	0.00
29	1.08	2647	2500	0.46	2152	0	0	1998	0.00	98.92	98.92	0.00	42	44	0.00	0.00	111.93	24.42	0.00	0.00
29	1.08	2640	2500	0.45	2125	0	0	1973	0.00	98.92	98.92	0.00	42	43	0.00	0.00	112.01	24.37	0.00	0.00
29	1.09	2643	2500	0.46	2212	0	0	2056	0.00	98.93	98.91	0.00	43	44	0.00	0.00	112.07	24.43	0.00	0.00
29	1.09	2642	2500	0.46	2154	0	0	2003	0.00	98.92	98.91	0.00	42	44	0.00	0.00	112.09	24.45	0.00	0.00
29	1.08	2643	2500	0.46	2150	0	0	2009	0.00	98.92	98.92	0.00	42	44	0.00	0.00	112.06	24.48	0.00	0.00
29	1.08	2643	2500	0.46	2065	0	0	1928	0.00	98.92	98.92	0.00	42	43	0.00	0.00	112.03	24.48	0.00	0.00
30	1.17	2543	2499	0.47	2268	0	0	2052	0.00	98.80	98.83	0.00	42	44	0.00	0.00	112.09	24.50	0.00	0.00
29	1.09	2638	2501	0.45	2206	0	0	2046	0.00	98.95	98.91	0.00	43	44	0.00	0.00	111.93	24.46	0.00	0.00
29	1.08	2642	2500	0.46	2218	0	0	2067	0.00	98.92	98.92	0.00	42	43	0.00	0.00	112.18	24.51	0.00	0.00
29	1.09	2633	2500	0.45	2091	0	0	1953	0.00	98.91	98.91	0.00	42	44	0.00	0.00	112.12	24.48	0.00	0.00
29	1.09	2644	2500	0.46	2231	0	2	2073	0.00	98.92	98.91	0.00	42	44	0.00	0.00	112.05	24.49	0.00	0.00
29	1.09	2643	2500	0.46	2162	0	0	2002	0.00	98.92	98.91	0.00	42	44	0.00	0.00	112.05	24.51	0.00	0.00
29	1.08	2643	2500	0.46	2170	0	0	2014	0.00	98.92	98.92	0.00	42	44	0.00	0.00	111.99	24.54	0.00	0.00
29	1.08	2641	2500	0.45	2048	0	0	1895	0.00	98.92	98.92	0.00	42	44	0.00	0.00	112.09	24.50	0.00	0.00
29	1.08	2642	2500	0.46	2156	0	0	1999	0.00	98.92	98.92	0.00	43	44	0.00	0.00	112.14	24.52	0.00	0.00
29	1.09	2641	2500	0.46	2150	0	0	1996	0.00	98.92	98.91	0.00	42	44	0.00	0.00	112.11	24.51	0.00	0.00
29	1.09	2639	2500	0.47	2072	0	0	1932	0.00	98.91	98.91	0.00	42	44	0.00	0.00	112.11	24.50	0.00	0.00
29	1.08	2643	2500	0.46	2003	0	0	1871	0.00	98.93	98.92	0.00	42	44	0.00	0.00	112.19	24.46	0.00	0.00
29	1.09	2640	2500	0.45	2169	0	0	2024	0.00	98.92	98.91	0.00	42	43	0.00	0.00	112.09	24.45	0.00	0.00
29	1.09	2638	2500	0.46	2167	0	0	2017	0.00	98.92	98.91	0.00	42	44	0.00	0.00	112.04	24.48	0.00	0.00
29	1.11	2614	2499	0.45	2268	0	2	2053	0.00	98.86	98.89	0.00	42	44	0.00	0.00	112.03	24.48	0.00	0.00
29	1.09	2642	2501	0.46	2108	0	1	1973	0.00	98.94	98.91	0.00	42	43	0.00	0.00	111.99	24.47	0.00	0.00
29	1.08	2650	2500	0.46	1793	0	0	1638	0.00	98.93	98.92	0.00	42	44	0.00	0.00	112.33	24.53	0.00	0.00
29	1.09	2641	2500	0.46	2135	0	2	1980	0.00	98.91	98.91	0.00	42	43	0.00	0.00	112.08	24.48	0.00	0.00
29	1.08	2643	2500	0.46	2133	0	0	1977	0.00	98.92	98.92	0.00	42	44	0.00	0.00	112.06	24.46	0.00	0.00
29	1.09	2642	2500	0.46	2087	0	0	1933	0.00	98.92	98.91	0.00	42	44	0.00	0.00	112.10	24.50	0.00	0.00
29	1.09	2641	2500	0.46	2148	0	2	2006	0.00	98.92	98.91	0.00	42	44	0.00	0.00	112.11	24.53	0.00	0.00
29	1.08	2643	2500	0.45	1963	0	0	1811	0.00	98.92	98.92	0.00	42	44	0.00	0.00	112.14	24.55	0.00	0.00
29	1.08	2647	2500	0.46	2178	0	0	2043	0.00	98.92	98.92	0.00	42	43	0.00	0.00	112.20	24.49	0.00	0.00
29	1.09	2632	2500	0.45	2159	0	0	2021	0.00	98.92	98.91	0.00	42	44	0.00	0.00	112.13	24.47	0.00	0.00
29	1.09	2644	2500	0.46	2193	0	0	2049	0.00	98.92	98.91	0.00	42	44	0.00	0.00	112.11	24.49	0.00	0.00
29	1.08	2644	2500	0.46	2019	0	0	1863	0.00	98.92	98.92	0.00	43	44	0.00	0.00	112.10	24.41	0.00	0.00
29	1.08	2643	2500	0.46	2109	0	0	1970	0.00	98.92	98.92	0.00	42	44	0.00	0.00	112.04	24.47	0.00	0.00
29	1.08	2645	2500	0.46	1914	0	0	1769	0.00	98.93	98.92	0.00	43	44	0.00	0.00	112.08	24.48	0.00	0.00
29	1.09	2641	2500	0.46	2222	0	0	2070	0.00	98.92	98.91	0.00	43	44	0.00	0.00	112.06	24.42	0.00	0.00
29	1.09	2640	2500	0.45	2148	0	0	1993	0.00	98.91	98.91	0.00	42	43	0.00	0.00	112.02	24.40	0.00	0.00
29	1.08	2643	2500	0.46	2073	0	0	1913	0.00	98.92	98.92	0.00	43	44	0.00	0.00	112.11	24.47	0.00	0.00
29	1.09	2638	2500	0.45	2237	0	2	2082	0.00	98.92	98.91	0.00	42	44	0.00	0.00	112.10	24.43	0.00	0.00
29	1.09	2645	2500	0.46	2286	0	0	2124	0.00	98.92	98.91	0.00	43	43	0.00	0.00	112.02	24.47	0.00	0.00
29	1.09	2637	2500	0.46	2128	0	0	1995	0.00	98.91	98.91	0.00	42	44	0.00	0.00	112.07	24.46	0.00	0.00
29	1.08	2644	2500	0.46	2131	0	0	1983	0.00	98.93	98.92	0.00	43	44	0.00	0.00	112.09	24.42	0.00	0.00
29	1.09	2640	2500	0.45	2154	0	0	1997	0.00	98.92	98.91	0.00	42	44	0.00	0.00	112.05	24.38	0.00	0.00
29	1.09	2639	2500	0.46	2350	0	0	2191	0.00	98.92	98.91	0.00	42	44	0.00	0.00	112.05	24.41	0.00	0.00
29	1.09	2641	2500	0.46	2166	0	0	2013	0.00	98.92	98.91	0.00	43	44	0.00	0.00	112.03	24.36	0.00	0.00
29	1.08	2643	2500	0.46	2152	0	0	1995	0.00	98.92	98.92	0.00	42	44	0.00	0.00	112.09	24.50	0.00	0.00
29	1.09	2641	2500	0.46	2127	0	0	1978	0.00	98.92	98.91	0.00	43	44	0.00	0.00	112.08	24.49	0.00	0.00
29	1.09	2640	2500	0.45	2204	0	0	2059	0.00	98.92	98.91	0.00	42	43	0.00	0.00	112.11	24.47	0.00	0.00
29	1.09	2644	2500	0.46	2201	0	0	2039	0.00	98.92	98.91	0.00	42	44	0.00	0.00	112.09	24.46	0.00	0.00
29	1.09	2643	2500	0.46	2217	0	0	2060	0.00	98.92	98.91	0.00	42	44	0.00	0.00	111.97	24.45	0.00	0.00
29	1.09	2628	2500	0.45	2208	0	0	2057	0.00	98.90	98.91	0.00	43	44	0.00	0.00	112.05	24.40	0.00	0.00
29	1.09	2641	2500	0.46	2248	0	0	2095	0.00	98.92	98.91	0.00	43	44	0.00	0.00	112.11	24.44	0.00	0.00
29	1.08	2642	2500	0.46	2121	0	1	1966	0.00	98.92	98.92	0.00	42	44	0.00	0.00	112.07	24.45	0.00	0.00
29	1.09	2642	2500	0.46	2181	0	0	2024	0.00	98.92	98.91	0.00	43	44	0.00	0.00	112.07	24.43	0.00	0.00
29	1.09	2641	2500	0.46	2196	0	0	2045	0.00	98.92	98.91	0.00	42	44	0.00	0.00	112.04	24.46	0.00	0.00
29	1.08	2642	2500	0.46	2220	0	0	2053	0.00	98.92	98.92	0.00	42	44	0.00	0.00	112.03	24.39	0.00	0.00
29	1.09	2639	2500	0.45	2184	0	0	2048	0.00	98.92	98.91	0.00	43	44	0.00	0.00	112.03	24.41	0.00	0.00
29	1.08	2648	2500	0.46	2099	0	0	1942	0.00	98.92	98.92	0.00	43	44	0.00	0.00	112.05	24.42	0.00	0.00
29	1.09	2640	2500	0.45	2198	0	0	2048	0.00	98.92	98.91	0.00	42	44	0.00	0.00	112.08	24.45	0.00	0.00
29	1.09	2638	2500	0.46	2162	0	0	2015	0.00	98.92	98.91	0.00	42	44	0.00	0.00	112.04	24.45	0.00	0.00
29	1.08	2643	2500	0.46	2114	0	0	1956	0.00	98.92	98.92	0.00	43	44	0.00	0.00	112.08	24.46	0.00	0.00
29	1.08	2643	2500	0.46	2085	0	0	1930	0.00	98.92	98.92	0.00	43	44	0.00	0.00	112.08	24.49	0.00	0.00
29	1.09	2642	2500	0.46	2114	0	0	1971	0.00	98.92	98.91	0.00	42	44	0.00	0.00	112.04	24.44	0.00	0.00
29	1.09	2642	2500	0.46	2179	0	2	2027	0.00	98.92	98.91	0.00	42	44	0.00	0.00	112.07	24.36	0.00	0.00
29	1.09	2640	2500	0.45	2113	0	0	1957	0.00	98.92	98.91	0.00	43	44	0.00	0.00	112.11	24.41	0.00	0.00
29	1.08	2643	2500	0.46	2139	0	0	1984	0.00	98.92	98.92	0.00	43	44	0.00	0.00	112.06	24.45	0.00	0.00
29	1.09	2639	2500	0.45	2177	0	0	2024	0.00	98.92	98.91	0.00	42	44	0.00	0.00	112.12	24.44	0.00	0.00
29	1.08	2647	2499	0.46	2198	0	0	2043	0.00	98.89	98.92	0.00	43	44	0.00	0.00	112.08	24.51	0.00	0.00
29	1.09	2642	2500	0.46	2160	0	0	2024	0.00	98.94	98.91	0.00	42	44	0.00	0.00	112.09	24.45	0.00	0.00
29	1.09	2636	2500	0.46	2163	0	0	2008	0.00	98.92	98.91	0.00	43	44	0.00	0.00	112.09	24.42	0.00	0.00
29	1.09	2641	2500	0.46	2116	0	0	1980	0.00	98.93	98.91	0.00	43	44	0.00	0.00	112.07	24.43	0.00	0.00
29	1.08	2641	2500	0.45	2216	0	0	2051	0.00	98.91	98.92	0.00	42	44	0.00	0.00	112.03	24.45	0.00	0.00
29	1.09	2641	2500	0.46	2190	0	0	2040	0.00	98.92	98.91	0.00	43	44	0.00	0.00	112.02	24.51	0.00	0.00
29	1.09	2637	2500	0.46	2434	0	0	2288	0.00	98.92	98.91	0.00	43	44	0.00	0.00	112.17	24.50	0.00	0.00
29	1.09	2640	2500	0.46	2203	0	0	2039	0.00	98.92	98.91	0.00	43	44	0.00	0.00	112.04	24.48	0.00	0.00
29	1.08	2642	2500	0.45	2124	0	0	1975	0.00	98.92	98.92	0.00	43	44	0.00	0.00	112.07	24.51	0.00	0.00
29	1.09	2645	2500	0.46	2118	0	0	1970	0.00	98.92	98.91	0.00	43	44	0.00	0.00	112.06	24.48	0.00	0.00
29	1.09	2643	2500	0.46	2237	0	0	2074	0.00	98.92	98.91	0.00	42	44	0.00	0.00	112.10	24.44	0.00	0.00
29	1.09	2634	2500	0.45	2185	0	0	2029	0.00	98.92	98.91	0.00	43	44	0.00	0.00	111.99	24.39	0.00	0.00
29	1.09	2636	2500	0.46	2239	0	0	2084	0.00	98.90	98.91	0.00	43	44	0.00	0.00	111.99	24.45	0.00	0.00
29	1.09	2640	2500	0.46	2189	0	0	2028	0.00	98.92	98.91	0.00	43	44	0.00	0.00	112.09	24.44	0.00	0.00
29	1.08	2643	2500	0.46	2134	0	0	1977	0.00	98.92	98.92	0.00	43	44	0.00	0.00	112.08	24.44	0.00	0.00
29	1.09	2640	2500	0.46	2195	0	0	2056	0.00	98.92	98.91	0.00	42	44	0.00	0.00	112.09	24.46	0.00	0.00
29	1.11	2607	2499	0.47	2367	0	0	2095	0.00	98.85	98.89	0.00	43	44	0.00	0.00	111.95	24.42	0.00	0.00
29	1.09	2639	2501	0.45	2073	0	0	1917	0.00	98.94	98.91	0.00	43	44	0.00	0.00	111.93	24.43	0.00	0.00
29	1.08	2649	2500	0.46	2048	0	0	1898	0.00	98.93	98.92	0.00	43	44	0.00	0.00	112.27	24.50	0.00	0.00
29	1.09	2639	2500	0.45	2160	0	0	2021	0.00	98.93	98.91	0.00	43	44	0.00	0.00	112.05	24.46	0.00	0.00
29	1.08	2645	2500	0.46	2114	0	0	1953	0.00	98.92	98.92	0.00	43	44	0.00	0.00	112.02	24.42	0.00	0.00
29	1.09	2641	2500	0.46	2196	0	1	2040	0.00	98.92	98.91	0.00	43	44	0.00	0.00	112.14	24.44	0.00	0.00
29	1.09	2634	2500	0.47	2175	0	1	2021	0.00	98.91	98.91	0.00	43	44	0.00	0.00	111.98	24.40	0.00	0.00
29	1.09	2640	2500	0.46	2220	0	0	2066	0.00	98.93	98.91	0.00	43	44	0.00	0.00	112.08	24.37	0.00	0.00
29	1.08	2652	2500	0.46	1625	0	0	1483	0.00	98.92	98.92	0.00	43	44	0.00	0.00	112.08	24.42	0.00	0.00
29	1.09	2641	2500	0.46	2162	0	0	2021	0.00	98.92	98.91	0.00	43	44	0.00	0.00	112.00	24.37	0.00	0.00
29	1.08	2642	2500	0.45	2049	0	0	1909	0.00	98.93	98.92	0.00	43	44	0.00	0.00	112.05	24.39	0.00	0.00
29	1.09	2638	2500	0.45	2215	0	0	2059	0.00	98.92	98.91	0.00	43	44	0.00	0.00	112.02	24.38	0.00	0.00
29	1.08	2647	2500	0.46	2179	0	0	2026	0.00	98.92	98.92	0.00	43	44	0.00	0.00	112.00	24.32	0.00	0.00
29	1.08	2645	2500	0.46	1968	0	0	1831	0.00	98.92	98.92	0.00	43	44	0.00	0.00	112.01	24.35	0.00	0.00
29	1.08	2644	2500	0.46	2025	0	1	1899	0.00	98.92	98.92	0.00	43	44	0.00	0.00	112.05	24.36	0.00	0.00
29	1.09	2641	2500	0.46	2181	0	0	2032	0.00	98.92	98.91	0.00	43	44	0.00	0.00	112.01	24.42	0.00	0.00
29	1.09	2636	2500	0.45	2046	0	0	1891	0.00	98.90	98.91	0.00	43	44	0.00	0.00	111.96	24.41	0.00	0.00
29	1.09	2641	2500	0.46	2135	0	0	1983	0.00	98.93	98.91	0.00	43	44	0.00	0.00	112.08	24.44	0.00	0.00
29	1.08	2644	2500	0.46	2077	0	0	1932	0.00	98.92	98.92	0.00	43	44	0.00	0.00	112.07	24.38	0.00	0.00
29	1.09	2638	2500	0.46	2284	0	0	2124	0.00	98.92	98.91	0.00	43	44	0.00	0.00	112.06	24.36	0.00	0.00
29	1.08	2642	2500	0.45	2117	0	0	1976	0.00	98.92	98.92	0.00	42	44	0.00	0.00	111.96	24.39	0.00	0.00
29	1.09	2645	2500	0.46	2153	0	0	2007	0.00	98.92	98.91	0.00	43	44	0.00	0.00	112.14	24.45	0.00	0.00
29	1.08	2646	2500	0.46	2054	0	0	1911	0.00	98.92	98.92	0.00	43	44	0.00	0.00	112.03	24.41	0.00	0.00
29	1.09	2638	2500	0.45	2218	0	0	2074	0.00	98.92	98.91	0.00	42	44	0.00	0.00	112.07	24.42	0.00	0.00
29	1.08	2643	2500	0.46	2133	0	0	1982	0.00	98.92	98.92	0.00	42	44	0.00	0.00	112.09	24.38	0.00	0.00
29	1.09	2640	2500	0.46	2140	0	2	1989	0.00	98.92	98.91	0.00	43	44	0.00	0.00	112.04	24.40	0.00	0.00
29	1.09	2636	2500	0.47	2080	0	0	1944	0.00	98.91	98.91	0.00	43	44	0.00	0.00	111.98	24.33	0.00	0.00
29	1.09	2639	2500	0.46	2276	0	0	2120	0.00	98.92	98.91	0.00	43	44	0.00	0.00	112.06	24.41	0.00	0.00
29	1.08	2642	2500	0.46	2130	0	0	1973	0.00	98.92	98.92	0.00	43	44	0.00	0.00	112.06	24.48	0.00	0.00
29	1.08	2643	2500	0.45	1993	0	0	1842	0.00	98.92	98.92	0.00	43	44	0.00	0.00	112.02	24.45	0.00	0.00
29	1.11	2615	2499	0.46	2237	0	0	2028	0.00	98.88	98.89	0.00	43	44	0.00	0.00	112.02	24.45	0.00	0.00
29	1.09	2638	2501	0.45	2194	0	0	2044	0.00	98.94	98.91	0.00	43	44	0.00	0.00	112.11	24.51	0.00	0.00
29	1.08	2654	2500	0.46	1520	0	0	1385	0.00	98.92	98.92	0.00	43	44	0.00	0.00	112.00	24.52	0.00	0.00
29	1.09	2640	2500	0.46	2194	0	0	2027	0.00	98.92	98.91	0.00	43	44	0.00	0.00	112.09	24.46	0.00	0.00
29	1.09	2642	2500	0.46	2180	0	0	2027	0.00	98.92	98.91	0.00	43	44	0.00	0.00	112.06	24.43	0.00	0.00
29	1.09	2634	2500	0.47	2171	0	2	2018	0.00	98.91	98.91	0.00	43	44	0.00	0.00	112.05	24.46	0.00	0.00
29	1.09	2641	2500	0.46	2165	0	0	2002	0.00	98.92	98.91	0.00	43	44	0.00	0.00	111.98	24.43	0.00	0.00
29	1.09	2642	2500	0.46	2148	0	0	2003	0.00	98.92	98.91	0.00	43	44	0.00	0.00	112.04	24.45	0.00	0.00
29	1.08	2641	2500	0.45	2136	0	1	1993	0.00	98.92	98.92	0.00	43	44	0.00	0.00	112.06	24.50	0.00	0.00
29	1.09	2640	2500	0.45	2116	0	0	1970	0.00	98.92	98.91	0.00	43	44	0.00	0.00	112.09	24.51	0.00	0.00
29	1.09	2645	2500	0.46	2148	0	0	1991	0.00	98.92	98.91	0.00	42	44	0.00	0.00	112.08	24.46	0.00	0.00
29	1.08	2645	2500	0.46	2043	0	0	1887	0.00	98.92	98.92	0.00	43	44	0.00	0.00	112.11	24.49	0.00	0.00
30	1.17	2547	2499	0.47	2270	0	1	2102	0.00	98.80	98.83	0.00	43	44	0.00	0.00	112.07	24.48	0.00	0.00
29	1.09	2640	2501	0.46	2163	0	0	2005	0.00	98.95	98.91	0.00	43	44	0.00	0.00	112.04	24.44	0.00	0.00
29	1.08	2643	2500	0.45	1956	0	0	1807	0.00	98.92	98.92	0.00	43	44	0.00	0.00	112.45	24.52	0.00	0.00
29	1.10	2627	2500	0.47	2260	0	0	2117	0.00	98.91	98.90	0.00	43	44	0.00	0.00	112.09	24.51	0.00	0.00
29	1.09	2642	2500	0.46	2204	0	0	2044	0.00	98.92	98.91	0.00	43	44	0.00	0.00	112.07	24.47	0.00	0.00
29	1.11	2616	2500	0.47	2100	0	0	2027	0.00	98.90	98.89	0.00	43	44	0.00	0.00	112.17	24.44	0.00	0.00
