Avg_MHz	Busy%	Bzy_MHz	TSC_MHz	IPC	IRQ	SMI	POLL	C1	POLL%	C1%	CPU%c1	CPU%c6	CoreTmp	PkgTmp	Pkg%pc2	Pkg%pc6	PkgWatt	RAMWatt	PKG_%	RAM_%
402	16.77	2396	2503	0.41	6904	0	13	2561	0.00	83.35	83.23	0.00	50	50	0.00	0.00	164.01	37.66	0.00	0.00
401	16.75	2396	2500	0.42	6817	0	3	2637	0.00	83.26	83.25	0.00	49	49	0.00	0.00	163.84	37.56	0.00	0.00
401	16.73	2397	2500	0.41	6795	0	1	2588	0.00	83.29	83.27	0.00	50	50	0.00	0.00	163.72	37.55	0.00	0.00
401	16.75	2396	2500	0.42	6820	0	11	2590	0.00	83.25	83.25	0.00	50	50	0.00	0.00	163.84	37.50	0.00	0.00
401	16.73	2397	2500	0.41	6946	0	2	2724	0.00	83.28	83.27	0.00	50	50	0.00	0.00	163.60	37.48	0.00	0.00
401	16.72	2398	2500	0.41	6617	0	0	2464	0.00	83.28	83.28	0.00	50	50	0.00	0.00	163.73	37.55	0.00	0.00
401	16.73	2397	2500	0.41	6610	0	0	2407	0.00	83.27	83.27	0.00	50	50	0.00	0.00	163.62	37.51	0.00	0.00
401	16.72	2396	2500	0.41	7282	0	0	2615	0.00	83.29	83.28	0.00	50	50	0.00	0.00	163.82	37.66	0.00	0.00
401	16.73	2397	2500	0.41	6812	0	4	2547	0.00	83.28	83.27	0.00	50	50	0.00	0.00	163.91	37.52	0.00	0.00
401	16.72	2399	2500	0.41	6773	0	2	2365	0.00	83.28	83.28	0.00	50	50	0.00	0.00	163.68	37.43	0.00	0.00
401	16.72	2399	2500	0.41	7008	0	1	2445	0.00	83.28	83.28	0.00	50	50	0.00	0.00	163.81	37.45	0.00	0.00
401	16.72	2398	2500	0.41	6936	0	0	2395	0.00	83.28	83.28	0.00	51	51	0.00	0.00	163.77	37.48	0.00	0.00
401	16.72	2397	2500	0.41	6716	0	2	2511	0.00	83.28	83.28	0.00	51	51	0.00	0.00	163.81	37.58	0.00	0.00
401	16.72	2397	2500	0.41	6784	0	2	2570	0.00	83.28	83.28	0.00	51	51	0.00	0.00	163.79	37.57	0.00	0.00
401	16.72	2398	2500	0.41	6469	0	0	2251	0.00	83.29	83.28	0.00	51	51	0.00	0.00	163.73	37.54	0.00	0.00
401	16.72	2397	2500	0.41	6782	0	1	2573	0.00	83.28	83.28	0.00	51	51	0.00	0.00	163.48	37.50	0.00	0.00
401	16.73	2397	2500	0.41	6752	0	1	2548	0.00	83.28	83.27	0.00	51	51	0.00	0.00	163.75	37.59	0.00	0.00
401	16.72	2397	2500	0.41	6848	0	0	2660	0.00	83.28	83.28	0.00	51	51	0.00	0.00	163.80	37.54	0.00	0.00
402	16.72	2403	2500	0.41	6647	0	1	2406	0.00	83.28	83.28	0.00	51	51	0.00	0.00	163.62	37.54	0.00	0.00
401	16.73	2397	2500	0.41	7184	0	4	2976	0.00	83.28	83.27	0.00	51	51	0.00	0.00	163.50	37.76	0.00	0.00
401	16.72	2397	2500	0.41	6554	0	3	2355	0.00	83.28	83.28	0.00	51	51	0.00	0.00	163.65	37.75	0.00	0.00
401	16.72	2397	2500	0.41	6732	0	2	2514	0.00	83.28	83.28	0.00	51	51	0.00	0.00	163.83	37.78	0.00	0.00
401	16.72	2398	2500	0.41	6470	0	3	2269	0.00	83.29	83.28	0.00	51	51	0.00	0.00	163.79	37.71	0.00	0.00
401	16.72	2397	2500	0.41	6841	0	3	2604	0.00	83.28	83.28	0.00	51	51	0.00	0.00	163.97	37.70	0.00	0.00
401	16.72	2397	2500	0.41	6685	0	1	2561	0.00	83.28	83.28	0.00	51	51	0.00	0.00	164.17	37.62	0.00	0.00
401	16.72	2397	2500	0.41	6800	0	0	2602	0.00	83.28	83.28	0.00	51	51	0.00	0.00	164.14	37.66	0.00	0.00
401	16.73	2397	2500	0.41	6842	0	0	2620	0.00	83.28	83.27	0.00	51	51	0.00	0.00	163.87	37.75	0.00	0.00
401	16.72	2396	2500	0.41	6929	0	1	2741	0.00	83.28	83.28	0.00	52	52	0.00	0.00	163.79	37.72	0.00	0.00
401	16.72	2397	2500	0.41	6845	0	2	2603	0.00	83.28	83.28	0.00	51	51	0.00	0.00	163.78	37.67	0.00	0.00
401	16.72	2397	2500	0.41	6837	0	5	2722	0.00	83.28	83.28	0.00	52	52	0.00	0.00	164.02	37.72	0.00	0.00
401	16.72	2397	2500	0.41	6769	0	6	2552	0.00	83.29	83.28	0.00	52	52	0.00	0.00	164.04	37.67	0.00	0.00
401	16.72	2397	2500	0.41	6647	0	3	2438	0.00	83.28	83.28	0.00	52	52	0.00	0.00	164.36	37.67	0.00	0.00
401	16.73	2397	2500	0.41	7029	0	1	2782	0.00	83.28	83.27	0.00	51	51	0.00	0.00	164.24	37.68	0.00	0.00
415	17.27	2403	2498	0.44	7636	0	0	3439	0.00	82.68	82.73	0.00	52	52	0.00	0.00	168.27	39.47	0.00	0.00
401	16.73	2397	2501	0.41	6654	0	2	2489	0.00	83.33	83.27	0.00	52	52	0.00	0.00	164.49	37.74	0.00	0.00
401	16.72	2397	2500	0.41	6564	0	1	2323	0.00	83.28	83.28	0.00	52	52	0.00	0.00	164.20	37.64	0.00	0.00
401	16.73	2397	2500	0.41	6740	0	3	2528	0.00	83.28	83.27	0.00	52	52	0.00	0.00	164.12	37.69	0.00	0.00
401	16.73	2396	2500	0.41	6957	0	1	2754	0.00	83.27	83.27	0.00	52	52	0.00	0.00	164.10	37.74	0.00	0.00
401	16.72	2397	2500	0.41	6485	0	5	2267	0.00	83.29	83.28	0.00	52	52	0.00	0.00	164.17	37.66	0.00	0.00
401	16.72	2397	2500	0.41	6579	0	3	2393	0.00	83.28	83.28	0.00	52	52	0.00	0.00	164.60	37.62	0.00	0.00
401	16.73	2397	2500	0.41	6898	0	2	2688	0.00	83.28	83.27	0.00	52	52	0.00	0.00	164.42	37.62	0.00	0.00
401	16.72	2397	2500	0.41	6912	0	1	2705	0.00	83.28	83.28	0.00	52	52	0.00	0.00	164.22	37.56	0.00	0.00
401	16.73	2397	2500	0.41	6942	0	1	2714	0.00	83.28	83.27	0.00	53	53	0.00	0.00	164.09	37.61	0.00	0.00
401	16.72	2397	2500	0.41	6546	0	2	2309	0.00	83.29	83.28	0.00	53	53	0.00	0.00	164.03	37.71	0.00	0.00
401	16.72	2397	2500	0.41	6642	0	2	2434	0.00	83.28	83.28	0.00	52	52	0.00	0.00	164.29	37.62	0.00	0.00
401	16.73	2398	2500	0.41	6682	0	2	2459	0.00	83.28	83.27	0.00	53	53	0.00	0.00	164.57	37.69	0.00	0.00
401	16.72	2399	2500	0.41	6460	0	1	2291	0.00	83.29	83.28	0.00	53	53	0.00	0.00	164.45	37.70	0.00	0.00
402	16.72	2404	2500	0.41	6785	0	1	2545	0.00	83.28	83.28	0.00	52	52	0.00	0.00	163.69	37.66	0.00	0.00
401	16.72	2398	2500	0.41	6558	0	4	2364	0.00	83.28	83.28	0.00	53	53	0.00	0.00	164.01	37.77	0.00	0.00
391	16.44	2396	2479	0.41	6803	0	0	2656	0.00	82.86	83.56	0.00	53	53	0.00	0.00	159.26	36.59	0.00	0.00
400	16.70	2397	2499	0.41	6451	0	2	2141	0.00	83.26	83.30	0.00	53	53	0.00	0.00	163.03	37.50	0.00	0.00
405	16.82	2399	2507	0.41	7179	0	4	2552	0.00	83.43	83.18	0.00	53	53	0.00	0.00	165.54	38.08	0.00	0.00
398	16.61	2400	2493	0.41	6929	0	11	2517	0.00	83.15	83.39	0.00	53	53	0.00	0.00	162.75	37.35	0.00	0.00
401	16.72	2399	2500	0.41	6933	0	2	2321	0.00	83.29	83.28	0.00	53	53	0.00	0.00	164.28	37.74	0.00	0.00
401	16.72	2398	2500	0.41	7193	0	1	2339	0.00	83.29	83.28	0.00	53	53	0.00	0.00	164.12	37.65	0.00	0.00
406	16.85	2399	2509	0.41	7319	0	2	2613	0.00	83.46	83.15	0.00	53	53	0.00	0.00	165.88	38.08	0.00	0.00
402	16.70	2405	2500	0.41	6747	0	3	2430	0.00	83.31	83.30	0.00	53	53	0.00	0.00	164.41	37.61	0.00	0.00
400	16.63	2412	2496	0.41	6717	0	0	2361	0.00	83.23	83.37	0.00	53	53	0.00	0.00	164.08	37.42	0.00	0.00
399	16.62	2405	2495	0.41	6815	0	2	2477	0.00	83.21	83.38	0.00	53	53	0.00	0.00	162.55	36.85	0.00	0.00
401	16.72	2398	2500	0.41	6886	0	0	2468	0.00	83.29	83.28	0.00	53	53	0.00	0.00	164.32	37.43	0.00	0.00
401	16.72	2397	2500	0.41	6790	0	0	2346	0.00	83.28	83.28	0.00	53	53	0.00	0.00	164.47	37.45	0.00	0.00
403	16.75	2402	2503	0.41	6816	0	0	2364	0.00	83.34	83.25	0.00	53	53	0.00	0.00	165.63	37.73	0.00	0.00
401	16.71	2399	2500	0.41	6843	0	0	2455	0.00	83.30	83.29	0.00	53	53	0.00	0.00	163.14	37.03	0.00	0.00
405	16.76	2410	2505	0.41	6475	0	0	2120	0.00	83.42	83.24	0.00	53	53	0.00	0.00	166.35	37.79	0.00	0.00
400	16.65	2405	2497	0.41	6768	0	0	2488	0.00	83.26	83.35	0.00	53	53	0.00	0.00	162.22	36.66	0.00	0.00
399	16.63	2408	2494	0.41	6578	0	1	2177	0.00	83.16	83.37	0.00	53	53	0.00	0.00	162.87	36.89	0.00	0.00
404	16.81	2400	2507	0.41	6927	0	0	2475	0.00	83.44	83.19	0.00	53	53	0.00	0.00	165.59	37.75	0.00	0.00
399	16.66	2401	2496	0.41	6838	0	0	2522	0.00	83.23	83.34	0.00	53	53	0.00	0.00	163.11	37.06	0.00	0.00
404	16.74	2409	2504	0.41	6484	0	0	2094	0.00	83.40	83.26	0.00	53	53	0.00	0.00	164.69	37.30	0.00	0.00
398	16.61	2401	2493	0.41	6720	0	0	2439	0.00	83.17	83.39	0.00	53	53	0.00	0.00	162.80	36.96	0.00	0.00
401	16.72	2397	2500	0.41	6982	0	0	2517	0.00	83.28	83.28	0.00	54	54	0.00	0.00	164.45	37.37	0.00	0.00
404	16.78	2405	2505	0.41	6646	0	0	2276	0.00	83.40	83.22	0.00	54	54	0.00	0.00	165.50	37.56	0.00	0.00
399	16.62	2404	2495	0.41	6553	0	0	2160	0.00	83.21	83.38	0.00	54	54	0.00	0.00	162.99	36.74	0.00	0.00
401	16.72	2397	2500	0.41	6917	0	2	2485	0.00	83.29	83.28	0.00	54	54	0.00	0.00	164.31	37.37	0.00	0.00
403	16.72	2408	2500	0.41	6994	0	1	2542	0.00	83.28	83.28	0.00	53	53	0.00	0.00	164.00	37.29	0.00	0.00
401	16.72	2397	2500	0.41	6871	0	0	2473	0.00	83.28	83.28	0.00	54	54	0.00	0.00	164.18	37.44	0.00	0.00
409	16.94	2402	2517	0.41	6940	0	0	2524	0.00	83.62	83.06	0.00	54	54	0.00	0.00	167.73	38.28	0.00	0.00
397	16.57	2405	2492	0.41	6559	0	0	2359	0.00	83.17	83.43	0.00	54	54	0.00	0.00	161.76	36.65	0.00	0.00
401	16.67	2411	2495	0.41	7132	0	1	2673	0.00	83.16	83.33	0.00	54	54	0.00	0.00	163.67	37.23	0.00	0.00
399	16.62	2405	2497	0.41	6513	0	0	2171	0.00	83.27	83.38	0.00	54	54	0.00	0.00	162.37	36.66	0.00	0.00
401	16.72	2397	2500	0.41	7036	0	0	2570	0.00	83.28	83.28	0.00	54	54	0.00	0.00	164.26	37.44	0.00	0.00
401	16.72	2397	2500	0.41	6788	0	2	2365	0.00	83.28	83.28	0.00	53	54	0.00	0.00	164.59	37.49	0.00	0.00
401	16.72	2397	2500	0.41	7019	0	0	2601	0.00	83.28	83.28	0.00	53	53	0.00	0.00	164.25	37.45	0.00	0.00
403	16.75	2402	2503	0.41	6813	0	2	2396	0.00	83.34	83.25	0.00	54	54	0.00	0.00	165.14	37.67	0.00	0.00
400	16.67	2399	2497	0.41	6684	0	0	2299	0.00	83.25	83.33	0.00	54	54	0.00	0.00	163.24	37.14	0.00	0.00
401	16.72	2397	2500	0.41	6789	0	0	2352	0.00	83.29	83.28	0.00	54	54	0.00	0.00	164.36	37.47	0.00	0.00
401	16.72	2397	2500	0.41	6857	0	0	2403	0.00	83.29	83.28	0.00	54	54	0.00	0.00	164.44	37.48	0.00	0.00
401	16.72	2397	2500	0.41	6560	0	0	2192	0.00	83.29	83.28	0.00	54	54	0.00	0.00	164.68	37.54	0.00	0.00
402	16.73	2399	2501	0.41	6907	0	0	2454	0.00	83.31	83.27	0.00	54	54	0.00	0.00	165.39	37.77	0.00	0.00
400	16.70	2397	2499	0.41	6929	0	0	2335	0.00	83.27	83.30	0.00	54	54	0.00	0.00	163.38	37.27	0.00	0.00
401	16.72	2397	2500	0.41	7005	0	0	2539	0.00	83.28	83.28	0.00	54	54	0.00	0.00	164.67	37.57	0.00	0.00
401	16.72	2399	2500	0.41	7108	0	0	2520	0.00	83.29	83.28	0.00	54	54	0.00	0.00	164.62	37.41	0.00	0.00
404	16.81	2399	2507	0.41	6767	0	1	2297	0.00	83.45	83.19	0.00	54	54	0.00	0.00	165.84	37.72	0.00	0.00
398	16.61	2402	2493	0.41	6817	0	3	2518	0.00	83.15	83.39	0.00	54	54	0.00	0.00	162.94	37.12	0.00	0.00
401	16.72	2397	2500	0.41	7114	0	0	2366	0.00	83.29	83.28	0.00	54	54	0.00	0.00	164.58	37.48	0.00	0.00
405	16.79	2406	2505	0.41	6860	0	0	2432	0.00	83.39	83.21	0.00	54	54	0.00	0.00	165.67	37.75	0.00	0.00
402	16.64	2418	2498	0.40	6769	0	0	2466	0.00	83.31	83.36	0.00	54	54	0.00	0.00	164.90	37.07	0.00	0.00
399	16.65	2401	2496	0.41	6611	0	2	2319	0.00	83.23	83.35	0.00	54	54	0.00	0.00	162.21	36.80	0.00	0.00
401	16.72	2398	2500	0.41	6761	0	0	2290	0.00	83.29	83.28	0.00	54	54	0.00	0.00	164.62	37.51	0.00	0.00
401	16.72	2397	2500	0.41	6727	0	0	2321	0.00	83.28	83.28	0.00	54	54	0.00	0.00	164.70	37.43	0.00	0.00
401	16.72	2398	2500	0.41	6763	0	0	2324	0.00	83.29	83.28	0.00	54	54	0.00	0.00	164.39	37.42	0.00	0.00
401	16.75	2396	2500	0.41	4655	0	1	2272	0.00	83.26	83.25	0.00	54	54	0.00	0.00	164.63	37.46	0.00	0.00
