Avg_MHz	Busy%	Bzy_MHz	TSC_MHz	IPC	IRQ	SMI	POLL	C1	POLL%	C1%	CPU%c1	CPU%c6	CoreTmp	PkgTmp	Pkg%pc2	Pkg%pc6	PkgWatt	RAMWatt	PKG_%	RAM_%
26	1.09	2353	2503	0.59	2086	0	0	1868	0.00	99.04	98.91	0.00	54	54	0.00	0.00	114.45	24.37	0.00	0.00
26	1.09	2352	2500	0.59	2088	0	1	1951	0.00	98.92	98.91	0.00	54	54	0.00	0.00	114.14	24.33	0.00	0.00
26	1.09	2348	2500	0.59	2087	0	3	1940	0.00	98.91	98.91	0.00	54	54	0.00	0.00	114.11	24.32	0.00	0.00
26	1.09	2357	2500	0.60	1998	0	0	1853	0.00	98.92	98.91	0.00	53	53	0.00	0.00	114.09	24.27	0.00	0.00
26	1.09	2358	2500	0.59	2136	0	0	2008	0.00	98.91	98.91	0.00	53	53	0.00	0.00	114.17	24.26	0.00	0.00
26	1.09	2344	2500	0.59	2114	0	0	2006	0.00	98.91	98.91	0.00	53	53	0.00	0.00	114.32	24.32	0.00	0.00
26	1.09	2352	2500	0.60	2228	0	0	2099	0.00	98.91	98.91	0.00	53	53	0.00	0.00	114.17	24.31	0.00	0.00
26	1.09	2354	2500	0.59	2066	0	0	1908	0.00	98.93	98.91	0.00	53	53	0.00	0.00	114.13	24.30	0.00	0.00
26	1.08	2353	2500	0.59	2055	0	0	1907	0.00	98.92	98.92	0.00	53	53	0.00	0.00	114.08	24.33	0.00	0.00
26	1.08	2353	2500	0.59	2049	0	0	1890	0.00	98.92	98.92	0.00	53	53	0.00	0.00	114.09	24.28	0.00	0.00
26	1.09	2362	2500	0.59	2196	0	0	2032	0.00	98.92	98.91	0.00	53	53	0.00	0.00	114.19	24.28	0.00	0.00
26	1.08	2363	2500	0.59	1955	0	0	1807	0.00	98.92	98.92	0.00	54	54	0.00	0.00	114.14	24.20	0.00	0.00
26	1.08	2354	2500	0.59	1997	0	2	1859	0.00	98.93	98.92	0.00	53	53	0.00	0.00	114.17	24.26	0.00	0.00
26	1.09	2353	2500	0.60	2017	0	0	1870	0.00	98.90	98.91	0.00	53	53	0.00	0.00	114.11	24.31	0.00	0.00
26	1.09	2353	2500	0.59	2171	0	0	2011	0.00	98.92	98.91	0.00	52	52	0.00	0.00	114.10	24.34	0.00	0.00
25	1.08	2354	2500	0.59	1988	0	0	1832	0.00	98.91	98.92	0.00	52	52	0.00	0.00	114.09	24.34	0.00	0.00
26	1.09	2352	2500	0.59	2055	0	0	1924	0.00	98.92	98.91	0.00	52	52	0.00	0.00	114.17	24.33	0.00	0.00
26	1.13	2320	2499	0.59	3366	0	2	2071	0.00	98.83	98.87	0.00	52	52	0.00	0.00	114.16	24.31	0.00	0.00
26	1.09	2350	2501	0.59	2098	0	0	1963	0.00	98.96	98.91	0.00	52	52	0.00	0.00	114.43	24.35	0.00	0.00
26	1.08	2362	2500	0.59	1973	0	0	1831	0.00	98.92	98.92	0.00	52	52	0.00	0.00	114.15	24.31	0.00	0.00
26	1.08	2359	2500	0.60	1969	0	2	1814	0.00	98.92	98.92	0.00	52	52	0.00	0.00	114.15	24.34	0.00	0.00
26	1.08	2356	2500	0.59	1937	0	0	1781	0.00	98.92	98.92	0.00	52	52	0.00	0.00	114.04	24.29	0.00	0.00
26	1.09	2348	2500	0.59	2086	0	0	1935	0.00	98.92	98.91	0.00	52	52	0.00	0.00	114.16	24.28	0.00	0.00
26	1.08	2353	2500	0.59	2040	0	0	1888	0.00	98.92	98.92	0.00	52	52	0.00	0.00	114.14	24.31	0.00	0.00
26	1.08	2364	2500	0.59	2010	0	0	1853	0.00	98.92	98.92	0.00	52	52	0.00	0.00	114.02	24.26	0.00	0.00
25	1.08	2359	2500	0.59	1650	0	0	1499	0.00	98.92	98.92	0.00	52	52	0.00	0.00	114.02	24.30	0.00	0.00
26	1.08	2363	2500	0.59	2023	0	0	1865	0.00	98.92	98.92	0.00	52	52	0.00	0.00	114.12	24.27	0.00	0.00
26	1.08	2359	2500	0.60	2101	0	0	1942	0.00	98.92	98.92	0.00	52	52	0.00	0.00	114.16	24.28	0.00	0.00
26	1.08	2355	2500	0.59	2057	0	0	1908	0.00	98.92	98.92	0.00	52	52	0.00	0.00	114.06	24.29	0.00	0.00
25	1.08	2354	2500	0.59	1998	0	0	1839	0.00	98.92	98.92	0.00	51	51	0.00	0.00	114.00	24.32	0.00	0.00
26	1.09	2352	2500	0.59	2126	0	0	1977	0.00	98.93	98.91	0.00	51	51	0.00	0.00	114.14	24.32	0.00	0.00
26	1.08	2363	2500	0.59	2027	0	0	1888	0.00	98.91	98.92	0.00	52	52	0.00	0.00	114.04	24.28	0.00	0.00
26	1.09	2346	2500	0.59	2147	0	0	1978	0.00	98.92	98.91	0.00	52	52	0.00	0.00	114.13	24.30	0.00	0.00
26	1.09	2358	2500	0.59	2088	0	0	1945	0.00	98.92	98.91	0.00	52	52	0.00	0.00	113.97	24.30	0.00	0.00
26	1.08	2359	2500	0.60	2081	0	0	1918	0.00	98.92	98.92	0.00	51	51	0.00	0.00	114.16	24.28	0.00	0.00
26	1.09	2352	2500	0.60	1956	0	0	1803	0.00	98.91	98.91	0.00	52	52	0.00	0.00	114.12	24.32	0.00	0.00
26	1.08	2354	2500	0.59	1985	0	0	1832	0.00	98.92	98.92	0.00	51	51	0.00	0.00	114.03	24.32	0.00	0.00
26	1.08	2353	2500	0.59	2002	0	0	1843	0.00	98.92	98.92	0.00	52	52	0.00	0.00	114.13	24.33	0.00	0.00
26	1.09	2352	2500	0.59	2143	0	0	1990	0.00	98.92	98.91	0.00	51	51	0.00	0.00	114.17	24.34	0.00	0.00
26	1.08	2364	2500	0.59	2027	0	0	1868	0.00	98.92	98.92	0.00	51	51	0.00	0.00	114.00	24.39	0.00	0.00
26	1.08	2364	2500	0.59	1900	0	0	1745	0.00	98.92	98.92	0.00	51	51	0.00	0.00	113.90	24.34	0.00	0.00
26	1.08	2360	2500	0.60	1977	0	0	1822	0.00	98.92	98.92	0.00	51	51	0.00	0.00	113.94	24.32	0.00	0.00
26	1.09	2347	2500	0.59	2067	0	0	1909	0.00	98.91	98.91	0.00	51	51	0.00	0.00	113.96	24.31	0.00	0.00
26	1.08	2356	2500	0.59	2039	0	0	1883	0.00	98.93	98.92	0.00	52	52	0.00	0.00	113.96	24.30	0.00	0.00
25	1.08	2354	2500	0.59	2005	0	0	1851	0.00	98.91	98.92	0.00	51	51	0.00	0.00	114.09	24.29	0.00	0.00
26	1.08	2353	2500	0.59	2053	0	0	1903	0.00	98.92	98.92	0.00	51	51	0.00	0.00	113.93	24.24	0.00	0.00
26	1.08	2363	2500	0.59	1996	0	0	1836	0.00	98.92	98.92	0.00	51	51	0.00	0.00	114.02	24.28	0.00	0.00
26	1.08	2363	2500	0.59	2072	0	0	1924	0.00	98.92	98.92	0.00	51	51	0.00	0.00	113.83	24.16	0.00	0.00
25	1.08	2355	2500	0.59	1982	0	0	1827	0.00	98.92	98.92	0.00	51	51	0.00	0.00	113.96	24.27	0.00	0.00
26	1.09	2358	2500	0.60	2101	0	0	1949	0.00	98.92	98.91	0.00	51	51	0.00	0.00	114.00	24.27	0.00	0.00
26	1.08	2358	2500	0.59	1885	0	0	1734	0.00	98.92	98.92	0.00	50	50	0.00	0.00	114.08	24.28	0.00	0.00
26	1.09	2352	2500	0.59	2111	0	0	1956	0.00	98.92	98.91	0.00	51	51	0.00	0.00	114.04	24.26	0.00	0.00
26	1.09	2348	2500	0.59	1995	0	2	1845	0.00	98.91	98.91	0.00	51	51	0.00	0.00	113.96	24.22	0.00	0.00
26	1.09	2362	2500	0.59	2050	0	4	1892	0.00	98.92	98.91	0.00	51	51	0.00	0.00	114.04	24.27	0.00	0.00
26	1.15	2300	2499	0.60	2049	0	2	1859	0.00	98.81	98.85	0.00	50	50	0.00	0.00	113.98	24.29	0.00	0.00
26	1.08	2353	2501	0.59	1903	0	0	1752	0.00	98.96	98.92	0.00	51	51	0.00	0.00	114.11	24.32	0.00	0.00
26	1.08	2360	2500	0.60	1938	0	0	1801	0.00	98.92	98.92	0.00	51	51	0.00	0.00	113.91	24.32	0.00	0.00
26	1.09	2354	2500	0.59	2047	0	2	1897	0.00	98.92	98.91	0.00	51	51	0.00	0.00	114.03	24.33	0.00	0.00
25	1.08	2355	2500	0.59	1976	0	0	1822	0.00	98.92	98.92	0.00	51	51	0.00	0.00	113.83	24.30	0.00	0.00
26	1.08	2353	2500	0.59	2049	0	0	1899	0.00	98.92	98.92	0.00	51	51	0.00	0.00	113.80	24.30	0.00	0.00
26	1.08	2364	2500	0.59	2029	0	0	1875	0.00	98.91	98.92	0.00	51	51	0.00	0.00	113.59	24.24	0.00	0.00
26	1.08	2362	2500	0.59	2041	0	0	1884	0.00	98.93	98.92	0.00	51	51	0.00	0.00	113.69	24.32	0.00	0.00
26	1.09	2349	2500	0.59	1906	0	2	1758	0.00	98.91	98.91	0.00	50	50	0.00	0.00	113.77	24.26	0.00	0.00
26	1.08	2358	2500	0.60	2048	0	0	1896	0.00	98.92	98.92	0.00	50	50	0.00	0.00	113.94	24.27	0.00	0.00
26	1.08	2355	2500	0.59	1992	0	0	1842	0.00	98.92	98.92	0.00	50	50	0.00	0.00	113.87	24.23	0.00	0.00
26	1.09	2351	2500	0.59	2130	0	0	1973	0.00	98.92	98.91	0.00	50	50	0.00	0.00	113.90	24.27	0.00	0.00
25	1.08	2355	2500	0.59	1894	0	2	1739	0.00	98.92	98.92	0.00	51	51	0.00	0.00	113.77	24.23	0.00	0.00
26	1.08	2364	2500	0.59	1956	0	0	1803	0.00	98.92	98.92	0.00	50	50	0.00	0.00	113.74	24.22	0.00	0.00
26	1.08	2363	2500	0.59	2006	0	0	1853	0.00	98.92	98.92	0.00	50	50	0.00	0.00	113.81	24.19	0.00	0.00
26	1.09	2351	2499	0.59	2124	0	0	1967	0.00	98.90	98.91	0.00	51	51	0.00	0.00	113.82	24.23	0.00	0.00
26	1.08	2358	2501	0.60	2073	0	0	1931	0.00	98.94	98.92	0.00	50	50	0.00	0.00	113.90	24.18	0.00	0.00
26	1.08	2355	2500	0.59	2017	0	0	1861	0.00	98.93	98.92	0.00	50	50	0.00	0.00	113.79	24.23	0.00	0.00
26	1.09	2348	2500	0.59	1989	0	0	1838	0.00	98.91	98.91	0.00	50	50	0.00	0.00	113.69	24.22	0.00	0.00
26	1.09	2352	2500	0.59	2113	0	1	1949	0.00	98.93	98.91	0.00	50	50	0.00	0.00	113.98	24.22	0.00	0.00
26	1.08	2363	2500	0.59	2064	0	0	1911	0.00	98.91	98.92	0.00	50	50	0.00	0.00	113.86	24.20	0.00	0.00
26	1.08	2362	2500	0.59	2090	0	0	1939	0.00	98.92	98.92	0.00	51	51	0.00	0.00	114.11	24.21	0.00	0.00
26	1.09	2352	2499	0.59	2038	0	0	1888	0.00	98.89	98.91	0.00	50	50	0.00	0.00	113.88	24.18	0.00	0.00
26	1.08	2359	2501	0.60	2062	0	0	1914	0.00	98.96	98.92	0.00	50	50	0.00	0.00	114.07	24.23	0.00	0.00
26	1.08	2356	2500	0.59	2012	0	0	1859	0.00	98.92	98.92	0.00	50	50	0.00	0.00	113.93	24.22	0.00	0.00
26	1.08	2353	2500	0.59	2047	0	0	1897	0.00	98.92	98.92	0.00	50	50	0.00	0.00	114.07	24.21	0.00	0.00
26	1.08	2353	2500	0.59	2002	0	0	1850	0.00	98.92	98.92	0.00	50	50	0.00	0.00	114.20	24.19	0.00	0.00
26	1.09	2362	2500	0.59	2133	0	0	1970	0.00	98.92	98.91	0.00	50	50	0.00	0.00	114.50	24.22	0.00	0.00
26	1.09	2347	2500	0.59	2062	0	0	1903	0.00	98.91	98.91	0.00	50	50	0.00	0.00	114.16	24.24	0.00	0.00
26	1.08	2362	2500	0.59	2045	0	0	1891	0.00	98.92	98.92	0.00	50	50	0.00	0.00	114.52	24.19	0.00	0.00
26	1.08	2359	2500	0.60	2034	0	2	1885	0.00	98.92	98.92	0.00	50	50	0.00	0.00	113.98	24.21	0.00	0.00
26	1.08	2355	2500	0.59	2068	0	0	1917	0.00	98.92	98.92	0.00	50	50	0.00	0.00	114.01	24.23	0.00	0.00
26	1.08	2353	2500	0.59	2000	0	1	1851	0.00	98.92	98.92	0.00	50	50	0.00	0.00	113.80	24.21	0.00	0.00
26	1.10	2334	2499	0.59	1820	0	0	1594	0.00	98.88	98.90	0.00	50	50	0.00	0.00	113.80	24.21	0.00	0.00
26	1.08	2363	2501	0.59	2044	0	1	1883	0.00	98.94	98.92	0.00	50	50	0.00	0.00	113.71	24.19	0.00	0.00
26	1.09	2351	2500	0.59	2125	0	0	1967	0.00	98.92	98.91	0.00	49	49	0.00	0.00	113.98	24.22	0.00	0.00
26	1.08	2363	2500	0.59	2020	0	0	1869	0.00	98.92	98.92	0.00	50	50	0.00	0.00	113.83	24.21	0.00	0.00
26	1.09	2353	2500	0.60	2018	0	0	1869	0.00	98.91	98.91	0.00	50	50	0.00	0.00	113.63	24.19	0.00	0.00
26	1.08	2356	2500	0.59	1952	0	0	1793	0.00	98.92	98.92	0.00	50	50	0.00	0.00	113.71	24.20	0.00	0.00
26	1.08	2354	2500	0.59	2035	0	0	1878	0.00	98.93	98.92	0.00	50	50	0.00	0.00	113.89	24.15	0.00	0.00
26	1.09	2352	2500	0.59	2028	0	0	1880	0.00	98.91	98.91	0.00	50	50	0.00	0.00	113.88	24.15	0.00	0.00
26	1.09	2359	2500	0.60	2087	0	0	1938	0.00	98.92	98.91	0.00	50	50	0.00	0.00	113.91	24.16	0.00	0.00
26	1.08	2354	2500	0.59	1976	0	0	1822	0.00	98.92	98.92	0.00	50	50	0.00	0.00	113.72	24.20	0.00	0.00
26	1.08	2363	2500	0.59	2040	0	0	1884	0.00	98.92	98.92	0.00	50	50	0.00	0.00	113.66	24.20	0.00	0.00
26	1.08	2359	2500	0.60	2001	0	0	1848	0.00	98.92	98.92	0.00	50	50	0.00	0.00	113.68	24.26	0.00	0.00
26	1.08	2355	2500	0.59	2061	0	0	1911	0.00	98.92	98.92	0.00	50	50	0.00	0.00	113.59	24.23	0.00	0.00
26	1.09	2352	2500	0.59	2096	0	0	1941	0.00	98.93	98.91	0.00	50	50	0.00	0.00	113.84	24.26	0.00	0.00
26	1.09	2346	2500	0.59	2135	0	0	1988	0.00	98.92	98.91	0.00	50	50	0.00	0.00	113.86	24.20	0.00	0.00
26	1.08	2365	2500	0.59	1987	0	0	1834	0.00	98.92	98.92	0.00	50	50	0.00	0.00	113.54	24.27	0.00	0.00
26	1.08	2353	2500	0.59	2016	0	0	1862	0.00	98.92	98.92	0.00	50	50	0.00	0.00	113.51	24.24	0.00	0.00
26	1.08	2362	2500	0.59	2040	0	1	1888	0.00	98.92	98.92	0.00	50	50	0.00	0.00	113.54	24.24	0.00	0.00
26	1.08	2358	2500	0.60	2130	0	0	1973	0.00	98.92	98.92	0.00	50	50	0.00	0.00	113.79	24.27	0.00	0.00
26	1.08	2354	2499	0.59	2064	0	0	1909	0.00	98.89	98.92	0.00	50	50	0.00	0.00	113.50	24.29	0.00	0.00
26	1.08	2355	2501	0.59	1986	0	0	1842	0.00	98.95	98.92	0.00	50	50	0.00	0.00	113.35	24.28	0.00	0.00
26	1.08	2353	2500	0.59	2017	0	0	1865	0.00	98.92	98.92	0.00	50	50	0.00	0.00	113.33	24.20	0.00	0.00
25	1.08	2355	2500	0.58	1977	0	0	1817	0.00	98.92	98.92	0.00	50	50	0.00	0.00	113.56	24.25	0.00	0.00
26	1.08	2364	2500	0.59	1989	0	0	1845	0.00	98.92	98.92	0.00	50	50	0.00	0.00	113.20	24.27	0.00	0.00
26	1.09	2357	2500	0.60	1985	0	0	1835	0.00	98.91	98.91	0.00	49	49	0.00	0.00	113.32	24.24	0.00	0.00
26	1.08	2358	2500	0.60	2087	0	0	1944	0.00	98.92	98.92	0.00	50	50	0.00	0.00	113.82	24.21	0.00	0.00
26	1.08	2353	2500	0.59	2027	0	0	1865	0.00	98.92	98.92	0.00	50	50	0.00	0.00	113.42	24.21	0.00	0.00
26	1.08	2356	2500	0.59	2029	0	0	1875	0.00	98.92	98.92	0.00	49	49	0.00	0.00	113.68	24.29	0.00	0.00
26	1.08	2354	2500	0.59	1993	0	0	1844	0.00	98.92	98.92	0.00	50	50	0.00	0.00	113.43	24.22	0.00	0.00
26	1.08	2353	2500	0.59	2090	0	0	1931	0.00	98.93	98.92	0.00	49	49	0.00	0.00	113.51	24.27	0.00	0.00
26	1.08	2365	2500	0.59	1993	0	0	1840	0.00	98.91	98.92	0.00	49	49	0.00	0.00	113.34	24.27	0.00	0.00
26	1.08	2363	2500	0.59	1999	0	0	1844	0.00	98.92	98.92	0.00	49	49	0.00	0.00	113.37	24.24	0.00	0.00
26	1.08	2360	2500	0.60	1960	0	0	1810	0.00	98.92	98.92	0.00	49	49	0.00	0.00	113.25	24.25	0.00	0.00
26	1.08	2353	2500	0.59	2023	0	0	1867	0.00	98.93	98.92	0.00	50	50	0.00	0.00	113.56	24.26	0.00	0.00
26	1.09	2351	2500	0.60	1949	0	0	1812	0.00	98.91	98.91	0.00	50	50	0.00	0.00	113.47	24.26	0.00	0.00
26	1.08	2353	2500	0.59	2088	0	0	1936	0.00	98.92	98.92	0.00	50	50	0.00	0.00	113.35	24.33	0.00	0.00
26	1.08	2353	2500	0.59	2021	0	0	1866	0.00	98.92	98.92	0.00	50	50	0.00	0.00	113.37	24.31	0.00	0.00
26	1.09	2362	2500	0.59	2130	0	1	1975	0.00	98.93	98.91	0.00	49	49	0.00	0.00	113.63	24.31	0.00	0.00
26	1.08	2364	2500	0.59	1881	0	0	1732	0.00	98.91	98.92	0.00	49	49	0.00	0.00	113.56	24.28	0.00	0.00
26	1.08	2362	2500	0.60	1845	0	0	1693	0.00	98.93	98.92	0.00	49	49	0.00	0.00	113.45	24.28	0.00	0.00
26	1.08	2354	2500	0.59	1938	0	0	1784	0.00	98.92	98.92	0.00	49	49	0.00	0.00	113.28	24.29	0.00	0.00
26	1.08	2356	2500	0.59	2083	0	0	1928	0.00	98.92	98.92	0.00	50	50	0.00	0.00	113.61	24.27	0.00	0.00
25	1.08	2356	2500	0.59	1869	0	0	1713	0.00	98.91	98.92	0.00	49	49	0.00	0.00	113.34	24.25	0.00	0.00
26	1.08	2354	2500	0.59	2019	0	0	1869	0.00	98.93	98.92	0.00	50	50	0.00	0.00	113.53	24.29	0.00	0.00
26	1.09	2358	2500	0.60	2042	0	0	1891	0.00	98.91	98.91	0.00	49	49	0.00	0.00	113.32	24.25	0.00	0.00
26	1.09	2361	2500	0.59	2147	0	0	1994	0.00	98.93	98.91	0.00	49	49	0.00	0.00	113.19	24.28	0.00	0.00
26	1.08	2353	2500	0.59	2000	0	0	1841	0.00	98.91	98.92	0.00	49	49	0.00	0.00	113.06	24.33	0.00	0.00
26	1.09	2358	2500	0.60	2074	0	0	1924	0.00	98.92	98.91	0.00	49	49	0.00	0.00	113.15	24.28	0.00	0.00
26	1.11	2324	2499	0.59	2287	0	1	2027	0.00	98.86	98.89	0.00	49	49	0.00	0.00	113.00	24.33	0.00	0.00
26	1.09	2349	2500	0.59	2147	0	0	1992	0.00	98.91	98.91	0.00	49	49	0.00	0.00	113.39	24.31	0.00	0.00
26	1.08	2354	2501	0.59	2014	0	0	1863	0.00	98.95	98.92	0.00	49	49	0.00	0.00	113.31	24.30	0.00	0.00
26	1.08	2364	2500	0.59	1971	0	0	1826	0.00	98.92	98.92	0.00	49	49	0.00	0.00	113.37	24.21	0.00	0.00
26	1.08	2362	2500	0.59	2014	0	0	1863	0.00	98.92	98.92	0.00	49	49	0.00	0.00	113.32	24.25	0.00	0.00
26	1.09	2352	2500	0.59	2153	0	0	1988	0.00	98.93	98.91	0.00	49	49	0.00	0.00	113.41	24.33	0.00	0.00
26	1.09	2353	2500	0.60	2084	0	0	1932	0.00	98.90	98.91	0.00	49	49	0.00	0.00	113.58	24.26	0.00	0.00
26	1.08	2356	2500	0.59	2028	0	0	1876	0.00	98.93	98.92	0.00	49	49	0.00	0.00	113.69	24.26	0.00	0.00
26	1.08	2353	2500	0.59	2006	0	0	1855	0.00	98.91	98.92	0.00	49	49	0.00	0.00	113.42	24.23	0.00	0.00
26	1.09	2351	2500	0.59	2133	0	0	1979	0.00	98.93	98.91	0.00	49	49	0.00	0.00	113.66	24.26	0.00	0.00
26	1.09	2362	2500	0.59	2066	0	0	1915	0.00	98.91	98.91	0.00	49	49	0.00	0.00	113.65	24.27	0.00	0.00
26	1.08	2363	2500	0.59	2039	0	0	1888	0.00	98.93	98.92	0.00	49	49	0.00	0.00	113.37	24.28	0.00	0.00
26	1.08	2353	2500	0.59	2032	0	0	1883	0.00	98.92	98.92	0.00	49	49	0.00	0.00	113.42	24.30	0.00	0.00
26	1.08	2358	2500	0.60	2060	0	0	1913	0.00	98.93	98.92	0.00	49	49	0.00	0.00	113.37	24.25	0.00	0.00
26	1.08	2356	2500	0.59	2030	0	0	1878	0.00	98.91	98.92	0.00	49	49	0.00	0.00	113.43	24.23	0.00	0.00
26	1.09	2347	2500	0.59	2041	0	0	1895	0.00	98.92	98.91	0.00	49	49	0.00	0.00	113.52	24.17	0.00	0.00
26	1.11	2327	2499	0.59	2201	0	2	1955	0.00	98.87	98.89	0.00	49	49	0.00	0.00	113.37	24.14	0.00	0.00
26	1.09	2362	2501	0.59	2111	0	0	1952	0.00	98.94	98.91	0.00	49	49	0.00	0.00	113.94	24.21	0.00	0.00
26	1.08	2363	2500	0.59	2032	0	0	1879	0.00	98.91	98.92	0.00	49	49	0.00	0.00	113.47	24.16	0.00	0.00
26	1.09	2352	2500	0.59	2041	0	1	1903	0.00	98.92	98.91	0.00	49	49	0.00	0.00	113.87	24.15	0.00	0.00
26	1.09	2358	2500	0.60	2059	0	0	1910	0.00	98.93	98.91	0.00	49	49	0.00	0.00	113.26	24.22	0.00	0.00
26	1.09	2352	2500	0.60	2026	0	0	1865	0.00	98.91	98.91	0.00	49	49	0.00	0.00	113.43	24.19	0.00	0.00
26	1.08	2354	2500	0.59	1946	0	0	1793	0.00	98.92	98.92	0.00	49	49	0.00	0.00	113.27	24.18	0.00	0.00
26	1.08	2353	2500	0.59	2024	0	0	1875	0.00	98.92	98.92	0.00	49	49	0.00	0.00	113.47	24.23	0.00	0.00
26	1.08	2363	2500	0.59	2065	0	0	1908	0.00	98.93	98.92	0.00	49	49	0.00	0.00	113.40	24.23	0.00	0.00
26	1.09	2347	2500	0.59	2056	0	2	1892	0.00	98.91	98.91	0.00	49	49	0.00	0.00	113.33	24.21	0.00	0.00
26	1.08	2364	2500	0.59	1966	0	0	1829	0.00	98.91	98.92	0.00	49	49	0.00	0.00	113.16	24.21	0.00	0.00
26	1.08	2359	2500	0.60	2026	0	0	1872	0.00	98.93	98.92	0.00	49	49	0.00	0.00	113.43	24.18	0.00	0.00
26	1.09	2353	2500	0.59	2176	0	0	2022	0.00	98.92	98.91	0.00	49	49	0.00	0.00	113.40	24.19	0.00	0.00
26	1.08	2353	2500	0.59	2069	0	0	1909	0.00	98.92	98.92	0.00	49	49	0.00	0.00	113.57	24.23	0.00	0.00
26	1.08	2353	2500	0.59	2016	0	0	1881	0.00	98.91	98.92	0.00	49	49	0.00	0.00	113.61	24.19	0.00	0.00
26	1.09	2362	2499	0.59	2102	0	0	1954	0.00	98.90	98.91	0.00	49	49	0.00	0.00	113.12	24.15	0.00	0.00
26	1.08	2354	2501	0.59	2053	0	0	1901	0.00	98.95	98.92	0.00	49	49	0.00	0.00	113.06	24.19	0.00	0.00
26	1.08	2363	2500	0.59	2072	0	0	1914	0.00	98.92	98.92	0.00	48	48	0.00	0.00	113.26	24.22	0.00	0.00
26	1.08	2359	2500	0.60	2001	0	0	1850	0.00	98.91	98.92	0.00	48	48	0.00	0.00	113.04	24.25	0.00	0.00
26	1.09	2349	2500	0.59	2070	0	0	1921	0.00	98.92	98.91	0.00	49	49	0.00	0.00	113.17	24.20	0.00	0.00
26	1.09	2352	2500	0.59	2094	0	0	1944	0.00	98.92	98.91	0.00	49	49	0.00	0.00	113.05	24.22	0.00	0.00
26	1.10	2336	2493	0.59	2017	0	0	1863	0.00	98.63	98.90	0.00	49	49	0.00	0.00	112.80	24.12	0.00	0.00
26	1.15	2306	2506	0.60	1952	0	0	1766	0.00	99.10	98.85	0.00	49	49	0.00	0.00	113.61	24.25	0.00	0.00
26	1.08	2354	2501	0.59	1994	0	0	1837	0.00	98.95	98.92	0.00	49	49	0.00	0.00	113.10	24.21	0.00	0.00
26	1.09	2362	2500	0.59	2040	0	0	1885	0.00	98.92	98.91	0.00	49	49	0.00	0.00	112.96	24.16	0.00	0.00
26	1.08	2360	2500	0.60	2056	0	0	1891	0.00	98.92	98.92	0.00	49	49	0.00	0.00	113.22	24.22	0.00	0.00
26	1.09	2354	2500	0.59	2131	0	2	1972	0.00	98.91	98.91	0.00	49	49	0.00	0.00	113.30	24.17	0.00	0.00
26	1.08	2354	2500	0.59	1962	0	0	1813	0.00	98.93	98.92	0.00	49	49	0.00	0.00	113.20	24.20	0.00	0.00
26	1.09	2351	2500	0.59	2166	0	0	2012	0.00	98.92	98.91	0.00	49	49	0.00	0.00	113.44	24.21	0.00	0.00
26	1.09	2358	2500	0.60	2018	0	1	1868	0.00	98.91	98.91	0.00	49	49	0.00	0.00	113.30	24.20	0.00	0.00
26	1.09	2352	2500	0.59	2055	0	0	1908	0.00	98.91	98.91	0.00	49	49	0.00	0.00	113.08	24.18	0.00	0.00
26	1.08	2363	2500	0.59	1990	0	0	1833	0.00	98.93	98.92	0.00	49	49	0.00	0.00	113.19	24.22	0.00	0.00
26	1.09	2358	2500	0.60	2077	0	0	1923	0.00	98.93	98.91	0.00	49	49	0.00	0.00	113.27	24.22	0.00	0.00
26	1.08	2356	2500	0.59	2008	0	0	1850	0.00	98.91	98.92	0.00	48	48	0.00	0.00	113.39	24.21	0.00	0.00
26	1.08	2353	2500	0.59	2006	0	2	1866	0.00	98.92	98.92	0.00	48	48	0.00	0.00	113.42	24.18	0.00	0.00
26	1.09	2347	2500	0.59	2154	0	0	2026	0.00	98.90	98.91	0.00	49	49	0.00	0.00	113.42	24.21	0.00	0.00
26	1.09	2351	2500	0.59	2157	0	0	2003	0.00	98.94	98.91	0.00	49	49	0.00	0.00	113.36	24.23	0.00	0.00
26	1.08	2366	2500	0.59	1928	0	0	1774	0.00	98.91	98.92	0.00	49	49	0.00	0.00	113.64	24.23	0.00	0.00
26	1.09	2361	2500	0.59	2004	0	0	1865	0.00	98.92	98.91	0.00	49	49	0.00	0.00	113.55	24.21	0.00	0.00
