Avg_MHz	Busy%	Bzy_MHz	TSC_MHz	IPC	IRQ	SMI	POLL	C1	POLL%	C1%	CPU%c1	CPU%c6	CoreTmp	PkgTmp	Pkg%pc2	Pkg%pc6	PkgWatt	RAMWatt	PKG_%	RAM_%
450	16.63	2707	2499	0.29	11955	0	1594	2281	0.01	83.33	83.37	0.00	48	48	0.00	0.00	158.27	33.82	0.00	0.00
455	16.78	2706	2507	0.29	11848	0	1304	2476	0.01	83.47	83.22	0.00	48	47	0.00	0.00	159.77	34.14	0.00	0.00
449	16.64	2701	2498	0.29	11968	0	1412	2464	0.01	83.29	83.36	0.00	47	47	0.00	0.00	159.00	33.39	0.00	0.00
452	16.70	2705	2501	0.29	11884	0	1459	2434	0.01	83.35	83.30	0.00	47	47	0.00	0.00	159.21	33.64	0.00	0.00
449	16.63	2706	2497	0.29	11800	0	1352	2362	0.01	83.26	83.37	0.00	48	48	0.00	0.00	158.38	33.51	0.00	0.00
449	16.62	2707	2496	0.29	11784	0	1344	2440	0.01	83.26	83.38	0.00	48	48	0.00	0.00	158.45	33.27	0.00	0.00
456	16.78	2706	2509	0.29	11759	0	1399	2405	0.01	83.52	83.22	0.00	48	48	0.00	0.00	160.77	33.78	0.00	0.00
449	16.62	2706	2496	0.29	11696	0	1487	2401	0.01	83.24	83.38	0.00	48	48	0.00	0.00	157.98	33.13	0.00	0.00
454	16.74	2705	2505	0.29	12083	0	1362	2502	0.01	83.42	83.26	0.00	48	48	0.00	0.00	159.60	33.39	0.00	0.00
451	16.67	2702	2500	0.29	11839	0	1301	2311	0.01	83.33	83.33	0.00	48	48	0.00	0.00	158.87	33.32	0.00	0.00
450	16.66	2705	2498	0.29	11988	0	1387	2619	0.01	83.27	83.34	0.00	49	49	0.00	0.00	158.76	33.38	0.00	0.00
452	16.73	2701	2501	0.29	12069	0	1414	2498	0.01	83.31	83.27	0.00	48	48	0.00	0.00	159.99	33.56	0.00	0.00
450	16.64	2705	2498	0.29	11966	0	1421	2633	0.01	83.29	83.36	0.00	49	49	0.00	0.00	158.63	33.45	0.00	0.00
447	16.59	2704	2493	0.29	11764	0	1445	2257	0.01	83.19	83.41	0.00	49	48	0.00	0.00	157.96	33.28	0.00	0.00
454	16.74	2707	2506	0.29	11783	0	1471	2298	0.02	83.47	83.26	0.00	49	48	0.00	0.00	160.12	33.66	0.00	0.00
449	16.63	2703	2497	0.29	11905	0	1343	2512	0.01	83.26	83.37	0.00	49	49	0.00	0.00	158.53	33.27	0.00	0.00
449	16.64	2704	2497	0.29	12128	0	1349	2567	0.01	83.26	83.36	0.00	49	49	0.00	0.00	158.46	33.28	0.00	0.00
455	16.78	2704	2509	0.29	11821	0	1575	2330	0.01	83.50	83.22	0.00	49	49	0.00	0.00	161.31	33.96	0.00	0.00
448	16.59	2704	2494	0.29	11726	0	1491	2369	0.01	83.19	83.41	0.00	49	49	0.00	0.00	158.06	33.13	0.00	0.00
456	16.78	2707	2509	0.29	11573	0	1342	2291	0.01	83.53	83.22	0.00	49	48	0.00	0.00	160.75	33.56	0.00	0.00
450	16.64	2703	2498	0.29	11629	0	1461	2220	0.01	83.30	83.36	0.00	49	49	0.00	0.00	158.70	33.21	0.00	0.00
449	16.62	2704	2496	0.29	11632	0	1537	2235	0.01	83.25	83.38	0.00	49	49	0.00	0.00	158.53	33.19	0.00	0.00
451	16.66	2707	2499	0.29	11862	0	1597	2452	0.01	83.31	83.34	0.00	49	49	0.00	0.00	158.88	33.17	0.00	0.00
451	16.66	2705	2499	0.29	11855	0	1452	2403	0.01	83.31	83.34	0.00	49	49	0.00	0.00	159.90	33.58	0.00	0.00
453	16.69	2710	2503	0.29	11913	0	1627	2591	0.01	83.42	83.31	0.00	49	49	0.00	0.00	159.78	33.59	0.00	0.00
449	16.61	2706	2495	0.29	11655	0	1501	2344	0.01	83.23	83.39	0.00	49	49	0.00	0.00	158.52	33.19	0.00	0.00
454	16.73	2707	2504	0.29	11547	0	1611	2197	0.02	83.42	83.27	0.00	50	50	0.00	0.00	159.95	33.46	0.00	0.00
448	16.59	2706	2494	0.29	11862	0	1488	2415	0.01	83.20	83.41	0.00	49	49	0.00	0.00	158.21	33.17	0.00	0.00
453	16.73	2705	2505	0.29	11852	0	1550	2368	0.01	83.43	83.27	0.00	50	50	0.00	0.00	160.06	33.54	0.00	0.00
453	16.72	2705	2502	0.29	12054	0	1589	2590	0.01	83.36	83.28	0.00	50	50	0.00	0.00	160.32	33.50	0.00	0.00
455	16.76	2705	2507	0.29	11762	0	1439	2466	0.01	83.46	83.24	0.00	50	50	0.00	0.00	160.44	33.44	0.00	0.00
451	16.66	2706	2500	0.29	11526	0	1518	2381	0.01	83.35	83.34	0.00	50	50	0.00	0.00	159.37	33.22	0.00	0.00
448	16.56	2709	2493	0.29	11486	0	1507	2374	0.01	83.22	83.44	0.00	50	50	0.00	0.00	157.73	32.87	0.00	0.00
452	16.69	2704	2502	0.29	11946	0	1516	2415	0.01	83.37	83.31	0.00	50	50	0.00	0.00	160.57	33.64	0.00	0.00
448	16.62	2703	2495	0.29	11912	0	1504	2398	0.01	83.22	83.38	0.00	50	50	0.00	0.00	158.71	33.24	0.00	0.00
454	16.76	2703	2506	0.29	11881	0	1632	2411	0.02	83.43	83.24	0.00	50	50	0.00	0.00	160.48	33.57	0.00	0.00
449	16.64	2703	2497	0.29	11680	0	1606	2297	0.02	83.27	83.36	0.00	50	50	0.00	0.00	159.53	33.34	0.00	0.00
448	16.59	2706	2493	0.29	11797	0	1576	2456	0.01	83.19	83.41	0.00	50	50	0.00	0.00	158.28	32.97	0.00	0.00
457	16.81	2707	2511	0.29	11700	0	1596	2221	0.01	83.55	83.19	0.00	50	50	0.00	0.00	161.32	33.53	0.00	0.00
452	16.71	2703	2501	0.29	11951	0	1640	2515	0.02	83.34	83.29	0.00	50	50	0.00	0.00	159.67	33.24	0.00	0.00
447	16.58	2705	2494	0.29	11893	0	1361	2443	0.01	83.21	83.42	0.00	50	50	0.00	0.00	158.80	33.05	0.00	0.00
450	16.67	2704	2499	0.29	11867	0	1330	2408	0.01	83.31	83.33	0.00	51	51	0.00	0.00	159.81	33.37	0.00	0.00
451	16.67	2707	2499	0.29	11771	0	1597	2431	0.02	83.29	83.33	0.00	50	50	0.00	0.00	158.60	33.14	0.00	0.00
452	16.69	2705	2502	0.29	11916	0	1456	2561	0.01	83.39	83.31	0.00	51	50	0.00	0.00	160.56	33.39	0.00	0.00
450	16.66	2706	2499	0.29	11877	0	1602	2292	0.01	83.30	83.34	0.00	51	50	0.00	0.00	159.21	33.25	0.00	0.00
454	16.73	2706	2505	0.29	11661	0	1218	2185	0.01	83.42	83.27	0.00	51	51	0.00	0.00	159.76	33.27	0.00	0.00
452	16.71	2703	2503	0.29	11731	0	1380	2290	0.01	83.39	83.29	0.00	50	50	0.00	0.00	160.40	33.49	0.00	0.00
447	16.60	2703	2494	0.29	12068	0	1411	2593	0.01	83.20	83.40	0.00	51	50	0.00	0.00	158.21	33.05	0.00	0.00
451	16.67	2705	2500	0.29	11916	0	1464	2391	0.01	83.35	83.33	0.00	51	50	0.00	0.00	159.82	33.30	0.00	0.00
449	16.62	2703	2496	0.29	11878	0	1395	2251	0.01	83.25	83.38	0.00	51	51	0.00	0.00	159.55	33.33	0.00	0.00
455	16.77	2708	2508	0.29	11761	0	1491	2504	0.01	83.49	83.23	0.00	51	51	0.00	0.00	160.31	33.34	0.00	0.00
452	16.81	2693	2497	0.30	12291	0	1473	2903	0.01	83.09	83.19	0.00	51	51	0.00	0.00	160.10	33.53	0.00	0.00
453	16.72	2705	2504	0.29	11885	0	1403	2397	0.01	83.43	83.28	0.00	51	51	0.00	0.00	159.56	33.34	0.00	0.00
447	16.59	2701	2492	0.29	12002	0	1323	2674	0.01	83.15	83.41	0.00	51	51	0.00	0.00	158.93	33.13	0.00	0.00
453	16.72	2705	2503	0.29	11794	0	1385	2445	0.01	83.37	83.28	0.00	51	51	0.00	0.00	159.76	33.25	0.00	0.00
453	16.72	2705	2504	0.29	11913	0	1529	2474	0.01	83.40	83.28	0.00	51	51	0.00	0.00	160.42	33.35	0.00	0.00
450	16.65	2705	2496	0.29	11917	0	1685	2577	0.02	83.23	83.35	0.00	51	51	0.00	0.00	158.82	33.04	0.00	0.00
450	16.65	2703	2497	0.29	12544	0	1386	2430	0.01	83.26	83.35	0.00	51	51	0.00	0.00	160.30	33.30	0.00	0.00
452	16.72	2703	2500	0.29	11943	0	1394	2479	0.01	83.29	83.28	0.00	51	51	0.00	0.00	159.22	33.19	0.00	0.00
451	16.68	2705	2502	0.29	11635	0	1404	2344	0.01	83.40	83.32	0.00	51	51	0.00	0.00	160.23	33.26	0.00	0.00
451	16.70	2703	2499	0.29	12338	0	1487	2776	0.01	83.27	83.30	0.00	51	51	0.00	0.00	159.93	33.35	0.00	0.00
449	16.64	2706	2496	0.29	11813	0	1419	2462	0.01	83.23	83.36	0.00	51	51	0.00	0.00	159.14	33.02	0.00	0.00
455	16.76	2706	2507	0.29	11846	0	1392	2369	0.02	83.47	83.24	0.00	51	51	0.00	0.00	160.78	33.43	0.00	0.00
452	16.71	2703	2500	0.29	11840	0	1621	2406	0.02	83.30	83.29	0.00	51	51	0.00	0.00	160.24	33.33	0.00	0.00
450	16.66	2703	2497	0.29	12035	0	1472	2543	0.01	83.23	83.34	0.00	51	51	0.00	0.00	159.24	33.13	0.00	0.00
451	16.67	2704	2500	0.29	11903	0	1372	2465	0.01	83.33	83.33	0.00	51	51	0.00	0.00	160.31	33.32	0.00	0.00
450	16.65	2708	2498	0.29	12021	0	1412	2489	0.01	83.28	83.35	0.00	51	51	0.00	0.00	158.72	32.85	0.00	0.00
454	16.72	2708	2505	0.29	11661	0	1488	2229	0.01	83.46	83.28	0.00	51	51	0.00	0.00	160.72	33.22	0.00	0.00
450	16.65	2704	2499	0.29	11830	0	1572	2415	0.01	83.30	83.35	0.00	52	52	0.00	0.00	159.77	33.23	0.00	0.00
451	16.67	2706	2500	0.29	11830	0	1659	2314	0.01	83.35	83.33	0.00	52	51	0.00	0.00	159.73	33.22	0.00	0.00
450	16.64	2706	2499	0.29	11977	0	1504	2487	0.01	83.32	83.36	0.00	52	51	0.00	0.00	159.79	33.26	0.00	0.00
453	16.71	2705	2503	0.29	11968	0	1525	2500	0.01	83.39	83.29	0.00	52	52	0.00	0.00	159.81	33.25	0.00	0.00
449	16.64	2703	2497	0.29	11934	0	1613	2378	0.01	83.27	83.36	0.00	51	51	0.00	0.00	160.36	33.40	0.00	0.00
454	16.74	2705	2505	0.29	11760	0	1485	2475	0.01	83.44	83.26	0.00	52	52	0.00	0.00	160.71	33.37	0.00	0.00
448	16.59	2706	2493	0.29	11749	0	1592	2320	0.01	83.17	83.41	0.00	52	52	0.00	0.00	157.79	32.87	0.00	0.00
455	16.77	2705	2508	0.29	12150	0	1451	2479	0.01	83.51	83.23	0.00	52	52	0.00	0.00	161.85	33.52	0.00	0.00
449	16.64	2702	2497	0.29	11700	0	1542	2378	0.01	83.27	83.36	0.00	52	52	0.00	0.00	159.89	33.32	0.00	0.00
453	16.74	2702	2504	0.29	11974	0	1753	2465	0.01	83.40	83.26	0.00	52	51	0.00	0.00	160.75	33.47	0.00	0.00
447	16.56	2705	2491	0.29	11635	0	1519	2245	0.01	83.15	83.44	0.00	52	52	0.00	0.00	158.53	33.13	0.00	0.00
451	16.66	2706	2499	0.29	11942	0	1490	2405	0.01	83.30	83.34	0.00	52	52	0.00	0.00	159.57	33.25	0.00	0.00
451	16.67	2705	2500	0.29	11925	0	1442	2447	0.01	83.32	83.33	0.00	52	52	0.00	0.00	159.61	33.26	0.00	0.00
450	16.63	2707	2498	0.29	11835	0	1637	2430	0.01	83.30	83.37	0.00	52	52	0.00	0.00	159.58	33.25	0.00	0.00
451	16.67	2706	2501	0.29	11851	0	1267	2331	0.01	83.37	83.33	0.00	52	52	0.00	0.00	159.84	33.32	0.00	0.00
455	16.76	2707	2508	0.29	11904	0	1220	2584	0.01	83.50	83.24	0.00	52	52	0.00	0.00	161.01	33.50	0.00	0.00
448	16.59	2708	2494	0.29	11882	0	1360	2553	0.01	83.20	83.41	0.00	52	52	0.00	0.00	158.36	32.94	0.00	0.00
452	16.67	2707	2502	0.29	11732	0	1553	2350	0.01	83.40	83.33	0.00	52	52	0.00	0.00	160.36	33.28	0.00	0.00
452	16.70	2705	2502	0.29	11875	0	1548	2421	0.02	83.37	83.30	0.00	53	52	0.00	0.00	160.26	33.33	0.00	0.00
451	16.68	2705	2500	0.29	12028	0	1569	2395	0.01	83.33	83.32	0.00	52	52	0.00	0.00	160.09	33.22	0.00	0.00
449	16.60	2708	2496	0.29	12029	0	1533	2575	0.01	83.26	83.40	0.00	52	52	0.00	0.00	158.70	32.89	0.00	0.00
454	16.74	2707	2506	0.29	11785	0	1481	2306	0.02	83.47	83.26	0.00	52	52	0.00	0.00	161.76	33.54	0.00	0.00
446	16.57	2703	2492	0.29	12073	0	1360	2598	0.01	83.16	83.43	0.00	52	52	0.00	0.00	158.87	33.16	0.00	0.00
454	16.73	2706	2506	0.29	11986	0	1316	2449	0.01	83.47	83.27	0.00	53	52	0.00	0.00	161.02	33.54	0.00	0.00
451	16.66	2706	2499	0.29	11864	0	1254	2565	0.01	83.31	83.34	0.00	52	52	0.00	0.00	159.45	33.22	0.00	0.00
452	16.71	2705	2502	0.29	11876	0	1407	2444	0.01	83.37	83.29	0.00	52	52	0.00	0.00	160.71	33.32	0.00	0.00
448	16.61	2705	2495	0.29	12542	0	1329	2440	0.01	83.24	83.39	0.00	52	52	0.00	0.00	159.02	33.03	0.00	0.00
454	16.76	2704	2507	0.29	11832	0	1419	2292	0.01	83.47	83.24	0.00	52	52	0.00	0.00	161.52	33.66	0.00	0.00
452	16.71	2701	2503	0.29	11782	0	1537	2364	0.01	83.40	83.29	0.00	52	52	0.00	0.00	160.70	33.57	0.00	0.00
445	16.52	2705	2488	0.29	11831	0	1470	2533	0.01	83.10	83.48	0.00	53	52	0.00	0.00	157.66	32.76	0.00	0.00
454	16.74	2707	2507	0.29	11791	0	1366	2508	0.01	83.49	83.26	0.00	53	52	0.00	0.00	161.60	33.39	0.00	0.00
452	16.70	2705	2502	0.29	11686	0	1520	2345	0.01	83.37	83.30	0.00	52	52	0.00	0.00	160.24	33.28	0.00	0.00
449	16.63	2703	2497	0.29	11736	0	1386	2363	0.01	83.25	83.37	0.00	53	52	0.00	0.00	159.02	33.07	0.00	0.00
449	16.62	2706	2496	0.29	11535	0	1514	2178	0.01	83.25	83.38	0.00	52	52	0.00	0.00	159.62	33.15	0.00	0.00
453	16.70	2708	2504	0.29	11958	0	1504	2522	0.01	83.44	83.30	0.00	53	52	0.00	0.00	160.58	33.23	0.00	0.00
451	16.67	2706	2500	0.29	11751	0	1447	2452	0.01	83.32	83.33	0.00	52	52	0.00	0.00	160.02	33.28	0.00	0.00
451	16.68	2705	2501	0.29	11836	0	1213	2368	0.02	83.34	83.32	0.00	52	52	0.00	0.00	160.27	33.31	0.00	0.00
452	16.69	2705	2502	0.29	11543	0	1363	2206	0.01	83.38	83.31	0.00	53	53	0.00	0.00	160.69	33.55	0.00	0.00
448	16.60	2705	2494	0.29	11695	0	1407	2332	0.01	83.20	83.40	0.00	53	53	0.00	0.00	158.82	33.36	0.00	0.00
452	16.70	2706	2503	0.29	11836	0	1375	2629	0.02	83.42	83.30	0.00	52	52	0.00	0.00	160.53	33.53	0.00	0.00
448	16.61	2705	2495	0.29	11676	0	1615	2386	0.02	83.21	83.39	0.00	52	52	0.00	0.00	159.08	33.29	0.00	0.00
453	16.71	2707	2503	0.29	11473	0	1486	2064	0.01	83.41	83.29	0.00	53	53	0.00	0.00	161.08	33.69	0.00	0.00
448	16.59	2706	2493	0.29	11939	0	1505	2430	0.01	83.18	83.41	0.00	53	52	0.00	0.00	158.80	33.08	0.00	0.00
453	16.70	2709	2503	0.29	11688	0	1430	2222	0.01	83.41	83.30	0.00	53	52	0.00	0.00	160.89	33.37	0.00	0.00
456	16.78	2707	2509	0.29	11861	0	1573	2475	0.02	83.51	83.22	0.00	53	53	0.00	0.00	161.22	33.47	0.00	0.00
447	16.59	2703	2494	0.29	11889	0	1496	2473	0.01	83.20	83.41	0.00	52	52	0.00	0.00	159.50	33.24	0.00	0.00
450	16.65	2706	2498	0.29	11831	0	1519	2256	0.01	83.28	83.35	0.00	53	52	0.00	0.00	159.98	33.16	0.00	0.00
453	16.70	2710	2503	0.29	11939	0	1471	2600	0.01	83.42	83.30	0.00	53	53	0.00	0.00	160.20	33.03	0.00	0.00
453	16.70	2707	2503	0.29	12034	0	1313	2596	0.01	83.38	83.30	0.00	53	52	0.00	0.00	160.68	33.28	0.00	0.00
449	16.59	2708	2495	0.29	11723	0	1410	2293	0.01	83.24	83.41	0.00	53	53	0.00	0.00	159.29	33.09	0.00	0.00
454	16.73	2707	2506	0.29	11637	0	1358	2242	0.01	83.45	83.27	0.00	53	53	0.00	0.00	161.76	33.47	0.00	0.00
454	16.74	2705	2505	0.29	12010	0	1503	2489	0.01	83.42	83.26	0.00	53	53	0.00	0.00	160.61	33.32	0.00	0.00
451	16.68	2701	2500	0.29	12148	0	1303	2702	0.01	83.32	83.32	0.00	53	53	0.00	0.00	160.50	33.37	0.00	0.00
447	16.57	2705	2492	0.29	11853	0	1562	2447	0.01	83.17	83.43	0.00	53	53	0.00	0.00	158.76	33.10	0.00	0.00
447	16.58	2707	2491	0.29	11851	0	1482	2582	0.01	83.12	83.42	0.00	53	53	0.00	0.00	158.37	32.84	0.00	0.00
458	16.84	2707	2513	0.29	12120	0	1584	2609	0.01	83.61	83.16	0.00	53	53	0.00	0.00	162.41	33.66	0.00	0.00
451	16.68	2704	2501	0.29	11870	0	1591	2437	0.01	83.34	83.32	0.00	53	53	0.00	0.00	160.40	33.33	0.00	0.00
448	16.62	2703	2495	0.29	11976	0	1611	2493	0.02	83.22	83.38	0.00	53	52	0.00	0.00	159.15	33.22	0.00	0.00
451	16.39	2772	2485	0.25	2098	0	35	1832	0.07	83.12	83.61	0.00	53	53	0.00	0.00	152.30	29.28	0.00	0.00
