Avg_MHz	Busy%	Bzy_MHz	TSC_MHz	IPC	IRQ	SMI	POLL	C1	POLL%	C1%	CPU%c1	CPU%c6	CoreTmp	PkgTmp	Pkg%pc2	Pkg%pc6	PkgWatt	RAMWatt	PKG_%	RAM_%
518	16.74	3094	2503	0.63	6986	0	0	2630	0.00	83.36	83.26	0.00	55	55	0.00	0.00	180.07	40.63	0.00	0.00
518	16.73	3094	2500	0.63	6627	0	0	2430	0.00	83.29	83.27	0.00	56	56	0.00	0.00	179.90	40.52	0.00	0.00
517	16.73	3094	2500	0.63	7110	0	0	2890	0.00	83.28	83.27	0.00	56	56	0.00	0.00	180.00	40.51	0.00	0.00
518	16.72	3094	2500	0.63	6709	0	0	2482	0.00	83.29	83.28	0.00	55	55	0.00	0.00	179.91	40.48	0.00	0.00
517	16.72	3094	2500	0.63	6897	0	0	2714	0.00	83.28	83.28	0.00	56	56	0.00	0.00	179.87	40.48	0.00	0.00
518	16.73	3094	2500	0.63	6992	0	3	2775	0.00	83.28	83.27	0.00	56	56	0.00	0.00	179.88	40.52	0.00	0.00
517	16.72	3094	2500	0.63	6792	0	0	2645	0.00	83.28	83.28	0.00	55	55	0.00	0.00	179.70	40.47	0.00	0.00
517	16.72	3094	2500	0.63	6627	0	0	2408	0.00	83.29	83.28	0.00	56	56	0.00	0.00	179.62	40.51	0.00	0.00
517	16.72	3094	2500	0.63	6904	0	1	2690	0.00	83.28	83.28	0.00	56	56	0.00	0.00	179.79	40.55	0.00	0.00
518	16.73	3094	2500	0.63	6940	0	0	2704	0.00	83.28	83.27	0.00	56	56	0.00	0.00	179.70	40.43	0.00	0.00
517	16.72	3094	2500	0.63	6595	0	0	2421	0.00	83.28	83.28	0.00	56	56	0.00	0.00	179.84	40.49	0.00	0.00
518	16.73	3094	2500	0.63	6890	0	0	2688	0.00	83.28	83.27	0.00	56	56	0.00	0.00	180.14	40.51	0.00	0.00
517	16.72	3094	2500	0.63	6755	0	0	2522	0.00	83.28	83.28	0.00	56	56	0.00	0.00	179.99	40.51	0.00	0.00
518	16.73	3094	2500	0.63	7358	0	0	2717	0.00	83.28	83.27	0.00	56	56	0.00	0.00	179.80	40.51	0.00	0.00
518	16.73	3094	2500	0.63	7171	0	0	2947	0.00	83.28	83.27	0.00	56	56	0.00	0.00	179.85	40.50	0.00	0.00
517	16.72	3094	2500	0.63	6785	0	2	2426	0.00	83.29	83.28	0.00	57	57	0.00	0.00	179.82	40.45	0.00	0.00
517	16.72	3094	2500	0.63	7010	0	0	2469	0.00	83.28	83.28	0.00	57	57	0.00	0.00	179.90	40.54	0.00	0.00
517	16.72	3094	2500	0.63	7000	0	0	2455	0.00	83.29	83.28	0.00	57	57	0.00	0.00	179.77	40.58	0.00	0.00
518	16.73	3094	2500	0.63	7020	0	0	2843	0.00	83.28	83.27	0.00	57	57	0.00	0.00	179.91	40.64	0.00	0.00
517	16.72	3094	2500	0.63	6709	0	0	2502	0.00	83.28	83.28	0.00	56	56	0.00	0.00	179.99	40.55	0.00	0.00
517	16.73	3094	2500	0.63	7129	0	0	2924	0.00	83.28	83.27	0.00	57	57	0.00	0.00	179.95	40.49	0.00	0.00
518	16.73	3094	2500	0.63	6905	0	0	2664	0.00	83.28	83.27	0.00	57	57	0.00	0.00	180.18	40.46	0.00	0.00
517	16.72	3094	2500	0.63	6661	0	0	2487	0.00	83.29	83.28	0.00	57	57	0.00	0.00	180.21	40.54	0.00	0.00
518	16.73	3094	2500	0.63	7079	0	0	2875	0.00	83.28	83.27	0.00	57	57	0.00	0.00	180.29	40.45	0.00	0.00
517	16.72	3094	2500	0.63	6896	0	0	2674	0.00	83.28	83.28	0.00	58	58	0.00	0.00	179.94	40.44	0.00	0.00
517	16.72	3095	2500	0.63	6522	0	0	2332	0.00	83.29	83.28	0.00	58	58	0.00	0.00	180.00	40.48	0.00	0.00
517	16.73	3094	2500	0.63	6968	0	0	2750	0.00	83.28	83.27	0.00	57	57	0.00	0.00	180.33	40.40	0.00	0.00
517	16.72	3094	2500	0.63	6810	0	0	2623	0.00	83.28	83.28	0.00	57	57	0.00	0.00	180.07	40.44	0.00	0.00
517	16.72	3094	2500	0.63	6780	0	0	2589	0.00	83.28	83.28	0.00	57	57	0.00	0.00	180.09	40.46	0.00	0.00
517	16.72	3094	2500	0.63	6889	0	0	2682	0.00	83.28	83.28	0.00	57	57	0.00	0.00	179.90	40.41	0.00	0.00
518	16.73	3094	2500	0.63	7079	0	1	2928	0.00	83.28	83.27	0.00	57	57	0.00	0.00	181.09	40.46	0.00	0.00
518	16.73	3094	2500	0.63	6685	0	0	2477	0.00	83.28	83.27	0.00	57	57	0.00	0.00	180.11	40.56	0.00	0.00
517	16.72	3094	2500	0.63	6908	0	0	2679	0.00	83.28	83.28	0.00	58	58	0.00	0.00	180.53	40.43	0.00	0.00
518	16.72	3094	2500	0.63	6833	0	1	2660	0.00	83.29	83.28	0.00	57	57	0.00	0.00	180.45	40.50	0.00	0.00
517	16.73	3094	2500	0.63	6880	0	0	2694	0.00	83.28	83.27	0.00	57	57	0.00	0.00	180.18	40.50	0.00	0.00
517	16.72	3094	2500	0.63	6850	0	0	2679	0.00	83.28	83.28	0.00	58	58	0.00	0.00	180.13	40.51	0.00	0.00
517	16.72	3094	2500	0.63	6862	0	0	2675	0.00	83.28	83.28	0.00	57	57	0.00	0.00	180.18	40.55	0.00	0.00
517	16.72	3094	2500	0.63	6689	0	0	2479	0.00	83.29	83.28	0.00	58	58	0.00	0.00	180.40	40.48	0.00	0.00
517	16.73	3094	2500	0.63	6946	0	0	2719	0.00	83.28	83.27	0.00	58	58	0.00	0.00	180.72	40.46	0.00	0.00
517	16.72	3094	2500	0.63	6660	0	0	2473	0.00	83.28	83.28	0.00	57	57	0.00	0.00	180.04	40.58	0.00	0.00
517	16.72	3094	2500	0.63	6809	0	0	2634	0.00	83.28	83.28	0.00	58	58	0.00	0.00	180.00	40.55	0.00	0.00
518	16.73	3094	2500	0.63	7277	0	0	3047	0.00	83.27	83.27	0.00	58	57	0.00	0.00	180.39	40.50	0.00	0.00
518	16.73	3094	2500	0.63	6817	0	0	2663	0.00	83.28	83.27	0.00	58	58	0.00	0.00	180.34	40.43	0.00	0.00
518	16.75	3092	2499	0.63	7048	0	1	2748	0.00	83.24	83.25	0.00	58	58	0.00	0.00	180.32	40.46	0.00	0.00
518	16.72	3094	2500	0.63	6769	0	0	2590	0.00	83.30	83.28	0.00	58	58	0.00	0.00	180.51	40.41	0.00	0.00
518	16.75	3092	2500	0.63	6739	0	0	2545	0.00	83.24	83.25	0.00	58	58	0.00	0.00	180.68	40.49	0.00	0.00
518	16.73	3094	2501	0.63	6744	0	2	2536	0.00	83.30	83.27	0.00	58	58	0.00	0.00	180.78	40.42	0.00	0.00
518	16.73	3094	2500	0.63	6938	0	0	2734	0.00	83.28	83.27	0.00	58	58	0.00	0.00	180.30	40.45	0.00	0.00
517	16.72	3094	2500	0.63	6491	0	0	2294	0.00	83.28	83.28	0.00	58	58	0.00	0.00	180.28	40.40	0.00	0.00
517	16.72	3094	2500	0.63	6790	0	0	2636	0.00	83.29	83.28	0.00	58	58	0.00	0.00	180.45	40.43	0.00	0.00
518	16.73	3094	2500	0.63	7052	0	0	2831	0.00	83.28	83.27	0.00	58	58	0.00	0.00	180.44	40.37	0.00	0.00
517	16.72	3094	2500	0.63	6780	0	0	2564	0.00	83.28	83.28	0.00	58	58	0.00	0.00	180.58	40.35	0.00	0.00
504	16.42	3094	2477	0.63	7181	0	0	2997	0.00	82.83	83.58	0.00	59	59	0.00	0.00	174.11	38.84	0.00	0.00
517	16.72	3094	2500	0.63	7075	0	0	2683	0.00	83.29	83.28	0.00	59	59	0.00	0.00	180.45	40.40	0.00	0.00
517	16.72	3095	2500	0.63	6796	0	0	2455	0.00	83.28	83.28	0.00	58	58	0.00	0.00	180.99	40.40	0.00	0.00
517	16.72	3095	2500	0.63	7063	0	0	2446	0.00	83.29	83.28	0.00	58	58	0.00	0.00	180.99	40.42	0.00	0.00
517	16.72	3094	2500	0.63	6932	0	0	2464	0.00	83.28	83.28	0.00	58	58	0.00	0.00	181.06	40.37	0.00	0.00
517	16.72	3094	2500	0.63	7138	0	0	2519	0.00	83.29	83.28	0.00	59	59	0.00	0.00	180.78	40.34	0.00	0.00
517	16.72	3095	2500	0.63	7218	0	0	2366	0.00	83.28	83.28	0.00	59	59	0.00	0.00	180.64	40.29	0.00	0.00
517	16.72	3094	2500	0.63	7425	0	0	2700	0.00	83.28	83.28	0.00	58	58	0.00	0.00	180.58	40.40	0.00	0.00
517	16.73	3094	2500	0.63	6894	0	0	2478	0.00	83.28	83.27	0.00	59	59	0.00	0.00	180.49	40.39	0.00	0.00
517	16.72	3094	2500	0.63	7058	0	0	2633	0.00	83.29	83.28	0.00	59	59	0.00	0.00	180.33	40.36	0.00	0.00
517	16.72	3095	2500	0.63	6948	0	1	2481	0.00	83.29	83.28	0.00	59	59	0.00	0.00	180.79	40.36	0.00	0.00
517	16.72	3094	2500	0.63	7060	0	0	2655	0.00	83.28	83.28	0.00	59	59	0.00	0.00	180.80	40.34	0.00	0.00
518	16.72	3095	2501	0.63	6702	0	0	2250	0.00	83.30	83.28	0.00	59	59	0.00	0.00	181.54	40.50	0.00	0.00
517	16.71	3094	2500	0.63	6903	0	0	2516	0.00	83.28	83.29	0.00	59	59	0.00	0.00	180.30	40.28	0.00	0.00
517	16.72	3095	2500	0.63	6946	0	0	2484	0.00	83.28	83.28	0.00	59	59	0.00	0.00	180.73	40.37	0.00	0.00
517	16.72	3095	2500	0.63	6835	0	0	2366	0.00	83.29	83.28	0.00	59	59	0.00	0.00	181.04	40.32	0.00	0.00
517	16.72	3095	2500	0.63	6865	0	0	2432	0.00	83.29	83.28	0.00	59	59	0.00	0.00	180.88	40.26	0.00	0.00
518	16.72	3094	2500	0.63	6979	0	0	2537	0.00	83.28	83.28	0.00	59	59	0.00	0.00	181.13	40.30	0.00	0.00
517	16.72	3095	2500	0.63	6900	0	0	2486	0.00	83.28	83.28	0.00	59	59	0.00	0.00	180.92	40.35	0.00	0.00
517	16.72	3094	2500	0.63	7036	0	0	2593	0.00	83.29	83.28	0.00	59	59	0.00	0.00	180.83	40.32	0.00	0.00
517	16.72	3094	2500	0.63	7136	0	0	2728	0.00	83.28	83.28	0.00	59	59	0.00	0.00	181.17	40.33	0.00	0.00
517	16.72	3094	2500	0.63	6985	0	0	2539	0.00	83.28	83.28	0.00	59	59	0.00	0.00	180.89	40.28	0.00	0.00
517	16.72	3094	2500	0.63	7250	0	0	2774	0.00	83.29	83.28	0.00	59	59	0.00	0.00	181.08	40.29	0.00	0.00
517	16.72	3094	2500	0.63	6981	0	0	2587	0.00	83.28	83.28	0.00	59	59	0.00	0.00	180.90	40.30	0.00	0.00
517	16.72	3095	2500	0.63	6879	0	0	2405	0.00	83.29	83.28	0.00	60	60	0.00	0.00	180.81	40.28	0.00	0.00
517	16.72	3095	2500	0.63	6800	0	0	2408	0.00	83.29	83.28	0.00	59	59	0.00	0.00	180.96	40.26	0.00	0.00
517	16.72	3095	2500	0.63	6814	0	0	2344	0.00	83.28	83.28	0.00	59	59	0.00	0.00	181.11	40.29	0.00	0.00
517	16.72	3095	2500	0.63	6805	0	0	2386	0.00	83.29	83.28	0.00	60	60	0.00	0.00	180.81	40.29	0.00	0.00
517	16.72	3094	2500	0.63	6938	0	0	2532	0.00	83.27	83.28	0.00	59	59	0.00	0.00	180.65	40.34	0.00	0.00
518	16.78	3088	2499	0.63	6986	0	0	2552	0.00	83.21	83.22	0.00	60	59	0.00	0.00	180.67	40.32	0.00	0.00
518	16.72	3094	2501	0.63	6995	0	0	2549	0.00	83.31	83.28	0.00	59	59	0.00	0.00	180.75	40.31	0.00	0.00
517	16.72	3095	2500	0.63	6834	0	0	2429	0.00	83.29	83.28	0.00	60	60	0.00	0.00	180.68	40.26	0.00	0.00
517	16.72	3095	2500	0.63	6748	0	0	2308	0.00	83.29	83.28	0.00	60	60	0.00	0.00	180.71	40.23	0.00	0.00
517	16.72	3095	2500	0.63	6715	0	0	2285	0.00	83.29	83.28	0.00	59	59	0.00	0.00	180.61	40.35	0.00	0.00
517	16.72	3095	2500	0.63	6890	0	0	2450	0.00	83.28	83.28	0.00	60	60	0.00	0.00	180.71	40.27	0.00	0.00
517	16.72	3095	2500	0.63	6921	0	1	2529	0.00	83.29	83.28	0.00	60	60	0.00	0.00	180.93	40.27	0.00	0.00
518	16.74	3093	2500	0.63	7229	0	5	2793	0.00	83.26	83.26	0.00	59	59	0.00	0.00	181.02	40.32	0.00	0.00
517	16.72	3095	2500	0.63	6632	0	0	2179	0.00	83.30	83.28	0.00	59	59	0.00	0.00	180.92	40.29	0.00	0.00
517	16.72	3094	2500	0.63	6771	0	10	2315	0.00	83.28	83.28	0.00	60	60	0.00	0.00	181.00	40.30	0.00	0.00
517	16.72	3094	2500	0.63	6923	0	0	2540	0.00	83.29	83.28	0.00	60	60	0.00	0.00	181.03	40.24	0.00	0.00
517	16.72	3095	2500	0.63	6744	0	0	2298	0.00	83.28	83.28	0.00	60	60	0.00	0.00	180.99	40.35	0.00	0.00
517	16.72	3094	2500	0.63	6941	0	0	2573	0.00	83.28	83.28	0.00	60	60	0.00	0.00	180.90	40.35	0.00	0.00
517	16.72	3094	2500	0.63	7140	0	2	2512	0.00	83.29	83.28	0.00	60	60	0.00	0.00	181.00	40.40	0.00	0.00
517	16.72	3095	2500	0.63	6757	0	0	2364	0.00	83.29	83.28	0.00	60	60	0.00	0.00	180.84	40.44	0.00	0.00
517	16.72	3095	2500	0.63	6926	0	0	2456	0.00	83.29	83.28	0.00	60	60	0.00	0.00	180.95	40.42	0.00	0.00
519	16.75	3094	2501	0.63	7207	0	0	2592	0.00	83.30	83.25	0.00	60	60	0.00	0.00	181.37	40.49	0.00	0.00
513	16.60	3092	2499	0.63	7329	0	2	2544	0.00	83.35	83.40	0.00	60	60	0.00	0.00	180.08	40.18	0.00	0.00
517	16.72	3094	2500	0.63	7041	0	0	2293	0.00	83.28	83.28	0.00	60	60	0.00	0.00	180.39	40.48	0.00	0.00
517	16.72	3094	2500	0.63	6961	0	0	2570	0.00	83.29	83.28	0.00	60	60	0.00	0.00	180.85	40.39	0.00	0.00
519	16.80	3087	2500	0.63	4145	0	0	2548	0.00	83.23	83.20	0.00	60	60	0.00	0.00	181.00	40.37	0.00	0.00
