Avg_MHz	Busy%	Bzy_MHz	TSC_MHz	IPC	IRQ	SMI	POLL	C1	POLL%	C1%	CPU%c1	CPU%c6	CoreTmp	PkgTmp	Pkg%pc2	Pkg%pc6	PkgWatt	RAMWatt	PKG_%	RAM_%
29	1.09	2639	2502	1.17	2154	0	0	1934	0.00	98.99	98.91	0.00	46	46	0.00	0.00	114.13	25.07	0.00	0.00
29	1.08	2643	2505	1.18	2046	0	0	1908	0.00	99.12	98.92	0.00	46	46	0.00	0.00	114.31	25.20	0.00	0.00
29	1.08	2642	2500	1.18	1904	0	0	1759	0.00	98.93	98.92	0.00	46	46	0.00	0.00	113.94	25.11	0.00	0.00
29	1.08	2648	2500	1.18	1739	0	0	1602	0.00	98.91	98.92	0.00	46	46	0.00	0.00	114.03	25.12	0.00	0.00
29	1.08	2642	2500	1.17	1986	0	0	1844	0.00	98.93	98.92	0.00	46	46	0.00	0.00	113.96	25.08	0.00	0.00
29	1.08	2643	2500	1.18	1937	0	0	1805	0.00	98.91	98.92	0.00	46	46	0.00	0.00	113.92	25.12	0.00	0.00
29	1.08	2648	2500	1.18	1578	0	2	1440	0.00	98.94	98.92	0.00	46	46	0.00	0.00	114.07	25.20	0.00	0.00
29	1.08	2643	2499	1.18	1976	0	0	1838	0.00	98.89	98.92	0.00	46	47	0.00	0.00	113.89	25.07	0.00	0.00
29	1.08	2647	2495	1.18	1329	0	0	1199	0.00	98.71	98.92	0.00	47	46	0.00	0.00	113.59	25.00	0.00	0.00
29	1.08	2642	2506	1.17	2111	0	1	1952	0.00	99.15	98.92	0.00	46	46	0.00	0.00	114.46	25.19	0.00	0.00
29	1.09	2640	2500	1.18	1867	0	0	1742	0.00	98.92	98.91	0.00	46	46	0.00	0.00	113.97	25.10	0.00	0.00
29	1.08	2651	2500	1.19	1454	0	1	1342	0.00	98.93	98.92	0.00	47	46	0.00	0.00	113.99	25.13	0.00	0.00
29	1.08	2649	2500	1.18	1709	0	0	1578	0.00	98.93	98.92	0.00	46	46	0.00	0.00	113.98	25.09	0.00	0.00
29	1.08	2653	2500	1.19	1501	0	0	1358	0.00	98.92	98.92	0.00	46	46	0.00	0.00	113.90	25.11	0.00	0.00
29	1.08	2647	2497	1.18	1738	0	0	1601	0.00	98.80	98.92	0.00	47	46	0.00	0.00	113.74	25.01	0.00	0.00
29	1.08	2643	2503	1.18	2025	0	0	1879	0.00	99.05	98.92	0.00	46	47	0.00	0.00	114.09	25.19	0.00	0.00
29	1.09	2639	2500	1.18	2282	0	0	2142	0.00	98.93	98.91	0.00	46	46	0.00	0.00	113.94	25.16	0.00	0.00
29	1.08	2651	2500	1.18	1567	0	0	1434	0.00	98.91	98.92	0.00	47	46	0.00	0.00	113.98	25.00	0.00	0.00
29	1.09	2634	2500	1.18	1957	0	0	1835	0.00	98.93	98.91	0.00	46	47	0.00	0.00	113.98	25.05	0.00	0.00
29	1.08	2648	2500	1.18	1700	0	0	1568	0.00	98.91	98.92	0.00	47	47	0.00	0.00	113.91	25.05	0.00	0.00
29	1.08	2644	2500	1.19	1817	0	0	1707	0.00	98.93	98.92	0.00	46	46	0.00	0.00	114.00	25.14	0.00	0.00
29	1.09	2640	2500	1.19	2067	0	0	1941	0.00	98.91	98.91	0.00	46	46	0.00	0.00	114.06	25.12	0.00	0.00
29	1.08	2651	2500	1.19	1369	0	0	1258	0.00	98.94	98.92	0.00	46	47	0.00	0.00	113.95	25.13	0.00	0.00
29	1.08	2649	2500	1.19	1621	0	0	1503	0.00	98.91	98.92	0.00	47	46	0.00	0.00	113.98	25.12	0.00	0.00
29	1.08	2651	2500	1.19	1437	0	0	1301	0.00	98.94	98.92	0.00	46	46	0.00	0.00	113.99	25.04	0.00	0.00
29	1.08	2643	2499	1.18	2027	0	0	1882	0.00	98.90	98.92	0.00	46	46	0.00	0.00	113.94	25.04	0.00	0.00
29	1.08	2651	2500	1.18	1417	0	0	1286	0.00	98.94	98.92	0.00	47	46	0.00	0.00	114.08	25.10	0.00	0.00
29	1.10	2619	2499	1.18	1585	0	1	1386	0.00	98.87	98.90	0.00	46	47	0.00	0.00	113.99	25.09	0.00	0.00
29	1.09	2636	2501	1.19	1837	0	0	1699	0.00	98.96	98.91	0.00	46	46	0.00	0.00	114.12	25.11	0.00	0.00
29	1.08	2651	2499	1.19	1580	0	0	1437	0.00	98.90	98.92	0.00	46	46	0.00	0.00	113.84	25.07	0.00	0.00
29	1.08	2646	2500	1.18	1755	0	0	1624	0.00	98.94	98.92	0.00	46	46	0.00	0.00	113.99	25.09	0.00	0.00
29	1.08	2645	2499	1.18	1886	0	0	1761	0.00	98.88	98.92	0.00	46	46	0.00	0.00	113.97	25.05	0.00	0.00
29	1.09	2646	2495	1.19	1875	0	0	1741	0.00	98.71	98.91	0.00	46	46	0.00	0.00	113.59	24.96	0.00	0.00
29	1.08	2640	2506	1.19	2260	0	2	2105	0.00	99.15	98.92	0.00	47	47	0.00	0.00	114.43	25.23	0.00	0.00
29	1.09	2638	2500	1.20	2365	0	0	2217	0.00	98.93	98.91	0.00	46	46	0.00	0.00	114.22	25.14	0.00	0.00
29	1.08	2645	2499	1.18	1688	0	0	1568	0.00	98.90	98.92	0.00	46	46	0.00	0.00	114.04	25.06	0.00	0.00
29	1.09	2639	2501	1.19	1895	0	1	1783	0.00	98.94	98.91	0.00	46	46	0.00	0.00	114.12	25.12	0.00	0.00
29	1.09	2637	2496	1.19	2014	0	0	1861	0.00	98.77	98.91	0.00	46	46	0.00	0.00	113.90	25.06	0.00	0.00
29	1.08	2644	2504	1.19	1946	0	0	1796	0.00	99.07	98.92	0.00	46	46	0.00	0.00	114.28	25.21	0.00	0.00
29	1.09	2641	2500	1.19	2036	0	0	1922	0.00	98.90	98.91	0.00	46	46	0.00	0.00	113.87	25.08	0.00	0.00
29	1.08	2645	2500	1.19	1849	0	0	1719	0.00	98.94	98.92	0.00	46	46	0.00	0.00	114.07	25.10	0.00	0.00
29	1.09	2635	2499	1.19	2117	0	0	2007	0.00	98.89	98.91	0.00	47	46	0.00	0.00	113.94	25.11	0.00	0.00
29	1.08	2641	2501	1.19	2006	0	0	1874	0.00	98.94	98.92	0.00	47	46	0.00	0.00	114.12	25.03	0.00	0.00
29	1.08	2649	2500	1.19	1630	0	0	1505	0.00	98.91	98.92	0.00	46	47	0.00	0.00	114.09	25.05	0.00	0.00
29	1.08	2648	2500	1.19	1642	0	0	1504	0.00	98.93	98.92	0.00	46	47	0.00	0.00	114.07	25.11	0.00	0.00
29	1.08	2648	2500	1.20	1541	0	0	1410	0.00	98.91	98.92	0.00	47	46	0.00	0.00	114.17	25.21	0.00	0.00
29	1.08	2645	2501	1.18	1765	0	0	1636	0.00	98.95	98.92	0.00	46	46	0.00	0.00	114.06	25.14	0.00	0.00
29	1.08	2643	2499	1.19	1570	0	0	1437	0.00	98.90	98.92	0.00	47	47	0.00	0.00	113.96	25.09	0.00	0.00
29	1.08	2645	2500	1.19	1838	0	0	1698	0.00	98.94	98.92	0.00	47	47	0.00	0.00	114.22	25.15	0.00	0.00
29	1.08	2645	2500	1.19	1950	0	0	1800	0.00	98.91	98.92	0.00	47	46	0.00	0.00	114.30	25.16	0.00	0.00
29	1.08	2641	2500	1.19	2016	0	1	1883	0.00	98.93	98.92	0.00	46	46	0.00	0.00	114.11	25.14	0.00	0.00
29	1.08	2646	2500	1.19	1808	0	2	1673	0.00	98.91	98.92	0.00	46	47	0.00	0.00	114.06	25.17	0.00	0.00
28	1.08	2607	2500	1.20	2200	0	2	2049	0.00	98.91	98.92	0.00	46	46	0.00	0.00	113.55	25.09	0.00	0.00
28	1.08	2619	2501	1.20	2035	0	4	1877	0.00	98.96	98.92	0.00	43	44	0.00	0.00	114.38	25.27	0.00	0.00
29	1.08	2642	2500	1.19	1996	0	0	1858	0.00	98.92	98.92	0.00	43	44	0.00	0.00	114.03	25.17	0.00	0.00
29	1.08	2643	2500	1.20	1942	0	0	1806	0.00	98.91	98.92	0.00	43	45	0.00	0.00	114.01	25.19	0.00	0.00
29	1.08	2641	2500	1.20	2058	0	0	1920	0.00	98.93	98.92	0.00	43	45	0.00	0.00	113.97	25.19	0.00	0.00
29	1.09	2639	2500	1.19	1842	0	0	1702	0.00	98.91	98.91	0.00	43	45	0.00	0.00	113.98	25.19	0.00	0.00
29	1.08	2642	2500	1.19	2059	0	0	1918	0.00	98.92	98.92	0.00	43	44	0.00	0.00	113.97	25.21	0.00	0.00
29	1.08	2650	2500	1.20	1542	0	0	1409	0.00	98.91	98.92	0.00	43	44	0.00	0.00	113.94	25.22	0.00	0.00
29	1.08	2642	2500	1.21	2018	0	0	1885	0.00	98.93	98.92	0.00	43	44	0.00	0.00	114.19	25.33	0.00	0.00
29	1.11	2614	2499	1.19	1698	0	0	1447	0.00	98.85	98.89	0.00	43	45	0.00	0.00	113.91	25.14	0.00	0.00
29	1.08	2648	2499	1.21	1671	0	0	1533	0.00	98.89	98.92	0.00	43	44	0.00	0.00	113.65	25.13	0.00	0.00
29	1.08	2643	2502	1.19	2152	0	0	1993	0.00	98.99	98.92	0.00	43	45	0.00	0.00	114.34	25.29	0.00	0.00
29	1.08	2647	2500	1.21	1758	0	0	1618	0.00	98.93	98.92	0.00	43	45	0.00	0.00	114.03	25.34	0.00	0.00
29	1.08	2646	2500	1.19	1859	0	0	1715	0.00	98.91	98.92	0.00	43	45	0.00	0.00	113.84	25.27	0.00	0.00
29	1.08	2642	2500	1.20	2093	0	0	1957	0.00	98.93	98.92	0.00	43	45	0.00	0.00	113.97	25.32	0.00	0.00
29	1.09	2639	2500	1.20	1790	0	0	1654	0.00	98.91	98.91	0.00	43	45	0.00	0.00	113.96	25.24	0.00	0.00
29	1.09	2640	2500	1.20	2255	0	0	2091	0.00	98.93	98.91	0.00	43	44	0.00	0.00	114.00	25.25	0.00	0.00
29	1.08	2649	2499	1.20	1634	0	0	1496	0.00	98.88	98.92	0.00	43	44	0.00	0.00	114.02	25.24	0.00	0.00
29	1.08	2649	2499	1.20	1626	0	0	1498	0.00	98.89	98.92	0.00	43	45	0.00	0.00	113.68	25.12	0.00	0.00
29	1.08	2643	2502	1.21	2150	0	0	2019	0.00	98.98	98.92	0.00	43	45	0.00	0.00	114.45	25.34	0.00	0.00
29	1.08	2641	2500	1.19	2107	0	0	1968	0.00	98.92	98.92	0.00	43	44	0.00	0.00	114.01	25.17	0.00	0.00
29	1.08	2649	2500	1.21	1641	0	0	1505	0.00	98.92	98.92	0.00	43	45	0.00	0.00	114.17	25.32	0.00	0.00
29	1.08	2648	2500	1.19	1624	0	0	1489	0.00	98.93	98.92	0.00	43	44	0.00	0.00	114.06	25.22	0.00	0.00
29	1.08	2642	2500	1.20	2148	0	0	2015	0.00	98.91	98.92	0.00	44	45	0.00	0.00	114.01	25.28	0.00	0.00
29	1.09	2640	2500	1.20	2109	0	0	1968	0.00	98.93	98.91	0.00	43	44	0.00	0.00	114.04	25.26	0.00	0.00
29	1.09	2641	2500	1.20	1770	0	0	1629	0.00	98.91	98.91	0.00	43	45	0.00	0.00	114.05	25.26	0.00	0.00
29	1.08	2642	2500	1.20	1963	0	0	1825	0.00	98.93	98.92	0.00	43	44	0.00	0.00	114.11	25.28	0.00	0.00
29	1.08	2650	2500	1.19	1596	0	0	1461	0.00	98.92	98.92	0.00	43	44	0.00	0.00	114.05	25.20	0.00	0.00
29	1.09	2640	2500	1.21	2125	0	0	1985	0.00	98.93	98.91	0.00	43	44	0.00	0.00	114.15	25.27	0.00	0.00
29	1.08	2652	2500	1.19	1498	0	0	1358	0.00	98.91	98.92	0.00	44	44	0.00	0.00	113.85	25.18	0.00	0.00
29	1.09	2641	2500	1.20	2094	0	0	1957	0.00	98.93	98.91	0.00	43	44	0.00	0.00	114.17	25.29	0.00	0.00
29	1.08	2646	2500	1.20	1792	0	0	1655	0.00	98.91	98.92	0.00	43	45	0.00	0.00	113.92	25.18	0.00	0.00
29	1.09	2638	2500	1.20	2186	0	0	2044	0.00	98.93	98.91	0.00	43	45	0.00	0.00	114.11	25.16	0.00	0.00
29	1.08	2646	2500	1.20	1818	0	0	1680	0.00	98.91	98.92	0.00	43	45	0.00	0.00	114.10	25.23	0.00	0.00
29	1.08	2642	2500	1.19	2028	0	0	1890	0.00	98.93	98.92	0.00	43	45	0.00	0.00	114.05	25.18	0.00	0.00
29	1.11	2610	2499	1.21	1717	0	1	1458	0.00	98.85	98.89	0.00	43	45	0.00	0.00	114.00	25.20	0.00	0.00
29	1.09	2639	2499	1.19	2104	0	0	1961	0.00	98.90	98.91	0.00	43	45	0.00	0.00	113.74	25.03	0.00	0.00
29	1.08	2643	2501	1.21	2070	0	0	1911	0.00	98.98	98.92	0.00	43	44	0.00	0.00	114.67	25.33	0.00	0.00
29	1.08	2641	2500	1.19	2065	0	0	1928	0.00	98.93	98.92	0.00	43	45	0.00	0.00	114.07	25.24	0.00	0.00
29	1.09	2639	2500	1.20	2358	0	0	2217	0.00	98.91	98.91	0.00	44	45	0.00	0.00	114.14	25.26	0.00	0.00
29	1.08	2646	2500	1.20	1804	0	0	1657	0.00	98.93	98.92	0.00	43	44	0.00	0.00	114.13	25.25	0.00	0.00
29	1.09	2639	2500	1.20	1894	0	0	1754	0.00	98.91	98.91	0.00	43	45	0.00	0.00	114.00	25.12	0.00	0.00
29	1.08	2648	2500	1.21	1622	0	0	1488	0.00	98.93	98.92	0.00	43	44	0.00	0.00	114.10	25.29	0.00	0.00
29	1.08	2648	2500	1.20	1763	0	0	1627	0.00	98.92	98.92	0.00	43	45	0.00	0.00	114.08	25.34	0.00	0.00
29	1.09	2634	2500	1.21	2080	0	0	1941	0.00	98.93	98.91	0.00	43	44	0.00	0.00	114.17	25.33	0.00	0.00
29	1.08	2646	2500	1.20	1874	0	0	1736	0.00	98.91	98.92	0.00	43	45	0.00	0.00	113.98	25.23	0.00	0.00
29	1.08	2642	2500	1.20	1979	0	0	1837	0.00	98.92	98.92	0.00	43	45	0.00	0.00	114.17	25.28	0.00	0.00
29	1.08	2652	2500	1.21	1491	0	0	1356	0.00	98.92	98.92	0.00	43	44	0.00	0.00	114.06	25.26	0.00	0.00
29	1.08	2646	2500	1.19	1827	0	0	1682	0.00	98.93	98.92	0.00	43	45	0.00	0.00	114.05	25.18	0.00	0.00
29	1.08	2647	2500	1.21	1764	0	0	1636	0.00	98.91	98.92	0.00	43	44	0.00	0.00	114.11	25.34	0.00	0.00
29	1.09	2638	2500	1.19	1997	0	0	1870	0.00	98.91	98.91	0.00	43	44	0.00	0.00	114.06	25.23	0.00	0.00
29	1.08	2643	2500	1.21	1946	0	0	1813	0.00	98.93	98.92	0.00	44	45	0.00	0.00	114.09	25.25	0.00	0.00
29	1.15	2567	2499	1.19	2163	0	1	2000	0.00	98.83	98.85	0.00	43	44	0.00	0.00	114.11	25.13	0.00	0.00
29	1.08	2641	2501	1.20	2090	0	0	1954	0.00	98.95	98.92	0.00	43	45	0.00	0.00	114.16	25.16	0.00	0.00
29	1.09	2637	2499	1.21	1474	0	0	1398	0.00	98.89	98.91	0.00	43	45	0.00	0.00	113.88	25.12	0.00	0.00
