Avg_MHz	Busy%	Bzy_MHz	TSC_MHz	IPC	IRQ	SMI	POLL	C1	C1E	C3	C6	POLL%	C1%	C1E%	C3%	C6%	CPU%c1	CPU%c3	CPU%c6	CPU%c7	CoreTmp	PkgTmp	PkgWatt	RAMWatt	PKG_%	RAM_%
1202	50.06	2400	2401	0.43	4729	0	0	8	661	0	0	0.00	0.05	49.90	0.00	0.00	49.94	0.00	0.00	0.00	50	54	106.26	44.52	0.00	0.00
1201	50.06	2400	2400	0.43	4504	0	0	5	628	0	0	0.00	0.04	49.91	0.00	0.00	49.94	0.00	0.00	0.00	50	53	106.28	44.70	0.00	0.00
1201	50.06	2400	2400	0.43	4484	0	0	3	601	0	0	0.00	0.00	49.95	0.00	0.00	49.94	0.00	0.00	0.00	50	53	106.27	44.47	0.00	0.00
1201	50.06	2400	2400	0.43	4557	0	0	1	679	0	0	0.00	0.00	49.95	0.00	0.00	49.94	0.00	0.00	0.00	50	54	106.30	44.53	0.00	0.00
1202	50.07	2400	2400	0.43	4587	0	0	0	682	0	0	0.00	0.00	49.93	0.00	0.00	49.93	0.00	0.00	0.00	51	54	106.30	44.62	0.00	0.00
1202	50.07	2400	2400	0.43	4980	0	0	9	685	0	0	0.00	0.45	49.49	0.00	0.00	49.93	0.00	0.00	0.00	51	54	106.36	44.49	0.00	0.00
1201	50.06	2400	2400	0.43	4481	0	0	0	617	0	0	0.00	0.00	49.95	0.00	0.00	49.94	0.00	0.00	0.00	51	55	106.39	44.52	0.00	0.00
1201	50.06	2400	2400	0.43	5433	0	0	2	619	0	0	0.00	0.00	49.95	0.00	0.00	49.94	0.00	0.00	0.00	51	54	106.46	44.58	0.00	0.00
1201	50.06	2400	2400	0.43	13352	0	0	5	605	0	0	0.00	0.36	49.58	0.00	0.00	49.94	0.00	0.00	0.00	51	54	106.36	44.52	0.00	0.00
1201	50.06	2400	2400	0.43	19110	0	0	6	690	0	0	0.00	0.05	49.89	0.00	0.00	49.94	0.00	0.00	0.00	51	54	106.24	44.33	0.00	0.00
1202	50.06	2400	2400	0.43	4598	0	0	8	691	0	0	0.00	2.81	47.13	0.00	0.00	49.94	0.00	0.00	0.00	50	55	106.25	44.28	0.00	0.00
1202	50.09	2400	2400	0.43	5650	0	0	6	677	0	0	0.00	0.04	49.87	0.00	0.00	49.91	0.00	0.00	0.00	52	54	106.26	44.41	0.00	0.00
1201	50.06	2400	2400	0.43	6824	0	0	4	650	0	0	0.00	0.63	49.32	0.00	0.00	49.94	0.00	0.00	0.00	52	54	106.23	44.44	0.00	0.00
1201	50.06	2400	2400	0.43	9543	0	0	4	634	0	0	0.00	0.63	49.31	0.00	0.00	49.94	0.00	0.00	0.00	51	54	106.29	44.28	0.00	0.00
1203	50.12	2400	2400	0.43	4716	0	0	9	853	0	0	0.00	0.70	49.18	0.00	0.00	49.88	0.00	0.00	0.00	51	55	106.27	44.41	0.00	0.00
1201	50.06	2400	2400	0.43	18220	0	0	1	624	0	0	0.00	0.00	49.95	0.00	0.00	49.94	0.00	0.00	0.00	52	56	106.37	44.17	0.00	0.00
1202	50.07	2400	2400	0.43	14407	0	0	4	779	0	0	0.00	0.14	49.80	0.00	0.00	49.93	0.00	0.00	0.00	52	55	106.39	44.29	0.00	0.00
1202	50.07	2400	2400	0.43	14861	0	0	6	739	0	0	0.00	0.05	49.89	0.00	0.00	49.93	0.00	0.00	0.00	52	55	106.49	44.35	0.00	0.00
1202	50.07	2400	2400	0.43	10904	0	0	9	772	0	0	0.00	0.42	49.53	0.00	0.00	49.93	0.00	0.00	0.00	52	55	106.47	44.42	0.00	0.00
1202	50.07	2400	2400	0.43	7505	0	0	5	788	0	0	0.00	0.12	49.81	0.00	0.00	49.93	0.00	0.00	0.00	52	55	106.66	44.35	0.00	0.00
1202	50.06	2400	2400	0.43	14597	0	0	3	682	0	0	0.00	0.00	49.94	0.00	0.00	49.94	0.00	0.00	0.00	52	56	106.72	44.50	0.00	0.00
1202	50.07	2400	2400	0.43	13732	0	0	5	698	0	0	0.00	0.00	49.94	0.00	0.00	49.93	0.00	0.00	0.00	52	55	106.85	44.43	0.00	0.00
1201	50.06	2400	2400	0.43	13452	0	0	2	620	0	0	0.00	0.00	49.95	0.00	0.00	49.94	0.00	0.00	0.00	52	55	106.88	44.67	0.00	0.00
1202	50.07	2400	2400	0.43	4535	0	0	6	679	0	0	0.00	0.04	49.90	0.00	0.00	49.93	0.00	0.00	0.00	52	56	107.13	44.67	0.00	0.00
1201	50.06	2400	2400	0.43	13847	0	0	4	673	0	0	0.00	0.17	49.77	0.00	0.00	49.94	0.00	0.00	0.00	53	54	107.27	44.61	0.00	0.00
1202	50.07	2400	2400	0.43	12630	0	0	4	687	0	0	0.00	0.02	49.92	0.00	0.00	49.93	0.00	0.00	0.00	53	56	107.30	44.64	0.00	0.00
1201	50.06	2400	2400	0.43	12639	0	0	5	654	0	0	0.00	0.11	49.83	0.00	0.00	49.94	0.00	0.00	0.00	52	55	107.31	44.67	0.00	0.00
1201	50.06	2400	2400	0.43	4448	0	0	2	620	0	0	0.00	0.00	49.94	0.00	0.00	49.94	0.00	0.00	0.00	53	55	107.39	44.72	0.00	0.00
1201	50.05	2400	2400	0.43	12453	0	0	6	631	0	0	0.00	1.03	48.93	0.00	0.00	49.95	0.00	0.00	0.00	52	56	107.40	44.65	0.00	0.00
1201	50.06	2400	2400	0.43	13518	0	0	0	667	0	0	0.00	0.00	49.94	0.00	0.00	49.94	0.00	0.00	0.00	52	56	107.42	44.82	0.00	0.00
1201	50.06	2400	2400	0.43	12587	0	0	0	713	0	0	0.00	0.00	49.94	0.00	0.00	49.94	0.00	0.00	0.00	53	56	107.41	44.48	0.00	0.00
1202	50.07	2400	2400	0.43	12501	0	0	0	736	0	0	0.00	0.00	49.94	0.00	0.00	49.93	0.00	0.00	0.00	52	56	107.37	44.79	0.00	0.00
1217	50.70	2400	2400	0.43	5163	0	0	29	1190	0	0	0.00	0.14	49.17	0.00	0.00	49.30	0.00	0.00	0.00	53	55	107.39	44.80	0.00	0.00
1251	52.13	2400	2400	0.44	13937	0	0	37	1794	0	0	0.00	0.68	47.19	0.00	0.00	47.87	0.00	0.00	0.00	52	55	107.79	44.76	0.00	0.00
1278	53.25	2400	2400	0.43	18511	0	0	1	1150	0	0	0.00	0.00	46.76	0.00	0.00	46.75	0.00	0.00	0.00	52	56	107.80	44.35	0.00	0.00
1277	53.19	2400	2400	0.43	17523	0	0	0	609	0	0	0.00	0.00	46.82	0.00	0.00	46.81	0.00	0.00	0.00	52	55	107.79	44.65	0.00	0.00
1279	53.30	2400	2400	0.42	5037	0	0	13	941	0	0	0.00	0.14	46.57	0.00	0.00	46.70	0.00	0.00	0.00	53	56	107.52	44.66	0.00	0.00
1276	53.18	2400	2400	0.41	11705	0	0	12	763	0	0	0.00	0.36	46.46	0.00	0.00	46.82	0.00	0.00	0.00	52	56	107.28	44.75	0.00	0.00
1276	53.15	2400	2400	0.42	12392	0	0	8	791	0	0	0.00	2.05	44.81	0.00	0.00	46.85	0.00	0.00	0.00	52	56	107.64	44.72	0.00	0.00
1277	53.19	2400	2400	0.42	12174	0	0	2	675	0	0	0.00	0.70	46.11	0.00	0.00	46.81	0.00	0.00	0.00	53	56	107.65	44.50	0.00	0.00
1277	53.19	2400	2400	0.42	10630	0	0	2	726	0	0	0.00	0.02	46.80	0.00	0.00	46.81	0.00	0.00	0.00	53	56	107.53	44.61	0.00	0.00
1277	53.19	2400	2400	0.42	4865	0	0	0	739	0	0	0.00	0.00	46.81	0.00	0.00	46.81	0.00	0.00	0.00	53	57	107.47	44.69	0.00	0.00
1276	53.19	2400	2400	0.41	11470	0	0	0	651	0	0	0.00	0.00	46.82	0.00	0.00	46.81	0.00	0.00	0.00	54	56	107.21	44.40	0.00	0.00
1277	53.20	2400	2400	0.41	11804	0	0	8	664	0	0	0.00	1.41	45.39	0.00	0.00	46.80	0.00	0.00	0.00	53	57	107.15	44.56	0.00	0.00
1277	53.19	2400	2400	0.42	11713	0	0	4	774	0	0	0.00	0.05	46.76	0.00	0.00	46.81	0.00	0.00	0.00	53	56	107.24	44.50	0.00	0.00
1277	53.23	2400	2400	0.41	4978	0	0	4	880	0	0	0.00	0.00	46.78	0.00	0.00	46.77	0.00	0.00	0.00	53	56	106.90	44.59	0.00	0.00
1277	53.19	2400	2400	0.41	15944	0	0	8	784	0	0	0.00	0.38	46.43	0.00	0.00	46.81	0.00	0.00	0.00	53	57	106.75	44.57	0.00	0.00
1277	53.20	2400	2400	0.42	4764	0	0	2	654	0	0	0.00	0.00	46.81	0.00	0.00	46.80	0.00	0.00	0.00	54	57	107.64	44.57	0.00	0.00
1277	53.19	2400	2400	0.42	4830	0	0	4	674	0	0	0.00	0.65	46.17	0.00	0.00	46.81	0.00	0.00	0.00	53	57	107.59	44.74	0.00	0.00
1276	53.19	2400	2400	0.42	4812	0	0	4	713	0	0	0.00	0.00	46.82	0.00	0.00	46.81	0.00	0.00	0.00	53	57	107.68	44.55	0.00	0.00
1277	53.19	2400	2400	0.42	4839	0	0	0	695	0	0	0.00	0.00	46.81	0.00	0.00	46.81	0.00	0.00	0.00	54	58	107.64	44.60	0.00	0.00
1277	53.19	2400	2400	0.42	4894	0	0	3	779	0	0	0.00	0.00	46.82	0.00	0.00	46.81	0.00	0.00	0.00	53	56	107.70	44.79	0.00	0.00
1276	53.18	2400	2400	0.42	4832	0	0	0	681	0	0	0.00	0.00	46.82	0.00	0.00	46.82	0.00	0.00	0.00	53	57	107.72	44.53	0.00	0.00
1277	53.20	2400	2400	0.42	4895	0	0	12	719	0	0	0.00	0.29	46.52	0.00	0.00	46.80	0.00	0.00	0.00	53	57	107.65	44.65	0.00	0.00
1277	53.19	2400	2400	0.42	4811	0	0	11	725	0	0	0.00	1.24	45.58	0.00	0.00	46.81	0.00	0.00	0.00	54	57	107.81	44.71	0.00	0.00
1277	53.20	2400	2400	0.42	4840	0	0	3	701	0	0	0.00	0.02	46.79	0.00	0.00	46.80	0.00	0.00	0.00	53	57	107.71	44.71	0.00	0.00
1276	53.19	2400	2400	0.42	5053	0	0	3	710	0	0	0.00	0.00	46.82	0.00	0.00	46.81	0.00	0.00	0.00	54	56	107.81	44.68	0.00	0.00
1277	53.19	2400	2400	0.42	4842	0	0	2	713	0	0	0.00	0.03	46.79	0.00	0.00	46.81	0.00	0.00	0.00	53	56	107.65	44.69	0.00	0.00
1276	53.18	2400	2400	0.41	4760	0	0	8	674	0	0	0.00	0.07	46.75	0.00	0.00	46.82	0.00	0.00	0.00	54	57	107.71	44.89	0.00	0.00
1277	53.19	2400	2400	0.42	5287	0	0	3	661	0	0	0.00	0.00	46.81	0.00	0.00	46.81	0.00	0.00	0.00	54	57	107.78	44.79	0.00	0.00
1276	53.19	2400	2400	0.41	9845	0	0	1	634	0	0	0.00	0.00	46.82	0.00	0.00	46.81	0.00	0.00	0.00	53	56	107.72	44.87	0.00	0.00
1277	53.19	2400	2400	0.41	4839	0	0	4	682	0	0	0.00	0.72	46.10	0.00	0.00	46.81	0.00	0.00	0.00	54	57	107.80	44.66	0.00	0.00
1276	53.18	2400	2400	0.42	4707	0	0	5	631	0	0	0.00	0.25	46.57	0.00	0.00	46.82	0.00	0.00	0.00	53	57	107.74	44.65	0.00	0.00
1277	53.20	2400	2400	0.41	18485	0	0	3	763	0	0	0.00	0.03	46.77	0.00	0.00	46.80	0.00	0.00	0.00	54	57	107.67	44.70	0.00	0.00
1277	53.19	2400	2400	0.42	62605	0	0	0	647	0	0	0.00	0.00	46.82	0.00	0.00	46.81	0.00	0.00	0.00	54	57	107.68	44.59	0.00	0.00
1277	53.19	2400	2400	0.41	157112	0	0	9	709	0	0	0.00	2.72	44.10	0.00	0.00	46.81	0.00	0.00	0.00	53	57	107.33	44.00	0.00	0.00
1277	53.19	2400	2400	0.39	123862	0	0	0	697	0	0	0.00	0.00	46.81	0.00	0.00	46.81	0.00	0.00	0.00	52	57	106.84	43.65	0.00	0.00
1277	53.19	2400	2400	0.37	34028	0	0	4	680	0	0	0.00	0.70	46.11	0.00	0.00	46.81	0.00	0.00	0.00	53	56	105.98	43.66	0.00	0.00
1277	53.19	2400	2400	0.37	55901	0	0	68	706	0	0	0.00	4.73	42.09	0.00	0.00	46.81	0.00	0.00	0.00	53	57	105.91	43.83	0.00	0.00
1277	53.20	2400	2400	0.37	6350	0	0	6	735	0	0	0.00	1.80	45.00	0.00	0.00	46.80	0.00	0.00	0.00	53	57	105.76	43.59	0.00	0.00
1277	53.19	2400	2400	0.36	4789	0	0	6	711	0	0	0.00	0.09	46.72	0.00	0.00	46.81	0.00	0.00	0.00	53	57	105.72	43.70	0.00	0.00
1277	53.19	2400	2400	0.36	4812	0	0	0	697	0	0	0.00	0.00	46.81	0.00	0.00	46.81	0.00	0.00	0.00	52	57	105.73	43.40	0.00	0.00
1276	53.19	2400	2400	0.37	33415	0	0	5	653	0	0	0.00	0.62	46.19	0.00	0.00	46.81	0.00	0.00	0.00	53	56	105.87	43.66	0.00	0.00
1277	53.21	2400	2400	0.37	5034	0	0	63	733	0	0	0.00	2.85	43.95	0.00	0.00	46.79	0.00	0.00	0.00	52	57	105.53	43.63	0.00	0.00
1277	53.20	2400	2400	0.37	21103	0	0	8	761	0	0	0.00	0.08	46.73	0.00	0.00	46.80	0.00	0.00	0.00	52	57	105.64	43.39	0.00	0.00
1277	53.21	2400	2400	0.36	32275	0	0	2	891	0	0	0.00	0.01	46.79	0.00	0.00	46.79	0.00	0.00	0.00	53	57	105.32	43.44	0.00	0.00
1277	53.20	2400	2400	0.36	191164	0	0	1	748	0	0	0.00	0.17	46.63	0.00	0.00	46.80	0.00	0.00	0.00	52	58	105.09	42.75	0.00	0.00
1277	53.21	2400	2400	0.35	29799	0	0	3	792	0	0	0.00	0.03	46.76	0.00	0.00	46.79	0.00	0.00	0.00	52	57	105.16	42.99	0.00	0.00
1277	53.20	2400	2400	0.36	26628	0	0	0	656	0	0	0.00	0.00	46.81	0.00	0.00	46.80	0.00	0.00	0.00	53	57	105.61	43.33	0.00	0.00
1275	53.11	2400	2400	0.36	5016	0	0	8	787	0	0	0.00	0.63	46.27	0.00	0.00	46.89	0.00	0.00	0.00	53	57	105.47	43.47	0.00	0.00
1277	53.22	2400	2400	0.36	4961	0	0	0	813	0	0	0.00	0.00	46.79	0.00	0.00	46.78	0.00	0.00	0.00	53	57	105.35	43.29	0.00	0.00
1277	53.21	2400	2400	0.36	28379	0	0	0	777	0	0	0.00	0.00	46.79	0.00	0.00	46.79	0.00	0.00	0.00	53	56	105.56	43.18	0.00	0.00
1277	53.20	2400	2400	0.37	20556	0	0	0	689	0	0	0.00	0.00	46.80	0.00	0.00	46.80	0.00	0.00	0.00	53	56	105.63	43.33	0.00	0.00
1275	53.14	2400	2400	0.39	135834	0	0	7	639	0	0	0.00	0.02	46.85	0.00	0.00	46.86	0.00	0.00	0.00	53	57	105.67	43.04	0.00	0.00
1282	53.42	2400	2400	0.37	101094	0	0	20	1337	0	0	0.00	1.32	45.27	0.00	0.00	46.58	0.00	0.00	0.00	53	57	105.61	43.04	0.00	0.00
1253	53.58	2400	2339	0.36	8707	0	0	24	1603	0	0	0.00	0.11	45.15	0.00	0.00	46.42	0.00	0.00	0.00	52	57	101.08	41.65	0.00	0.00
1257	52.40	2400	2400	0.38	6584	0	0	38	1764	0	0	0.00	0.44	47.17	0.00	0.00	47.60	0.00	0.00	0.00	52	56	104.56	43.43	0.00	0.00
1284	53.51	2400	2400	0.36	7825	0	0	78	3617	0	0	0.00	0.73	45.78	0.00	0.00	46.49	0.00	0.00	0.00	52	57	105.18	43.38	0.00	0.00
1245	51.89	2400	2400	0.36	7645	0	0	111	3039	0	0	0.00	0.35	47.77	0.00	0.00	48.11	0.00	0.00	0.00	53	56	104.78	43.48	0.00	0.00
1279	53.30	2400	2400	0.38	6294	0	0	24	1929	0	0	0.00	0.10	46.60	0.00	0.00	46.70	0.00	0.00	0.00	53	57	105.39	43.47	0.00	0.00
1251	52.11	2400	2400	0.36	5277	0	0	9	1094	0	0	0.00	0.19	47.71	0.00	0.00	47.89	0.00	0.00	0.00	53	57	104.93	43.39	0.00	0.00
1282	53.43	2400	2400	0.36	6414	0	0	1	2074	0	0	0.00	0.00	46.58	0.00	0.00	46.57	0.00	0.00	0.00	53	57	105.16	43.49	0.00	0.00
1285	53.54	2400	2400	0.37	7459	0	0	35	2792	0	0	0.00	0.30	46.17	0.00	0.00	46.46	0.00	0.00	0.00	53	56	105.05	43.30	0.00	0.00
1287	53.62	2400	2400	0.37	7859	0	0	28	3434	0	0	0.00	0.16	46.24	0.00	0.00	46.38	0.00	0.00	0.00	53	57	105.24	43.46	0.00	0.00
1284	53.51	2400	2400	0.36	16995	0	0	24	2480	0	0	0.00	0.19	46.31	0.00	0.00	46.49	0.00	0.00	0.00	53	57	105.14	43.35	0.00	0.00
1281	53.37	2400	2400	0.37	27051	0	0	10	1848	0	0	0.00	0.08	46.57	0.00	0.00	46.63	0.00	0.00	0.00	53	57	104.93	43.25	0.00	0.00
1283	53.45	2400	2400	0.37	174597	0	0	16	2484	0	0	0.00	0.19	46.37	0.00	0.00	46.55	0.00	0.00	0.00	53	57	105.64	43.19	0.00	0.00
1282	53.41	2400	2400	0.37	88666	0	0	20	2420	0	0	0.00	0.77	45.84	0.00	0.00	46.59	0.00	0.00	0.00	53	57	105.54	43.18	0.00	0.00
1284	53.50	2400	2400	0.37	7390	0	0	40	3104	0	0	0.00	0.27	46.25	0.00	0.00	46.50	0.00	0.00	0.00	53	57	105.40	43.47	0.00	0.00
1283	53.47	2400	2400	0.37	71815	0	0	12	2443	0	0	0.00	0.49	46.05	0.00	0.00	46.53	0.00	0.00	0.00	53	57	105.55	43.35	0.00	0.00
1286	53.49	2400	2403	0.37	30683	0	0	16	2446	0	0	0.00	0.04	46.54	0.00	0.00	46.51	0.00	0.00	0.00	53	57	105.63	43.46	0.00	0.00
1281	53.44	2400	2396	0.38	82367	0	0	8	2335	0	0	0.00	0.07	46.43	0.00	0.00	46.56	0.00	0.00	0.00	52	58	105.54	43.27	0.00	0.00
1278	53.22	2400	2401	0.36	3016	0	0	5	1074	0	0	0.00	0.18	46.63	0.00	0.00	46.78	0.00	0.00	0.00	53	56	105.29	43.26	0.00	0.00
