Avg_MHz	Busy%	Bzy_MHz	TSC_MHz	IPC	IRQ	SMI	POLL	C1	C1E	C3	C6	POLL%	C1%	C1E%	C3%	C6%	CPU%c1	CPU%c3	CPU%c6	CPU%c7	CoreTmp	PkgTmp	PkgWatt	RAMWatt	PKG_%	RAM_%
1040	43.11	2400	2412	0.57	11564	0	0	62	2756	0	0	0.00	0.97	56.23	0.00	0.00	56.89	0.00	0.00	0.00	56	58	111.43	41.61	0.00	0.00
726	29.36	2400	2472	0.83	22052	0	0	81	2795	0	0	0.00	0.75	72.03	0.00	0.00	70.64	0.00	0.00	0.00	55	58	105.64	41.21	0.00	0.00
342	14.21	2400	2409	1.04	26867	0	0	411	4850	0	0	0.00	4.89	81.22	0.00	0.00	85.79	0.00	0.00	0.00	54	59	85.18	35.93	0.00	0.00
1574	67.01	2400	2349	0.28	36527	0	0	106	1934	0	0	0.00	0.04	32.25	0.00	0.00	32.99	0.00	0.00	0.00	55	58	101.04	38.33	0.00	0.00
2432	99.70	2400	2439	0.26	376785	0	0	32	698	0	0	0.00	0.01	0.30	0.00	0.00	0.30	0.00	0.00	0.00	57	59	126.03	45.13	0.00	0.00
2317	96.39	2400	2404	0.28	24547	0	0	4	268	0	0	0.00	0.02	3.60	0.00	0.00	3.61	0.00	0.00	0.00	58	59	127.75	45.42	0.00	0.00
2392	99.79	2400	2397	0.27	20551	0	0	1	65	0	0	0.00	0.00	0.21	0.00	0.00	0.21	0.00	0.00	0.00	57	60	127.16	45.14	0.00	0.00
1856	77.17	2400	2405	0.43	98628	0	0	178	1106	0	0	0.00	2.05	20.84	0.00	0.00	22.83	0.00	0.00	0.00	57	59	122.52	43.37	0.00	0.00
1121	46.64	2400	2403	0.47	10117	0	0	101	2432	0	0	0.00	1.87	51.58	0.00	0.00	53.36	0.00	0.00	0.00	56	60	106.62	40.01	0.00	0.00
796	33.15	2400	2402	0.38	5804	0	0	141	2564	0	0	0.00	1.68	65.23	0.00	0.00	66.85	0.00	0.00	0.00	56	59	95.88	37.69	0.00	0.00
678	28.23	2400	2401	0.41	7437	0	0	1041	4518	0	0	0.00	11.80	60.01	0.00	0.00	71.77	0.00	0.00	0.00	54	58	92.87	36.64	0.00	0.00
585	24.36	2400	2401	0.42	4597	0	0	154	2821	0	0	0.00	1.64	74.03	0.00	0.00	75.64	0.00	0.00	0.00	54	58	90.70	36.50	0.00	0.00
535	22.30	2400	2400	0.37	4489	0	0	372	3015	0	0	0.00	3.04	74.69	0.00	0.00	77.70	0.00	0.00	0.00	53	57	87.99	36.04	0.00	0.00
1111	46.48	2400	2389	0.41	8910	0	0	193	2254	0	0	0.00	1.51	51.78	0.00	0.00	53.52	0.00	0.00	0.00	56	58	100.90	38.71	0.00	0.00
2399	99.93	2400	2400	0.26	9101	0	0	2	10	0	0	0.00	0.02	0.05	0.00	0.00	0.07	0.00	0.00	0.00	57	59	126.45	44.55	0.00	0.00
2395	99.81	2400	2399	0.26	11353	0	0	0	58	0	0	0.00	0.00	0.19	0.00	0.00	0.19	0.00	0.00	0.00	58	59	126.39	44.67	0.00	0.00
2369	98.71	2400	2400	0.27	8994	0	0	4	374	0	0	0.00	0.01	1.29	0.00	0.00	1.29	0.00	0.00	0.00	58	59	126.62	44.80	0.00	0.00
1687	70.04	2400	2408	0.48	6827	0	0	16	771	0	0	0.00	0.61	29.45	0.00	0.00	29.96	0.00	0.00	0.00	58	60	121.72	43.67	0.00	0.00
934	38.90	2400	2402	0.50	3987	0	0	108	500	0	0	0.00	1.66	59.49	0.00	0.00	61.10	0.00	0.00	0.00	56	59	104.01	39.55	0.00	0.00
644	26.83	2400	2401	0.24	2615	0	0	158	527	0	0	0.00	1.92	71.28	0.00	0.00	73.17	0.00	0.00	0.00	53	59	88.44	35.95	0.00	0.00
601	25.06	2400	2399	0.24	4674	0	0	165	583	0	0	0.00	4.21	70.71	0.00	0.00	74.94	0.00	0.00	0.00	54	58	89.21	36.40	0.00	0.00
535	22.30	2400	2401	0.21	6211	0	0	238	494	0	0	0.00	2.85	74.89	0.00	0.00	77.70	0.00	0.00	0.00	54	57	86.57	35.64	0.00	0.00
494	20.56	2400	2401	0.32	2058	0	0	202	464	0	0	0.00	2.39	77.08	0.00	0.00	79.44	0.00	0.00	0.00	54	58	87.12	36.09	0.00	0.00
602	25.26	2400	2385	0.49	7359	0	0	211	508	0	0	0.00	2.43	71.86	0.00	0.00	74.74	0.00	0.00	0.00	55	57	88.00	36.09	0.00	0.00
2401	100.00	2400	2401	0.25	8328	0	0	0	0	0	0	0.00	0.00	0.00	0.00	0.00	0.00	0.00	0.00	0.00	57	59	126.44	44.91	0.00	0.00
2395	99.81	2400	2399	0.26	22183	0	0	0	17	0	0	0.00	0.00	0.19	0.00	0.00	0.19	0.00	0.00	0.00	57	58	126.51	44.92	0.00	0.00
2401	100.00	2400	2401	0.25	8294	0	0	0	0	0	0	0.00	0.00	0.00	0.00	0.00	0.00	0.00	0.00	0.00	57	60	126.65	44.72	0.00	0.00
1567	65.12	2400	2405	0.27	16997	0	0	161	422	0	0	0.00	3.92	31.04	0.00	0.00	34.88	0.00	0.00	0.00	54	60	99.27	37.56	0.00	0.00
1200	49.96	2400	2402	0.16	4455	0	0	256	372	0	0	0.00	5.72	44.36	0.00	0.00	50.04	0.00	0.00	0.00	54	58	93.07	37.12	0.00	0.00
1115	46.49	2400	2399	0.17	5166	0	0	51	646	0	0	0.00	1.91	51.59	0.00	0.00	53.51	0.00	0.00	0.00	53	58	92.57	36.97	0.00	0.00
1051	43.79	2400	2401	0.10	3943	0	0	275	403	0	0	0.00	3.10	53.13	0.00	0.00	56.21	0.00	0.00	0.00	54	57	88.15	35.93	0.00	0.00
1026	42.73	2400	2401	0.16	4537	0	0	94	600	0	0	0.00	1.08	56.22	0.00	0.00	57.27	0.00	0.00	0.00	53	57	91.39	36.72	0.00	0.00
977	40.67	2400	2402	0.15	4066	0	0	158	516	0	0	0.00	3.59	55.80	0.00	0.00	59.33	0.00	0.00	0.00	54	57	90.38	36.81	0.00	0.00
932	38.87	2400	2398	0.16	4253	0	0	204	501	0	0	0.00	2.61	58.47	0.00	0.00	61.13	0.00	0.00	0.00	54	57	88.65	36.04	0.00	0.00
902	37.54	2400	2402	0.14	23764	0	0	238	463	0	0	0.00	2.53	59.98	0.00	0.00	62.46	0.00	0.00	0.00	53	56	89.17	36.28	0.00	0.00
851	35.47	2400	2400	0.16	3352	0	0	173	540	0	0	0.00	2.08	62.47	0.00	0.00	64.53	0.00	0.00	0.00	52	56	89.35	36.23	0.00	0.00
783	32.63	2400	2400	0.20	10285	0	0	282	663	0	0	0.00	5.09	62.29	0.00	0.00	67.37	0.00	0.00	0.00	53	56	89.95	36.40	0.00	0.00
731	30.45	2400	2402	0.19	2915	0	0	273	397	0	0	0.00	4.50	65.10	0.00	0.00	69.55	0.00	0.00	0.00	54	56	88.39	36.08	0.00	0.00
1905	79.73	2400	2390	0.31	15507	0	0	37	393	0	0	0.00	0.30	19.88	0.00	0.00	20.27	0.00	0.00	0.00	54	56	111.69	41.13	0.00	0.00
2400	100.00	2400	2400	0.21	13447	0	0	0	0	0	0	0.00	0.00	0.00	0.00	0.00	0.00	0.00	0.00	0.00	55	57	119.81	43.40	0.00	0.00
2402	100.00	2400	2402	0.21	8374	0	0	0	0	0	0	0.00	0.00	0.00	0.00	0.00	0.00	0.00	0.00	0.00	56	58	119.30	43.49	0.00	0.00
2397	100.00	2400	2397	0.20	8384	0	0	0	1	0	0	0.00	0.00	0.00	0.00	0.00	0.00	0.00	0.00	0.00	56	58	119.03	43.11	0.00	0.00
2205	91.67	2400	2405	0.28	7683	0	0	15	119	0	0	0.00	0.49	7.85	0.00	0.00	8.33	0.00	0.00	0.00	54	56	115.68	41.35	0.00	0.00
1201	50.03	2400	2401	0.14	4475	0	0	132	504	0	0	0.00	1.44	48.56	0.00	0.00	49.97	0.00	0.00	0.00	54	57	91.76	37.18	0.00	0.00
1147	47.79	2400	2401	0.13	4278	0	0	198	399	0	0	0.00	3.31	48.92	0.00	0.00	52.21	0.00	0.00	0.00	55	58	89.52	36.49	0.00	0.00
1116	46.52	2400	2399	0.19	4740	0	0	45	597	0	0	0.00	0.54	52.92	0.00	0.00	53.48	0.00	0.00	0.00	54	56	93.01	37.45	0.00	0.00
1040	43.32	2400	2401	0.18	3940	0	0	278	400	0	0	0.00	3.19	53.52	0.00	0.00	56.68	0.00	0.00	0.00	53	57	91.72	37.14	0.00	0.00
943	39.21	2400	2404	0.22	4458	0	0	94	627	0	0	0.00	1.28	59.64	0.00	0.00	60.79	0.00	0.00	0.00	54	56	93.13	37.48	0.00	0.00
814	33.92	2400	2401	0.54	3188	0	0	70	621	0	0	0.00	0.85	65.25	0.00	0.00	66.08	0.00	0.00	0.00	53	57	102.57	39.49	0.00	0.00
1143	47.82	2400	2390	0.31	7985	0	0	140	498	0	0	0.00	1.50	50.45	0.00	0.00	52.18	0.00	0.00	0.00	55	57	97.38	38.18	0.00	0.00
2400	100.00	2400	2400	0.20	8275	0	0	0	0	0	0	0.00	0.00	0.00	0.00	0.00	0.00	0.00	0.00	0.00	55	57	118.08	43.03	0.00	0.00
2401	100.00	2400	2401	0.20	8379	0	0	0	1	0	0	0.00	0.00	0.00	0.00	0.00	0.00	0.00	0.00	0.00	55	58	118.37	43.09	0.00	0.00
2400	100.00	2400	2400	0.19	8305	0	0	0	0	0	0	0.00	0.00	0.00	0.00	0.00	0.00	0.00	0.00	0.00	55	57	117.60	42.62	0.00	0.00
2398	100.00	2400	2398	0.19	8342	0	0	0	1	0	0	0.00	0.00	0.00	0.00	0.00	0.00	0.00	0.00	0.00	55	57	117.92	43.11	0.00	0.00
1849	76.81	2400	2407	0.36	11775	0	0	70	161	0	0	0.00	2.47	20.80	0.00	0.00	23.19	0.00	0.00	0.00	55	58	118.63	42.51	0.00	0.00
1220	50.79	2400	2403	0.44	4568	0	0	10	631	0	0	0.00	0.27	49.00	0.00	0.00	49.21	0.00	0.00	0.00	55	58	113.32	41.33	0.00	0.00
716	29.84	2400	2400	0.24	2819	0	0	273	386	0	0	0.00	3.31	66.85	0.00	0.00	70.16	0.00	0.00	0.00	55	57	90.56	36.61	0.00	0.00
659	27.47	2400	2401	0.30	2726	0	0	68	652	0	0	0.00	0.78	71.78	0.00	0.00	72.53	0.00	0.00	0.00	54	57	92.25	37.24	0.00	0.00
587	24.46	2400	2401	0.36	6023	0	0	127	526	0	0	0.00	1.39	74.19	0.00	0.00	75.54	0.00	0.00	0.00	55	56	90.47	36.73	0.00	0.00
1530	63.99	2400	2390	0.27	5637	0	0	71	439	0	0	0.00	0.72	35.15	0.00	0.00	36.01	0.00	0.00	0.00	56	57	103.34	39.40	0.00	0.00
2399	100.00	2400	2399	0.19	8266	0	0	0	0	0	0	0.00	0.00	0.00	0.00	0.00	0.00	0.00	0.00	0.00	54	57	116.94	42.70	0.00	0.00
2400	99.99	2400	2401	0.18	24965	0	0	6	14	0	0	0.00	0.00	0.01	0.00	0.00	0.01	0.00	0.00	0.00	55	58	116.66	42.71	0.00	0.00
2400	100.00	2400	2400	0.17	8275	0	0	0	0	0	0	0.00	0.00	0.00	0.00	0.00	0.00	0.00	0.00	0.00	55	58	115.71	42.34	0.00	0.00
2401	100.00	2400	2401	0.18	24506	0	0	6	9	0	0	0.00	0.00	0.00	0.00	0.00	0.00	0.00	0.00	0.00	55	58	115.98	42.37	0.00	0.00
2372	98.83	2400	2400	0.23	8230	0	0	0	65	0	0	0.00	0.00	1.17	0.00	0.00	1.17	0.00	0.00	0.00	55	58	116.52	41.94	0.00	0.00
1270	52.84	2400	2404	0.18	40443	0	0	241	261	0	0	0.00	4.07	43.16	0.00	0.00	47.16	0.00	0.00	0.00	55	57	91.41	36.74	0.00	0.00
1194	49.76	2400	2400	0.29	4503	0	0	29	671	0	0	0.00	0.32	49.94	0.00	0.00	50.24	0.00	0.00	0.00	54	56	100.49	39.24	0.00	0.00
993	41.34	2400	2402	0.23	4140	0	0	70	554	0	0	0.00	0.79	57.93	0.00	0.00	58.66	0.00	0.00	0.00	53	56	92.67	37.70	0.00	0.00
891	37.12	2400	2400	0.21	3447	0	0	134	557	0	0	0.00	1.47	61.42	0.00	0.00	62.88	0.00	0.00	0.00	54	57	91.05	37.06	0.00	0.00
800	33.33	2400	2401	0.22	3149	0	0	186	519	0	0	0.00	2.95	63.76	0.00	0.00	66.67	0.00	0.00	0.00	53	56	90.11	36.78	0.00	0.00
1169	48.90	2400	2392	0.39	7294	0	0	56	556	0	0	0.00	1.53	49.40	0.00	0.00	51.10	0.00	0.00	0.00	54	57	98.68	38.29	0.00	0.00
2401	100.00	2400	2401	0.16	8393	0	0	0	1	0	0	0.00	0.00	0.00	0.00	0.00	0.00	0.00	0.00	0.00	54	57	113.86	41.62	0.00	0.00
2399	100.00	2400	2399	0.16	9116	0	0	0	1	0	0	0.00	0.00	0.00	0.00	0.00	0.00	0.00	0.00	0.00	55	57	113.89	41.67	0.00	0.00
2401	100.00	2400	2401	0.16	8312	0	0	0	1	0	0	0.00	0.00	0.00	0.00	0.00	0.00	0.00	0.00	0.00	55	57	114.10	41.94	0.00	0.00
2400	100.00	2400	2400	0.16	9937	0	0	0	2	0	0	0.00	0.00	0.00	0.00	0.00	0.00	0.00	0.00	0.00	54	57	113.86	41.86	0.00	0.00
2398	100.00	2400	2398	0.16	8510	0	0	0	0	0	0	0.00	0.00	0.00	0.00	0.00	0.00	0.00	0.00	0.00	55	57	113.75	41.54	0.00	0.00
2401	100.00	2400	2401	0.16	8317	0	0	0	0	0	0	0.00	0.00	0.00	0.00	0.00	0.00	0.00	0.00	0.00	55	58	114.08	41.76	0.00	0.00
2115	88.00	2400	2404	0.25	9190	0	0	62	120	0	0	0.00	1.52	10.50	0.00	0.00	12.00	0.00	0.00	0.00	55	56	109.73	40.05	0.00	0.00
1200	50.02	2400	2400	0.12	4339	0	0	260	268	0	0	0.00	3.01	46.98	0.00	0.00	49.98	0.00	0.00	0.00	54	57	89.19	36.88	0.00	0.00
1163	48.44	2400	2401	0.18	5019	0	0	147	509	0	0	0.00	19.99	31.61	0.00	0.00	51.56	0.00	0.00	0.00	54	56	92.24	37.49	0.00	0.00
1079	44.98	2400	2400	0.17	3997	0	0	176	418	0	0	0.00	2.10	52.91	0.00	0.00	55.02	0.00	0.00	0.00	53	56	90.53	37.20	0.00	0.00
1023	42.57	2400	2402	0.24	3940	0	0	115	596	0	0	0.00	1.27	56.22	0.00	0.00	57.43	0.00	0.00	0.00	54	56	93.18	37.53	0.00	0.00
1702	71.13	2400	2393	0.26	12024	0	0	68	410	0	0	0.00	1.13	27.66	0.00	0.00	28.87	0.00	0.00	0.00	54	56	104.19	39.28	0.00	0.00
2399	100.00	2400	2399	0.15	8330	0	0	0	0	0	0	0.00	0.00	0.00	0.00	0.00	0.00	0.00	0.00	0.00	54	57	113.47	41.38	0.00	0.00
2394	99.72	2400	2401	0.16	10954	0	0	4	30	0	0	0.00	0.00	0.28	0.00	0.00	0.28	0.00	0.00	0.00	54	57	113.66	41.65	0.00	0.00
2401	100.00	2400	2401	0.16	8523	0	0	0	0	0	0	0.00	0.00	0.00	0.00	0.00	0.00	0.00	0.00	0.00	54	57	113.51	41.58	0.00	0.00
2398	100.00	2400	2398	0.15	16558	0	0	52	82	0	0	0.00	0.00	0.00	0.00	0.00	0.00	0.00	0.00	0.00	55	57	113.07	40.99	0.00	0.00
2402	100.00	2400	2402	0.16	8363	0	0	0	0	0	0	0.00	0.00	0.00	0.00	0.00	0.00	0.00	0.00	0.00	55	57	113.61	41.75	0.00	0.00
2401	100.00	2400	2401	0.15	8300	0	0	1	0	0	0	0.00	0.00	0.00	0.00	0.00	0.00	0.00	0.00	0.00	55	56	113.56	41.52	0.00	0.00
2347	97.73	2400	2401	0.23	8555	0	0	8	103	0	0	0.00	0.00	2.27	0.00	0.00	2.27	0.00	0.00	0.00	55	57	114.38	41.23	0.00	0.00
1249	52.15	2400	2395	0.20	4552	0	0	161	383	0	0	0.00	1.90	45.86	0.00	0.00	47.85	0.00	0.00	0.00	54	56	92.42	37.32	0.00	0.00
1118	46.45	2400	2407	0.19	7070	0	0	175	853	0	0	0.00	3.69	50.01	0.00	0.00	53.55	0.00	0.00	0.00	55	56	92.37	37.61	0.00	0.00
1009	41.99	2400	2402	0.20	3909	0	0	185	531	0	0	0.00	2.21	55.85	0.00	0.00	58.01	0.00	0.00	0.00	54	56	91.21	37.18	0.00	0.00
1267	52.94	2400	2394	0.32	40193	0	0	166	570	0	0	0.00	1.20	45.74	0.00	0.00	47.06	0.00	0.00	0.00	55	56	98.04	38.07	0.00	0.00
2394	99.80	2400	2399	0.15	8275	0	0	0	17	0	0	0.00	0.00	0.20	0.00	0.00	0.20	0.00	0.00	0.00	55	58	112.98	41.38	0.00	0.00
2400	100.00	2400	2400	0.15	8324	0	0	0	0	0	0	0.00	0.00	0.00	0.00	0.00	0.00	0.00	0.00	0.00	54	57	112.94	41.19	0.00	0.00
2400	100.00	2400	2400	0.15	23290	0	0	13	7	0	0	0.00	0.00	0.00	0.00	0.00	0.00	0.00	0.00	0.00	55	56	112.99	41.22	0.00	0.00
2400	99.99	2400	2400	0.15	8302	0	0	0	2	0	0	0.00	0.00	0.01	0.00	0.00	0.01	0.00	0.00	0.00	54	56	112.56	41.04	0.00	0.00
2399	100.00	2400	2399	0.15	47450	0	0	34	83	0	0	0.00	0.00	0.00	0.00	0.00	0.00	0.00	0.00	0.00	54	57	112.75	41.27	0.00	0.00
2401	100.00	2400	2401	0.15	8333	0	0	0	0	0	0	0.00	0.00	0.00	0.00	0.00	0.00	0.00	0.00	0.00	54	58	112.45	41.09	0.00	0.00
2400	100.00	2400	2400	0.15	10672	0	0	1	2	0	0	0.00	0.00	0.00	0.00	0.00	0.00	0.00	0.00	0.00	54	57	112.45	41.23	0.00	0.00
2401	100.00	2400	2401	0.15	8390	0	0	0	0	0	0	0.00	0.00	0.00	0.00	0.00	0.00	0.00	0.00	0.00	54	57	112.56	41.19	0.00	0.00
1794	74.69	2400	2402	0.27	6255	0	0	101	208	0	0	0.00	2.64	22.70	0.00	0.00	25.31	0.00	0.00	0.00	54	57	104.21	39.25	0.00	0.00
1201	50.00	2400	2402	0.16	4443	0	0	223	380	0	0	0.00	2.52	47.52	0.00	0.00	50.00	0.00	0.00	0.00	53	56	90.96	37.56	0.00	0.00
1869	77.97	2400	2397	0.25	9503	0	0	57	390	0	0	0.00	0.71	21.29	0.00	0.00	22.03	0.00	0.00	0.00	53	56	106.11	39.72	0.00	0.00
2400	100.00	2400	2400	0.15	8293	0	0	0	0	0	0	0.00	0.00	0.00	0.00	0.00	0.00	0.00	0.00	0.00	53	57	112.70	41.35	0.00	0.00
2394	100.00	2400	2394	0.15	2431	0	0	1	0	0	0	0.00	0.00	0.00	0.00	0.00	0.00	0.00	0.00	0.00	54	57	112.16	41.25	0.00	0.00
