Avg_MHz	Busy%	Bzy_MHz	TSC_MHz	IPC	IRQ	SMI	POLL	C1	C1E	C3	C6	POLL%	C1%	C1E%	C3%	C6%	CPU%c1	CPU%c3	CPU%c6	CPU%c7	CoreTmp	PkgTmp	PkgWatt	RAMWatt	PKG_%	RAM_%
1109	46.32	2400	2395	0.27	6713	0	0	1264	3585	0	0	0.00	0.95	52.42	0.00	0.00	53.68	0.00	0.00	0.00	48	52	98.15	38.10	0.00	0.00
1076	44.73	2400	2405	0.29	43828	0	0	1147	3120	0	0	0.00	1.24	53.94	0.00	0.00	55.27	0.00	0.00	0.00	48	53	99.01	38.31	0.00	0.00
997	41.55	2400	2400	0.33	72656	0	0	781	3074	0	0	0.00	1.45	56.84	0.00	0.00	58.45	0.00	0.00	0.00	47	53	96.36	37.63	0.00	0.00
1052	43.77	2400	2402	0.32	91679	0	0	760	2825	0	0	0.00	4.05	52.05	0.00	0.00	56.23	0.00	0.00	0.00	48	52	98.90	38.44	0.00	0.00
1185	49.35	2400	2400	0.26	7619	0	0	340	1499	0	0	0.00	0.13	50.28	0.00	0.00	50.65	0.00	0.00	0.00	49	52	102.95	40.02	0.00	0.00
1189	49.45	2400	2404	0.26	6064	0	0	274	1296	0	0	0.00	0.13	50.26	0.00	0.00	50.55	0.00	0.00	0.00	48	52	103.67	40.32	0.00	0.00
1183	49.39	2400	2396	0.26	6009	0	0	258	1400	0	0	0.00	0.09	50.21	0.00	0.00	50.61	0.00	0.00	0.00	48	53	103.79	40.28	0.00	0.00
1183	49.47	2400	2391	0.26	5944	0	0	249	1238	0	0	0.00	0.14	49.97	0.00	0.00	50.53	0.00	0.00	0.00	49	52	102.67	40.12	0.00	0.00
1122	47.07	2400	2384	0.30	5542	0	0	987	1704	0	0	0.00	0.53	51.86	0.00	0.00	52.93	0.00	0.00	0.00	49	53	99.04	38.52	0.00	0.00
1209	49.49	2400	2443	0.26	6146	0	0	198	1305	0	0	0.00	0.06	51.12	0.00	0.00	50.51	0.00	0.00	0.00	49	53	106.21	41.25	0.00	0.00
1159	48.96	2400	2367	0.26	5921	0	0	334	1343	0	0	0.00	0.33	49.79	0.00	0.00	51.04	0.00	0.00	0.00	48	52	100.77	39.27	0.00	0.00
1199	49.69	2400	2413	0.25	6133	0	0	225	1197	0	0	0.00	2.82	47.56	0.00	0.00	50.31	0.00	0.00	0.00	49	52	105.09	41.08	0.00	0.00
1031	42.61	2400	2421	0.36	13968	0	0	1908	2275	0	0	0.00	1.20	56.55	0.00	0.00	57.39	0.00	0.00	0.00	49	52	95.86	37.22	0.00	0.00
1177	49.25	2400	2390	0.28	36856	0	0	434	1851	0	0	0.00	0.15	50.24	0.00	0.00	50.75	0.00	0.00	0.00	49	53	103.32	40.12	0.00	0.00
1161	48.31	2400	2403	0.31	26023	0	0	322	1731	0	0	0.00	0.35	51.21	0.00	0.00	51.69	0.00	0.00	0.00	49	53	103.66	39.54	0.00	0.00
1160	48.64	2400	2385	0.30	43062	0	0	305	1503	0	0	0.00	0.35	50.53	0.00	0.00	51.36	0.00	0.00	0.00	50	53	102.73	39.55	0.00	0.00
1193	49.27	2400	2421	0.26	27687	0	0	214	1492	0	0	0.00	1.83	49.24	0.00	0.00	50.73	0.00	0.00	0.00	50	54	105.95	41.12	0.00	0.00
1176	49.27	2400	2386	0.24	6281	0	0	411	1439	0	0	0.00	0.31	50.06	0.00	0.00	50.73	0.00	0.00	0.00	50	53	104.12	41.03	0.00	0.00
1189	49.84	2400	2387	0.22	6520	0	0	215	1462	0	0	0.00	0.10	49.72	0.00	0.00	50.16	0.00	0.00	0.00	50	53	104.86	41.76	0.00	0.00
1204	49.79	2400	2419	0.24	9692	0	0	129	1444	0	0	0.00	0.02	50.51	0.00	0.00	50.21	0.00	0.00	0.00	50	53	106.72	41.90	0.00	0.00
1188	49.42	2400	2403	0.27	13516	0	0	244	1625	0	0	0.00	0.11	50.43	0.00	0.00	50.58	0.00	0.00	0.00	50	52	105.24	40.98	0.00	0.00
1178	49.15	2400	2396	0.27	11750	0	0	199	1321	0	0	0.00	0.23	50.40	0.00	0.00	50.85	0.00	0.00	0.00	50	53	103.71	40.23	0.00	0.00
1181	49.18	2400	2401	0.27	10556	0	0	284	1459	0	0	0.00	0.56	50.15	0.00	0.00	50.82	0.00	0.00	0.00	50	54	104.05	40.37	0.00	0.00
1187	49.38	2400	2403	0.27	7496	0	0	219	1433	0	0	0.00	1.21	49.33	0.00	0.00	50.62	0.00	0.00	0.00	50	53	104.36	40.48	0.00	0.00
1171	49.09	2400	2385	0.27	10937	0	0	229	1621	0	0	0.00	0.24	50.20	0.00	0.00	50.91	0.00	0.00	0.00	50	54	103.05	39.97	0.00	0.00
1187	49.48	2400	2399	0.27	8848	0	0	178	1347	0	0	0.00	0.08	50.27	0.00	0.00	50.52	0.00	0.00	0.00	50	54	104.48	40.57	0.00	0.00
1187	49.28	2400	2409	0.27	7327	0	0	225	1492	0	0	0.00	0.16	50.58	0.00	0.00	50.72	0.00	0.00	0.00	50	54	103.98	40.40	0.00	0.00
1180	49.01	2400	2407	0.27	7701	0	0	274	1339	0	0	0.00	0.99	50.01	0.00	0.00	50.99	0.00	0.00	0.00	50	54	104.02	40.47	0.00	0.00
1185	49.39	2400	2400	0.26	6697	0	0	332	1417	0	0	0.00	0.73	49.69	0.00	0.00	50.61	0.00	0.00	0.00	50	54	103.38	40.04	0.00	0.00
1186	49.36	2400	2402	0.26	6194	0	0	377	1649	0	0	0.00	0.17	50.36	0.00	0.00	50.64	0.00	0.00	0.00	51	54	104.25	40.50	0.00	0.00
1116	46.71	2400	2388	0.32	7503	0	0	1580	1998	0	0	0.00	0.97	51.91	0.00	0.00	53.29	0.00	0.00	0.00	51	54	98.37	38.28	0.00	0.00
1145	47.55	2400	2408	0.27	9753	0	0	498	1500	0	0	0.00	0.43	52.07	0.00	0.00	52.45	0.00	0.00	0.00	50	53	103.27	40.22	0.00	0.00
1185	49.10	2400	2412	0.26	7169	0	0	273	1424	0	0	0.00	0.22	50.77	0.00	0.00	50.90	0.00	0.00	0.00	50	54	104.26	40.62	0.00	0.00
1183	49.51	2400	2390	0.26	7594	0	0	237	1456	0	0	0.00	0.96	49.19	0.00	0.00	50.49	0.00	0.00	0.00	51	55	103.74	40.38	0.00	0.00
1187	49.50	2400	2398	0.26	6733	0	0	160	1282	0	0	0.00	0.12	50.21	0.00	0.00	50.50	0.00	0.00	0.00	50	54	104.32	40.57	0.00	0.00
1154	48.54	2400	2378	0.27	7324	0	0	442	1400	0	0	0.00	0.33	50.53	0.00	0.00	51.46	0.00	0.00	0.00	50	54	101.84	39.93	0.00	0.00
1202	49.67	2400	2420	0.24	6924	0	0	92	1195	0	0	0.00	0.04	50.64	0.00	0.00	50.33	0.00	0.00	0.00	51	54	106.67	41.90	0.00	0.00
1183	48.98	2400	2415	0.25	7978	0	0	469	1236	0	0	0.00	0.27	51.00	0.00	0.00	51.02	0.00	0.00	0.00	51	54	105.46	41.46	0.00	0.00
1181	49.62	2400	2380	0.24	7602	0	0	122	1371	0	0	0.00	0.64	49.25	0.00	0.00	50.38	0.00	0.00	0.00	51	55	104.16	41.06	0.00	0.00
1189	49.49	2400	2403	0.24	6763	0	0	129	1159	0	0	0.00	0.05	50.45	0.00	0.00	50.51	0.00	0.00	0.00	51	54	105.82	41.57	0.00	0.00
1188	49.52	2400	2399	0.25	8240	0	0	222	1285	0	0	0.00	0.12	50.26	0.00	0.00	50.48	0.00	0.00	0.00	51	54	104.98	41.15	0.00	0.00
1155	47.97	2400	2407	0.26	7247	0	0	510	1299	0	0	0.00	0.53	51.57	0.00	0.00	52.03	0.00	0.00	0.00	52	54	104.05	41.05	0.00	0.00
1184	49.57	2400	2389	0.25	6873	0	0	212	1459	0	0	0.00	0.23	49.83	0.00	0.00	50.43	0.00	0.00	0.00	52	54	104.20	40.82	0.00	0.00
1188	49.35	2400	2407	0.25	7216	0	0	319	1421	0	0	0.00	0.15	50.51	0.00	0.00	50.65	0.00	0.00	0.00	51	54	104.65	41.16	0.00	0.00
1180	49.22	2400	2398	0.25	6908	0	0	366	1398	0	0	0.00	0.25	50.37	0.00	0.00	50.78	0.00	0.00	0.00	51	55	104.16	41.01	0.00	0.00
1196	49.43	2400	2419	0.25	6395	0	0	522	1706	0	0	0.00	1.93	48.88	0.00	0.00	50.57	0.00	0.00	0.00	51	55	105.79	41.32	0.00	0.00
1177	49.48	2400	2379	0.26	7102	0	0	373	1537	0	0	0.00	0.08	49.83	0.00	0.00	50.52	0.00	0.00	0.00	51	55	102.96	40.45	0.00	0.00
1189	49.53	2400	2400	0.25	7672	0	0	438	1600	0	0	0.00	0.16	50.15	0.00	0.00	50.47	0.00	0.00	0.00	51	54	104.52	40.87	0.00	0.00
1195	49.65	2400	2407	0.25	7951	0	0	344	1424	0	0	0.00	0.15	50.20	0.00	0.00	50.35	0.00	0.00	0.00	51	54	104.86	40.91	0.00	0.00
1180	49.10	2400	2402	0.25	6838	0	0	543	1614	0	0	0.00	0.31	50.51	0.00	0.00	50.90	0.00	0.00	0.00	51	55	104.80	41.34	0.00	0.00
1166	49.18	2400	2371	0.25	6705	0	0	448	1531	0	0	0.00	0.24	49.83	0.00	0.00	50.82	0.00	0.00	0.00	51	55	102.54	40.37	0.00	0.00
1205	49.67	2400	2426	0.24	7262	0	0	141	1502	0	0	0.00	0.06	50.72	0.00	0.00	50.33	0.00	0.00	0.00	51	55	107.14	42.21	0.00	0.00
1184	49.28	2400	2403	0.24	6801	0	0	321	1218	0	0	0.00	1.21	49.52	0.00	0.00	50.72	0.00	0.00	0.00	51	54	105.31	41.74	0.00	0.00
1166	48.96	2400	2381	0.24	8285	0	0	406	1556	0	0	0.00	0.17	50.37	0.00	0.00	51.04	0.00	0.00	0.00	50	55	103.31	40.88	0.00	0.00
1194	49.86	2400	2394	0.23	6409	0	0	275	1567	0	0	0.00	0.01	49.91	0.00	0.00	50.14	0.00	0.00	0.00	51	55	105.01	41.40	0.00	0.00
1208	49.93	2400	2419	0.23	6670	0	0	259	1637	0	0	0.00	0.01	50.37	0.00	0.00	50.07	0.00	0.00	0.00	52	55	106.89	42.45	0.00	0.00
1159	48.26	2400	2401	0.27	5900	0	0	1076	1769	0	0	0.00	0.49	51.19	0.00	0.00	51.74	0.00	0.00	0.00	51	54	103.09	40.54	0.00	0.00
1171	48.91	2400	2396	0.23	6335	0	0	306	1539	0	0	0.00	0.13	50.81	0.00	0.00	51.09	0.00	0.00	0.00	51	55	104.56	41.76	0.00	0.00
1198	49.74	2400	2408	0.23	6603	0	0	250	1512	0	0	0.00	0.16	50.21	0.00	0.00	50.26	0.00	0.00	0.00	52	55	106.69	42.47	0.00	0.00
1168	48.81	2400	2394	0.25	6180	0	0	818	1558	0	0	0.00	0.69	50.31	0.00	0.00	51.19	0.00	0.00	0.00	52	55	104.15	41.40	0.00	0.00
1184	49.59	2400	2387	0.22	13225	0	0	463	1484	0	0	0.00	0.09	49.99	0.00	0.00	50.41	0.00	0.00	0.00	52	55	104.62	41.57	0.00	0.00
1201	49.42	2400	2430	0.23	6903	0	0	408	1440	0	0	0.00	0.18	50.98	0.00	0.00	50.58	0.00	0.00	0.00	52	55	107.42	42.40	0.00	0.00
1160	48.64	2400	2385	0.24	6480	0	0	613	1470	0	0	0.00	0.84	50.13	0.00	0.00	51.36	0.00	0.00	0.00	51	55	103.28	40.92	0.00	0.00
1154	48.18	2400	2395	0.25	7152	0	0	591	1380	0	0	0.00	0.85	50.81	0.00	0.00	51.82	0.00	0.00	0.00	52	55	104.11	41.12	0.00	0.00
1188	49.74	2400	2389	0.22	7152	0	0	238	1589	0	0	0.00	0.06	49.91	0.00	0.00	50.26	0.00	0.00	0.00	51	54	105.14	41.76	0.00	0.00
1188	49.12	2400	2419	0.24	7966	0	0	382	1421	0	0	0.00	0.15	51.07	0.00	0.00	50.88	0.00	0.00	0.00	52	55	106.67	41.88	0.00	0.00
1186	49.72	2400	2386	0.24	6587	0	0	162	1490	0	0	0.00	0.03	49.91	0.00	0.00	50.28	0.00	0.00	0.00	52	54	105.68	41.38	0.00	0.00
1197	49.70	2400	2409	0.24	6615	0	0	158	1598	0	0	0.00	0.02	50.43	0.00	0.00	50.30	0.00	0.00	0.00	51	55	106.94	41.85	0.00	0.00
1191	49.26	2400	2419	0.24	7215	0	0	288	1473	0	0	0.00	0.12	50.97	0.00	0.00	50.74	0.00	0.00	0.00	51	55	106.51	41.65	0.00	0.00
1173	49.30	2400	2379	0.25	6297	0	0	446	1435	0	0	0.00	0.15	50.05	0.00	0.00	50.70	0.00	0.00	0.00	52	55	103.97	40.48	0.00	0.00
1190	49.67	2400	2396	0.24	7433	0	0	175	1345	0	0	0.00	0.07	50.11	0.00	0.00	50.33	0.00	0.00	0.00	52	55	105.60	41.36	0.00	0.00
1201	49.90	2400	2406	0.24	6697	0	0	144	1325	0	0	0.00	0.01	50.16	0.00	0.00	50.10	0.00	0.00	0.00	53	55	106.68	41.47	0.00	0.00
1162	48.54	2400	2394	0.27	6606	0	0	660	1856	0	0	0.00	0.35	50.90	0.00	0.00	51.46	0.00	0.00	0.00	51	55	103.64	40.37	0.00	0.00
1183	49.15	2400	2408	0.25	7280	0	0	349	1275	0	0	0.00	0.25	50.71	0.00	0.00	50.85	0.00	0.00	0.00	52	55	105.62	41.29	0.00	0.00
1197	49.72	2400	2407	0.24	7053	0	0	188	1476	0	0	0.00	2.11	48.28	0.00	0.00	50.28	0.00	0.00	0.00	51	55	106.61	41.91	0.00	0.00
1195	49.73	2400	2402	0.24	6501	0	0	224	1422	0	0	0.00	0.09	50.19	0.00	0.00	50.27	0.00	0.00	0.00	52	55	106.46	41.62	0.00	0.00
1174	49.43	2400	2375	0.25	6804	0	0	315	1466	0	0	0.00	0.19	49.79	0.00	0.00	50.57	0.00	0.00	0.00	52	54	103.89	40.42	0.00	0.00
1204	49.68	2400	2423	0.24	7298	0	0	136	1416	0	0	0.00	0.05	50.71	0.00	0.00	50.32	0.00	0.00	0.00	53	56	107.77	41.84	0.00	0.00
1158	48.31	2400	2397	0.28	6916	0	0	971	1807	0	0	0.00	0.55	51.01	0.00	0.00	51.69	0.00	0.00	0.00	52	55	103.15	39.97	0.00	0.00
1193	49.69	2400	2401	0.24	6728	0	0	145	1450	0	0	0.00	0.02	50.28	0.00	0.00	50.31	0.00	0.00	0.00	52	56	106.12	41.45	0.00	0.00
1142	47.40	2400	2410	0.29	5952	0	0	990	1846	0	0	0.00	0.70	52.05	0.00	0.00	52.60	0.00	0.00	0.00	52	55	102.58	39.72	0.00	0.00
1166	48.59	2400	2400	0.26	7041	0	0	454	1768	0	0	0.00	0.45	50.90	0.00	0.00	51.41	0.00	0.00	0.00	51	55	104.27	40.75	0.00	0.00
1159	48.73	2400	2379	0.26	7191	0	0	481	1744	0	0	0.00	0.51	50.25	0.00	0.00	51.27	0.00	0.00	0.00	52	55	103.47	40.53	0.00	0.00
1171	48.50	2400	2416	0.26	6845	0	0	390	1420	0	0	0.00	0.29	51.49	0.00	0.00	51.50	0.00	0.00	0.00	53	55	105.54	41.15	0.00	0.00
1187	49.64	2400	2393	0.24	6581	0	0	147	1451	0	0	0.00	0.11	50.05	0.00	0.00	50.36	0.00	0.00	0.00	52	55	105.49	41.10	0.00	0.00
1181	49.34	2400	2394	0.25	7306	0	0	224	1614	0	0	0.00	0.13	50.36	0.00	0.00	50.66	0.00	0.00	0.00	52	55	105.03	41.04	0.00	0.00
1188	49.62	2400	2394	0.25	7284	0	0	244	1637	0	0	0.00	0.12	50.07	0.00	0.00	50.38	0.00	0.00	0.00	52	56	105.63	41.16	0.00	0.00
1202	49.75	2400	2415	0.25	7114	0	0	181	1406	0	0	0.00	0.02	50.48	0.00	0.00	50.25	0.00	0.00	0.00	52	55	107.17	41.82	0.00	0.00
1179	49.66	2400	2373	0.25	6809	0	0	224	1478	0	0	0.00	0.55	49.12	0.00	0.00	50.34	0.00	0.00	0.00	53	55	103.72	40.11	0.00	0.00
1197	49.30	2400	2428	0.26	6951	0	0	402	1375	0	0	0.00	0.15	50.99	0.00	0.00	50.70	0.00	0.00	0.00	51	55	106.12	41.12	0.00	0.00
1174	49.21	2400	2385	0.26	6272	0	0	331	1366	0	0	0.00	0.25	50.06	0.00	0.00	50.79	0.00	0.00	0.00	52	55	103.50	40.22	0.00	0.00
1181	49.24	2400	2398	0.26	6537	0	0	350	1332	0	0	0.00	0.68	49.88	0.00	0.00	50.76	0.00	0.00	0.00	51	55	104.55	40.53	0.00	0.00
1198	49.72	2400	2409	0.25	6797	0	0	231	1354	0	0	0.00	0.71	49.61	0.00	0.00	50.28	0.00	0.00	0.00	52	56	105.77	41.43	0.00	0.00
1192	49.43	2400	2411	0.25	7470	0	0	235	1258	0	0	0.00	0.19	50.51	0.00	0.00	50.57	0.00	0.00	0.00	52	56	106.42	41.63	0.00	0.00
1183	49.65	2400	2382	0.25	6377	0	0	215	1307	0	0	0.00	0.17	49.71	0.00	0.00	50.35	0.00	0.00	0.00	53	55	104.29	40.68	0.00	0.00
1197	49.72	2400	2408	0.25	6218	0	0	340	1514	0	0	0.00	0.08	50.24	0.00	0.00	50.28	0.00	0.00	0.00	53	56	105.75	41.52	0.00	0.00
1144	47.81	2400	2392	0.27	5950	0	0	709	1489	0	0	0.00	0.38	51.50	0.00	0.00	52.19	0.00	0.00	0.00	53	56	102.31	39.87	0.00	0.00
1161	48.26	2400	2405	0.27	5893	0	0	1013	1704	0	0	0.00	0.69	51.00	0.00	0.00	51.74	0.00	0.00	0.00	52	55	103.26	40.08	0.00	0.00
1187	49.42	2400	2403	0.24	6292	0	0	280	1372	0	0	0.00	0.24	50.30	0.00	0.00	50.58	0.00	0.00	0.00	53	57	105.51	41.48	0.00	0.00
1130	47.37	2400	2386	0.28	7206	0	0	1102	1674	0	0	0.00	1.00	51.21	0.00	0.00	52.63	0.00	0.00	0.00	51	56	100.89	39.26	0.00	0.00
1197	49.82	2400	2403	0.25	8131	0	0	208	1357	0	0	0.00	0.06	50.07	0.00	0.00	50.18	0.00	0.00	0.00	52	55	105.85	41.02	0.00	0.00
1188	49.45	2400	2403	0.26	6512	0	0	329	1462	0	0	0.00	0.18	50.35	0.00	0.00	50.55	0.00	0.00	0.00	53	56	105.60	41.10	0.00	0.00
1195	48.66	2400	2455	0.27	1139	0	0	126	427	0	0	0.00	0.69	51.67	0.00	0.00	51.34	0.00	0.00	0.00	52	55	106.66	41.36	0.00	0.00
