Avg_MHz	Busy%	Bzy_MHz	TSC_MHz	IPC	IRQ	SMI	POLL	C1	C1E	C3	C6	POLL%	C1%	C1E%	C3%	C6%	CPU%c1	CPU%c3	CPU%c6	CPU%c7	CoreTmp	PkgTmp	PkgWatt	RAMWatt	PKG_%	RAM_%
1195	49.82	2400	2399	0.39	4367	0	0	128	584	0	0	0.00	0.07	50.10	0.00	0.00	50.18	0.00	0.00	0.00	48	53	97.28	38.10	0.00	0.00
1200	50.01	2400	2400	0.39	4648	0	0	14	747	0	0	0.00	0.08	49.91	0.00	0.00	49.99	0.00	0.00	0.00	49	52	97.57	38.49	0.00	0.00
1200	49.98	2400	2400	0.39	4495	0	0	6	686	0	0	0.00	0.06	49.97	0.00	0.00	50.02	0.00	0.00	0.00	48	53	97.66	38.42	0.00	0.00
1200	49.99	2400	2400	0.39	4492	0	0	10	645	0	0	0.00	1.85	48.16	0.00	0.00	50.01	0.00	0.00	0.00	48	52	97.61	38.50	0.00	0.00
1201	50.04	2400	2400	0.39	4639	0	0	2	673	0	0	0.00	0.01	49.96	0.00	0.00	49.96	0.00	0.00	0.00	48	54	97.66	38.51	0.00	0.00
1202	50.07	2400	2400	0.39	4598	0	0	4	696	0	0	0.00	0.05	49.89	0.00	0.00	49.93	0.00	0.00	0.00	48	53	97.74	38.55	0.00	0.00
1201	50.04	2400	2400	0.39	4647	0	0	7	673	0	0	0.00	0.01	49.95	0.00	0.00	49.96	0.00	0.00	0.00	49	52	97.77	38.59	0.00	0.00
1187	49.47	2400	2400	0.39	4451	0	0	16	655	0	0	0.00	0.11	50.42	0.00	0.00	50.53	0.00	0.00	0.00	48	53	97.44	38.35	0.00	0.00
1184	49.32	2400	2400	0.39	4760	0	0	17	775	0	0	0.00	0.10	50.59	0.00	0.00	50.68	0.00	0.00	0.00	49	52	97.29	38.34	0.00	0.00
1201	50.06	2400	2400	0.39	4572	0	0	1	649	0	0	0.00	0.00	49.94	0.00	0.00	49.94	0.00	0.00	0.00	49	53	97.68	38.27	0.00	0.00
1200	50.00	2400	2400	0.39	4987	0	0	3	590	0	0	0.00	0.01	50.00	0.00	0.00	50.00	0.00	0.00	0.00	48	53	97.56	38.37	0.00	0.00
1201	50.05	2400	2400	0.39	8176	0	0	1	722	0	0	0.00	0.00	49.96	0.00	0.00	49.95	0.00	0.00	0.00	49	52	97.69	38.46	0.00	0.00
1200	50.01	2400	2400	0.39	4598	0	0	6	704	0	0	0.00	0.00	49.99	0.00	0.00	49.99	0.00	0.00	0.00	49	53	97.81	38.29	0.00	0.00
1204	50.16	2400	2400	0.39	4911	0	0	60	844	0	0	0.00	14.99	34.86	0.00	0.00	49.84	0.00	0.00	0.00	49	52	97.76	38.39	0.00	0.00
1199	49.98	2400	2400	0.40	5280	0	0	23	777	0	0	0.00	0.03	50.00	0.00	0.00	50.02	0.00	0.00	0.00	49	53	98.00	38.40	0.00	0.00
1201	50.06	2400	2400	0.40	5645	0	0	79	954	0	0	0.00	8.52	41.43	0.00	0.00	49.94	0.00	0.00	0.00	49	52	98.09	38.64	0.00	0.00
1201	50.03	2400	2400	0.40	4468	0	0	13	715	0	0	0.00	0.01	49.97	0.00	0.00	49.97	0.00	0.00	0.00	50	52	98.24	38.59	0.00	0.00
1201	50.06	2400	2400	0.40	4580	0	0	4	685	0	0	0.00	0.07	49.86	0.00	0.00	49.94	0.00	0.00	0.00	49	53	98.45	38.79	0.00	0.00
1200	50.00	2400	2400	0.40	6638	0	0	35	716	0	0	0.00	1.47	48.53	0.00	0.00	50.00	0.00	0.00	0.00	49	54	98.47	38.92	0.00	0.00
1200	49.99	2400	2400	0.40	6843	0	0	6	702	0	0	0.00	0.02	50.00	0.00	0.00	50.01	0.00	0.00	0.00	51	53	98.58	38.92	0.00	0.00
1200	50.00	2400	2400	0.40	5340	0	0	19	757	0	0	0.00	0.09	49.92	0.00	0.00	50.00	0.00	0.00	0.00	50	54	98.74	38.66	0.00	0.00
1202	50.07	2400	2400	0.40	4647	0	0	1	777	0	0	0.00	0.00	49.94	0.00	0.00	49.93	0.00	0.00	0.00	50	54	98.89	39.22	0.00	0.00
1200	50.01	2400	2400	0.41	6980	0	0	14	625	0	0	0.00	0.02	49.97	0.00	0.00	49.99	0.00	0.00	0.00	50	54	99.00	39.00	0.00	0.00
1201	50.04	2400	2400	0.41	6289	0	0	4	753	0	0	0.00	0.01	49.95	0.00	0.00	49.96	0.00	0.00	0.00	50	54	99.06	38.99	0.00	0.00
1201	50.04	2400	2400	0.41	5269	0	0	9	667	0	0	0.00	0.55	49.42	0.00	0.00	49.96	0.00	0.00	0.00	50	53	99.20	39.19	0.00	0.00
1201	50.06	2400	2400	0.40	4528	0	0	0	647	0	0	0.00	0.00	49.94	0.00	0.00	49.94	0.00	0.00	0.00	50	53	99.24	39.34	0.00	0.00
1201	50.04	2400	2400	0.41	5852	0	0	14	796	0	0	0.00	0.05	49.92	0.00	0.00	49.96	0.00	0.00	0.00	50	53	99.52	39.43	0.00	0.00
1201	50.04	2400	2400	0.41	4947	0	0	7	717	0	0	0.00	0.25	49.72	0.00	0.00	49.96	0.00	0.00	0.00	50	53	99.50	39.43	0.00	0.00
1201	50.03	2400	2400	0.41	5612	0	0	8	679	0	0	0.00	0.07	49.91	0.00	0.00	49.97	0.00	0.00	0.00	50	53	99.53	39.41	0.00	0.00
1201	50.06	2400	2400	0.41	4553	0	0	8	656	0	0	0.00	0.08	49.86	0.00	0.00	49.94	0.00	0.00	0.00	50	54	99.60	39.66	0.00	0.00
1201	50.03	2400	2400	0.41	8705	0	0	8	624	0	0	0.00	0.05	49.92	0.00	0.00	49.97	0.00	0.00	0.00	50	54	99.79	39.82	0.00	0.00
1202	50.07	2400	2400	0.41	4714	0	0	6	724	0	0	0.00	0.04	49.90	0.00	0.00	49.93	0.00	0.00	0.00	50	54	99.67	39.71	0.00	0.00
1201	50.04	2400	2400	0.41	5770	0	0	2	641	0	0	0.00	0.00	49.96	0.00	0.00	49.96	0.00	0.00	0.00	50	55	100.00	39.98	0.00	0.00
1202	50.07	2400	2400	0.41	4649	0	0	3	757	0	0	0.00	0.04	49.90	0.00	0.00	49.93	0.00	0.00	0.00	49	54	100.12	39.96	0.00	0.00
1201	50.03	2400	2400	0.41	7736	0	0	3	717	0	0	0.00	0.01	49.96	0.00	0.00	49.97	0.00	0.00	0.00	50	54	100.03	39.91	0.00	0.00
1201	50.04	2400	2400	0.41	6395	0	0	8	719	0	0	0.00	1.50	48.47	0.00	0.00	49.96	0.00	0.00	0.00	50	55	100.21	39.93	0.00	0.00
1201	50.05	2400	2400	0.41	4704	0	0	9	659	0	0	0.00	0.52	49.44	0.00	0.00	49.95	0.00	0.00	0.00	51	55	100.30	40.23	0.00	0.00
1202	50.06	2400	2400	0.40	4629	0	0	4	727	0	0	0.00	0.05	49.89	0.00	0.00	49.94	0.00	0.00	0.00	50	54	100.51	40.36	0.00	0.00
1201	50.06	2400	2400	0.41	4578	0	0	5	611	0	0	0.00	2.12	47.83	0.00	0.00	49.94	0.00	0.00	0.00	50	54	100.48	40.33	0.00	0.00
1201	50.04	2400	2400	0.41	5112	0	0	3	658	0	0	0.00	0.00	49.96	0.00	0.00	49.96	0.00	0.00	0.00	50	54	100.63	40.39	0.00	0.00
1201	50.05	2400	2400	0.41	6656	0	0	2	717	0	0	0.00	0.00	49.95	0.00	0.00	49.95	0.00	0.00	0.00	50	54	100.67	40.44	0.00	0.00
1202	50.07	2400	2400	0.40	4661	0	0	4	762	0	0	0.00	0.14	49.81	0.00	0.00	49.93	0.00	0.00	0.00	50	53	100.86	40.63	0.00	0.00
1201	50.05	2400	2400	0.40	4638	0	0	6	612	0	0	0.00	0.52	49.42	0.00	0.00	49.95	0.00	0.00	0.00	50	54	100.95	40.79	0.00	0.00
1201	50.05	2400	2400	0.40	5390	0	0	1	620	0	0	0.00	0.00	49.95	0.00	0.00	49.95	0.00	0.00	0.00	50	54	101.09	40.77	0.00	0.00
1202	50.07	2400	2400	0.40	4997	0	0	0	691	0	0	0.00	0.00	49.93	0.00	0.00	49.93	0.00	0.00	0.00	50	54	101.23	40.58	0.00	0.00
1199	49.95	2400	2400	0.40	6619	0	0	10	738	0	0	0.00	3.45	46.60	0.00	0.00	50.05	0.00	0.00	0.00	50	55	101.17	41.02	0.00	0.00
1201	50.06	2400	2400	0.40	19001	0	0	17	764	0	0	0.00	0.00	49.94	0.00	0.00	49.94	0.00	0.00	0.00	52	54	101.27	40.92	0.00	0.00
1197	49.89	2400	2400	0.40	4501	0	0	1	671	0	0	0.00	0.01	50.11	0.00	0.00	50.11	0.00	0.00	0.00	50	54	101.28	40.82	0.00	0.00
1198	49.91	2400	2400	0.40	4378	0	0	1	613	0	0	0.00	0.01	50.08	0.00	0.00	50.09	0.00	0.00	0.00	51	54	101.22	41.05	0.00	0.00
1201	50.06	2400	2400	0.40	4519	0	0	9	627	0	0	0.00	0.10	49.84	0.00	0.00	49.94	0.00	0.00	0.00	51	54	101.39	41.15	0.00	0.00
1199	49.95	2400	2400	0.40	4552	0	0	3	756	0	0	0.00	1.93	48.12	0.00	0.00	50.05	0.00	0.00	0.00	51	54	101.19	41.13	0.00	0.00
1199	49.97	2400	2400	0.40	4570	0	0	8	766	0	0	0.00	0.59	49.44	0.00	0.00	50.03	0.00	0.00	0.00	50	54	101.32	40.72	0.00	0.00
1200	50.01	2400	2400	0.40	4478	0	0	1	659	0	0	0.00	0.00	50.00	0.00	0.00	49.99	0.00	0.00	0.00	51	55	101.31	40.82	0.00	0.00
1201	50.06	2400	2400	0.40	4505	0	0	4	660	0	0	0.00	0.07	49.87	0.00	0.00	49.94	0.00	0.00	0.00	51	54	101.34	40.81	0.00	0.00
1200	50.02	2400	2400	0.40	4503	0	0	9	693	0	0	0.00	1.03	48.96	0.00	0.00	49.98	0.00	0.00	0.00	51	55	101.36	40.97	0.00	0.00
1201	50.06	2400	2400	0.40	4545	0	0	0	658	0	0	0.00	0.00	49.94	0.00	0.00	49.94	0.00	0.00	0.00	52	55	101.36	41.21	0.00	0.00
1202	50.06	2400	2400	0.40	4656	0	0	4	671	0	0	0.00	0.05	49.90	0.00	0.00	49.94	0.00	0.00	0.00	50	54	101.38	40.89	0.00	0.00
1201	50.06	2400	2400	0.40	4490	0	0	0	634	0	0	0.00	0.00	49.94	0.00	0.00	49.94	0.00	0.00	0.00	51	55	101.40	41.32	0.00	0.00
1202	50.06	2400	2400	0.40	4709	0	0	0	707	0	0	0.00	0.00	49.94	0.00	0.00	49.94	0.00	0.00	0.00	51	55	101.42	40.91	0.00	0.00
1194	49.74	2400	2400	0.40	4750	0	0	14	755	0	0	0.00	0.15	50.12	0.00	0.00	50.26	0.00	0.00	0.00	50	55	101.13	41.01	0.00	0.00
1195	49.78	2400	2400	0.40	10157	0	0	11	716	0	0	0.00	0.08	50.14	0.00	0.00	50.22	0.00	0.00	0.00	51	56	101.12	40.95	0.00	0.00
1202	50.07	2400	2400	0.40	4603	0	0	9	736	0	0	0.00	0.09	49.86	0.00	0.00	49.93	0.00	0.00	0.00	51	55	101.50	41.11	0.00	0.00
1197	49.88	2400	2400	0.40	4846	0	0	5	655	0	0	0.00	1.03	49.09	0.00	0.00	50.12	0.00	0.00	0.00	51	55	101.29	41.18	0.00	0.00
1201	50.03	2400	2400	0.40	4727	0	0	1	766	0	0	0.00	0.00	49.97	0.00	0.00	49.97	0.00	0.00	0.00	51	56	101.57	41.06	0.00	0.00
1199	49.97	2400	2400	0.40	5654	0	0	2	628	0	0	0.00	0.01	50.03	0.00	0.00	50.03	0.00	0.00	0.00	51	55	101.49	41.23	0.00	0.00
1202	50.07	2400	2400	0.40	4640	0	0	9	746	0	0	0.00	0.09	49.85	0.00	0.00	49.93	0.00	0.00	0.00	51	54	101.63	41.50	0.00	0.00
1199	49.95	2400	2400	0.40	4833	0	0	1	738	0	0	0.00	0.01	50.04	0.00	0.00	50.05	0.00	0.00	0.00	51	54	101.56	41.29	0.00	0.00
1199	49.98	2400	2400	0.40	4853	0	0	10	661	0	0	0.00	0.09	49.93	0.00	0.00	50.02	0.00	0.00	0.00	51	55	101.64	41.39	0.00	0.00
1199	49.96	2400	2400	0.40	4703	0	0	1	691	0	0	0.00	0.01	50.04	0.00	0.00	50.04	0.00	0.00	0.00	51	56	101.79	41.28	0.00	0.00
1201	50.06	2400	2400	0.40	4554	0	0	0	672	0	0	0.00	0.00	49.94	0.00	0.00	49.94	0.00	0.00	0.00	52	54	101.81	41.18	0.00	0.00
1203	50.11	2400	2400	0.40	5063	0	0	21	1011	0	0	0.00	0.23	49.67	0.00	0.00	49.89	0.00	0.00	0.00	51	54	101.82	41.67	0.00	0.00
1199	49.96	2400	2400	0.40	5232	0	0	5	626	0	0	0.00	0.04	50.00	0.00	0.00	50.04	0.00	0.00	0.00	52	54	101.86	41.27	0.00	0.00
1202	50.07	2400	2400	0.39	4567	0	0	16	752	0	0	0.00	0.14	49.79	0.00	0.00	49.93	0.00	0.00	0.00	52	55	102.05	41.45	0.00	0.00
1202	50.07	2400	2400	0.40	5072	0	0	6	926	0	0	0.00	0.06	49.87	0.00	0.00	49.93	0.00	0.00	0.00	51	56	101.94	41.64	0.00	0.00
1202	50.07	2400	2400	0.40	4785	0	0	50	827	0	0	0.00	1.87	48.07	0.00	0.00	49.93	0.00	0.00	0.00	51	56	101.96	41.76	0.00	0.00
1200	50.00	2400	2400	0.40	5257	0	0	15	734	0	0	0.00	0.14	49.86	0.00	0.00	50.00	0.00	0.00	0.00	52	54	102.12	41.44	0.00	0.00
1187	49.45	2400	2400	0.39	4423	0	0	24	843	0	0	0.00	0.07	50.48	0.00	0.00	50.55	0.00	0.00	0.00	51	54	101.29	41.36	0.00	0.00
1199	49.98	2400	2400	0.40	4618	0	0	11	670	0	0	0.00	0.13	49.90	0.00	0.00	50.02	0.00	0.00	0.00	52	56	101.87	41.37	0.00	0.00
1199	49.96	2400	2400	0.40	4623	0	0	5	685	0	0	0.00	2.91	47.13	0.00	0.00	50.04	0.00	0.00	0.00	52	55	101.91	41.22	0.00	0.00
1200	49.98	2400	2400	0.40	4705	0	0	8	663	0	0	0.00	2.93	47.09	0.00	0.00	50.02	0.00	0.00	0.00	51	55	101.99	41.35	0.00	0.00
1201	50.06	2400	2400	0.39	4490	0	0	5	671	0	0	0.00	0.39	49.56	0.00	0.00	49.94	0.00	0.00	0.00	52	55	102.03	41.54	0.00	0.00
1199	49.96	2400	2400	0.40	4693	0	0	10	757	0	0	0.00	0.85	49.19	0.00	0.00	50.04	0.00	0.00	0.00	51	55	101.92	41.23	0.00	0.00
1200	49.99	2400	2400	0.40	4579	0	0	5	730	0	0	0.00	0.33	49.69	0.00	0.00	50.01	0.00	0.00	0.00	51	55	101.94	41.01	0.00	0.00
1199	49.96	2400	2400	0.40	4625	0	0	1	679	0	0	0.00	0.01	50.04	0.00	0.00	50.04	0.00	0.00	0.00	51	54	101.87	41.20	0.00	0.00
1200	50.00	2400	2400	0.40	4826	0	0	1	790	0	0	0.00	0.01	50.00	0.00	0.00	50.00	0.00	0.00	0.00	52	55	101.83	41.40	0.00	0.00
1201	50.06	2400	2400	0.40	4607	0	0	4	698	0	0	0.00	0.05	49.89	0.00	0.00	49.94	0.00	0.00	0.00	51	55	101.85	41.20	0.00	0.00
1199	49.97	2400	2400	0.40	4907	0	0	5	718	0	0	0.00	0.05	49.98	0.00	0.00	50.03	0.00	0.00	0.00	52	55	101.75	41.01	0.00	0.00
1200	49.98	2400	2400	0.40	4571	0	0	1	699	0	0	0.00	0.01	50.02	0.00	0.00	50.02	0.00	0.00	0.00	52	54	101.76	40.87	0.00	0.00
1200	49.99	2400	2400	0.40	4916	0	0	1	707	0	0	0.00	0.00	50.01	0.00	0.00	50.01	0.00	0.00	0.00	52	54	101.62	40.82	0.00	0.00
1201	50.06	2400	2400	0.40	4579	0	0	0	700	0	0	0.00	0.00	49.94	0.00	0.00	49.94	0.00	0.00	0.00	51	56	101.59	40.98	0.00	0.00
1200	50.00	2400	2400	0.40	4960	0	0	5	733	0	0	0.00	1.52	48.49	0.00	0.00	50.00	0.00	0.00	0.00	51	55	101.52	40.77	0.00	0.00
1200	49.99	2400	2400	0.40	4574	0	0	9	631	0	0	0.00	0.92	49.10	0.00	0.00	50.01	0.00	0.00	0.00	51	55	101.57	40.73	0.00	0.00
1169	50.01	2400	2338	0.40	4939	0	0	1	772	0	0	0.00	0.00	48.71	0.00	0.00	49.99	0.00	0.00	0.00	51	55	97.58	39.14	0.00	0.00
1202	50.07	2400	2400	0.40	4751	0	0	4	709	0	0	0.00	0.05	49.89	0.00	0.00	49.93	0.00	0.00	0.00	52	55	101.36	40.71	0.00	0.00
1200	50.01	2400	2400	0.40	4797	0	0	1	687	0	0	0.00	0.00	49.99	0.00	0.00	49.99	0.00	0.00	0.00	51	55	101.31	40.67	0.00	0.00
1200	50.01	2400	2400	0.40	4870	0	0	1	718	0	0	0.00	0.00	50.00	0.00	0.00	49.99	0.00	0.00	0.00	51	56	101.21	40.44	0.00	0.00
1217	50.06	2400	2432	0.40	7116	0	0	8	756	0	0	0.00	0.00	50.60	0.00	0.00	49.94	0.00	0.00	0.00	51	55	102.88	41.49	0.00	0.00
1182	49.90	2400	2369	0.40	7857	0	0	48	661	0	0	0.00	0.06	49.39	0.00	0.00	50.10	0.00	0.00	0.00	52	55	99.35	39.98	0.00	0.00
1201	50.06	2400	2400	0.40	4712	0	0	0	672	0	0	0.00	0.00	49.94	0.00	0.00	49.94	0.00	0.00	0.00	51	55	101.19	40.55	0.00	0.00
1201	50.06	2400	2400	0.40	5013	0	0	4	638	0	0	0.00	0.04	49.91	0.00	0.00	49.94	0.00	0.00	0.00	51	55	101.21	40.76	0.00	0.00
1202	50.06	2400	2400	0.40	4798	0	0	4	695	0	0	0.00	0.05	49.90	0.00	0.00	49.94	0.00	0.00	0.00	52	55	101.22	40.61	0.00	0.00
1207	50.28	2400	2400	0.40	890	0	0	1	349	0	0	0.00	0.63	49.10	0.00	0.00	49.72	0.00	0.00	0.00	51	55	101.43	40.97	0.00	0.00
