Avg_MHz	Busy%	Bzy_MHz	TSC_MHz	IPC	IRQ	SMI	POLL	C1	C1E	C3	C6	POLL%	C1%	C1E%	C3%	C6%	CPU%c1	CPU%c3	CPU%c6	CPU%c7	CoreTmp	PkgTmp	PkgWatt	RAMWatt	PKG_%	RAM_%
2400	99.96	2400	2401	0.74	8548	0	0	0	0	0	0	0.00	0.00	0.00	0.00	0.00	0.04	0.00	0.00	0.00	53	53	124.21	38.14	0.00	0.00
2399	99.95	2400	2400	0.74	26619	0	0	0	119	0	0	0.00	0.00	0.00	0.00	0.00	0.05	0.00	0.00	0.00	52	53	124.87	38.28	0.00	0.00
2400	99.95	2400	2401	0.74	8226	0	0	0	0	0	0	0.00	0.00	0.00	0.00	0.00	0.05	0.00	0.00	0.00	53	55	124.90	38.39	0.00	0.00
2398	99.95	2400	2399	0.73	45368	0	0	0	95	0	0	0.00	0.00	0.00	0.00	0.00	0.05	0.00	0.00	0.00	53	55	125.19	38.44	0.00	0.00
2399	99.95	2400	2400	0.73	21747	0	0	0	0	0	0	0.00	0.00	0.00	0.00	0.00	0.05	0.00	0.00	0.00	53	54	125.67	38.75	0.00	0.00
2400	99.95	2400	2402	0.72	9378	0	0	0	0	0	0	0.00	0.00	0.00	0.00	0.00	0.05	0.00	0.00	0.00	53	54	126.04	39.17	0.00	0.00
2397	99.94	2400	2399	0.70	8227	0	0	0	0	0	0	0.00	0.00	0.00	0.00	0.00	0.06	0.00	0.00	0.00	53	55	126.42	39.52	0.00	0.00
2399	99.94	2400	2401	0.70	23357	0	0	3	72	0	0	0.00	0.00	0.00	0.00	0.00	0.06	0.00	0.00	0.00	53	54	126.91	39.58	0.00	0.00
2398	99.94	2400	2399	0.70	12179	0	0	0	0	0	0	0.00	0.00	0.00	0.00	0.00	0.06	0.00	0.00	0.00	54	54	127.30	40.03	0.00	0.00
2400	99.94	2400	2401	0.70	13518	0	0	0	47	0	0	0.00	0.00	0.00	0.00	0.00	0.06	0.00	0.00	0.00	53	55	127.40	39.75	0.00	0.00
2397	99.94	2400	2399	0.69	8219	0	0	0	0	0	0	0.00	0.00	0.00	0.00	0.00	0.06	0.00	0.00	0.00	54	55	127.13	39.97	0.00	0.00
2399	99.94	2400	2401	0.71	111920	0	0	3	108	0	0	0.00	0.00	0.00	0.00	0.00	0.06	0.00	0.00	0.00	54	55	126.83	39.62	0.00	0.00
2399	99.94	2400	2400	0.71	8275	0	0	0	1	0	0	0.00	0.00	0.00	0.00	0.00	0.06	0.00	0.00	0.00	53	55	125.77	39.38	0.00	0.00
2398	99.92	2400	2400	0.71	33782	0	0	26	106	0	0	0.00	0.00	0.02	0.00	0.00	0.08	0.00	0.00	0.00	54	55	126.27	39.12	0.00	0.00
2397	99.95	2400	2398	0.71	8552	0	0	6	18	0	0	0.00	0.00	0.00	0.00	0.00	0.05	0.00	0.00	0.00	53	55	126.09	39.41	0.00	0.00
2399	99.95	2400	2400	0.70	8244	0	0	0	1	0	0	0.00	0.00	0.00	0.00	0.00	0.05	0.00	0.00	0.00	55	55	126.51	39.80	0.00	0.00
2401	99.95	2400	2402	0.70	8252	0	0	0	0	0	0	0.00	0.00	0.00	0.00	0.00	0.05	0.00	0.00	0.00	54	56	126.64	39.55	0.00	0.00
2395	99.87	2400	2398	0.71	20210	0	0	8	68	0	0	0.00	0.00	0.08	0.00	0.00	0.13	0.00	0.00	0.00	55	56	126.35	39.75	0.00	0.00
2400	99.95	2400	2401	0.73	17988	0	0	12	38	0	0	0.00	0.00	0.00	0.00	0.00	0.05	0.00	0.00	0.00	55	56	126.24	39.33	0.00	0.00
2399	99.95	2400	2401	0.74	44902	0	0	10	101	0	0	0.00	0.00	0.00	0.00	0.00	0.05	0.00	0.00	0.00	55	55	125.67	38.96	0.00	0.00
2399	99.94	2400	2400	0.74	11286	0	0	28	134	0	0	0.00	0.00	0.01	0.00	0.00	0.06	0.00	0.00	0.00	56	55	125.34	38.79	0.00	0.00
2398	99.95	2400	2400	0.75	12602	0	0	20	117	0	0	0.00	0.00	0.00	0.00	0.00	0.05	0.00	0.00	0.00	55	56	125.49	38.53	0.00	0.00
2365	98.50	2400	2401	0.75	15129	0	0	23	246	0	0	0.00	0.00	1.45	0.00	0.00	1.50	0.00	0.00	0.00	55	56	125.20	38.40	0.00	0.00
2399	99.94	2400	2400	0.76	46760	0	0	2	88	0	0	0.00	0.00	0.01	0.00	0.00	0.06	0.00	0.00	0.00	55	56	125.31	38.39	0.00	0.00
2399	99.95	2400	2400	0.76	11528	0	0	8	125	0	0	0.00	0.00	0.00	0.00	0.00	0.05	0.00	0.00	0.00	55	55	125.11	38.34	0.00	0.00
2398	99.95	2400	2399	0.75	10663	0	0	19	115	0	0	0.00	0.00	0.00	0.00	0.00	0.05	0.00	0.00	0.00	55	55	124.70	38.18	0.00	0.00
2399	99.95	2400	2400	0.75	11058	0	0	23	146	0	0	0.00	0.00	0.00	0.00	0.00	0.05	0.00	0.00	0.00	55	56	124.91	38.47	0.00	0.00
2399	99.95	2400	2400	0.76	9919	0	0	4	33	0	0	0.00	0.00	0.00	0.00	0.00	0.05	0.00	0.00	0.00	55	56	124.97	38.41	0.00	0.00
2399	99.96	2400	2400	0.75	10651	0	0	10	79	0	0	0.00	0.00	0.00	0.00	0.00	0.04	0.00	0.00	0.00	55	56	124.84	38.48	0.00	0.00
2398	99.95	2400	2400	0.75	10707	0	0	29	122	0	0	0.00	0.00	0.00	0.00	0.00	0.05	0.00	0.00	0.00	55	56	125.06	38.62	0.00	0.00
2399	99.95	2400	2400	0.75	10765	0	0	16	110	0	0	0.00	0.00	0.00	0.00	0.00	0.05	0.00	0.00	0.00	55	55	125.10	38.63	0.00	0.00
2400	99.95	2400	2401	0.75	11780	0	0	18	90	0	0	0.00	0.00	0.00	0.00	0.00	0.05	0.00	0.00	0.00	55	56	125.30	38.49	0.00	0.00
2399	99.96	2400	2400	0.76	8780	0	0	0	2	0	0	0.00	0.00	0.00	0.00	0.00	0.04	0.00	0.00	0.00	56	56	125.16	38.40	0.00	0.00
2399	99.94	2400	2401	0.76	8248	0	0	1	0	0	0	0.00	0.01	0.00	0.00	0.00	0.06	0.00	0.00	0.00	56	57	125.30	38.47	0.00	0.00
2399	99.96	2400	2400	0.75	8208	0	0	0	0	0	0	0.00	0.00	0.00	0.00	0.00	0.04	0.00	0.00	0.00	56	57	125.19	38.29	0.00	0.00
2399	99.95	2400	2400	0.76	12684	0	0	0	0	0	0	0.00	0.00	0.00	0.00	0.00	0.05	0.00	0.00	0.00	55	57	125.16	38.16	0.00	0.00
2397	99.95	2400	2399	0.76	8247	0	0	0	0	0	0	0.00	0.00	0.00	0.00	0.00	0.05	0.00	0.00	0.00	56	57	128.48	39.91	0.00	0.00
2400	99.94	2400	2402	0.77	8255	0	0	0	0	0	0	0.00	0.00	0.00	0.00	0.00	0.06	0.00	0.00	0.00	55	57	129.17	39.83	0.00	0.00
2397	99.95	2400	2399	0.76	8211	0	0	0	0	0	0	0.00	0.00	0.00	0.00	0.00	0.05	0.00	0.00	0.00	56	57	128.55	39.72	0.00	0.00
2400	99.95	2400	2402	0.76	8271	0	0	0	0	0	0	0.00	0.00	0.00	0.00	0.00	0.05	0.00	0.00	0.00	56	57	128.70	39.79	0.00	0.00
2398	99.95	2400	2399	0.76	8210	0	0	0	0	0	0	0.00	0.00	0.00	0.00	0.00	0.05	0.00	0.00	0.00	56	56	128.48	39.89	0.00	0.00
2399	99.95	2400	2401	0.76	8270	0	0	0	0	0	0	0.00	0.00	0.00	0.00	0.00	0.05	0.00	0.00	0.00	56	56	128.64	39.84	0.00	0.00
2399	99.95	2400	2400	0.76	8213	0	0	0	0	0	0	0.00	0.00	0.00	0.00	0.00	0.05	0.00	0.00	0.00	56	58	128.79	40.05	0.00	0.00
2397	99.93	2400	2399	0.76	8208	0	0	0	1	0	0	0.00	0.00	0.01	0.00	0.00	0.07	0.00	0.00	0.00	56	57	128.58	39.86	0.00	0.00
2400	99.95	2400	2401	0.77	8247	0	0	0	0	0	0	0.00	0.00	0.00	0.00	0.00	0.05	0.00	0.00	0.00	57	58	128.71	39.76	0.00	0.00
2397	99.94	2400	2398	0.76	8221	0	0	0	0	0	0	0.00	0.00	0.00	0.00	0.00	0.06	0.00	0.00	0.00	56	57	128.65	39.86	0.00	0.00
2401	99.95	2400	2402	0.76	8236	0	0	0	0	0	0	0.00	0.00	0.00	0.00	0.00	0.05	0.00	0.00	0.00	57	57	128.88	39.95	0.00	0.00
2396	99.93	2400	2398	0.76	76410	0	0	1	118	0	0	0.00	0.00	0.01	0.00	0.00	0.07	0.00	0.00	0.00	58	57	132.62	41.22	0.00	0.00
2400	99.93	2400	2402	0.79	51143	0	0	4	114	0	0	0.00	0.00	0.00	0.00	0.00	0.07	0.00	0.00	0.00	57	58	134.15	41.61	0.00	0.00
2397	99.93	2400	2399	0.80	75966	0	0	0	17	0	0	0.00	0.00	0.00	0.00	0.00	0.07	0.00	0.00	0.00	58	57	133.03	41.06	0.00	0.00
2399	99.93	2400	2401	0.79	43665	0	0	0	7	0	0	0.00	0.00	0.00	0.00	0.00	0.07	0.00	0.00	0.00	57	58	133.83	41.35	0.00	0.00
2375	98.99	2400	2399	0.81	8983	0	0	8	113	0	0	0.00	0.00	0.95	0.00	0.00	1.01	0.00	0.00	0.00	57	57	130.35	39.97	0.00	0.00
2400	99.94	2400	2402	0.79	8826	0	0	2	39	0	0	0.00	0.00	0.00	0.00	0.00	0.06	0.00	0.00	0.00	57	57	130.81	40.26	0.00	0.00
2397	99.93	2400	2399	0.80	9048	0	0	7	40	0	0	0.00	0.00	0.01	0.00	0.00	0.07	0.00	0.00	0.00	58	57	130.34	40.08	0.00	0.00
2399	99.94	2400	2401	0.80	10671	0	0	17	136	0	0	0.00	0.00	0.00	0.00	0.00	0.06	0.00	0.00	0.00	56	57	130.69	40.01	0.00	0.00
2398	99.94	2400	2399	0.79	9360	0	0	8	73	0	0	0.00	0.00	0.00	0.00	0.00	0.06	0.00	0.00	0.00	57	57	130.22	39.71	0.00	0.00
2398	99.94	2400	2399	0.80	8746	0	0	5	40	0	0	0.00	0.00	0.00	0.00	0.00	0.06	0.00	0.00	0.00	58	57	130.22	39.83	0.00	0.00
2398	99.94	2400	2400	0.80	8236	0	0	0	0	0	0	0.00	0.00	0.00	0.00	0.00	0.06	0.00	0.00	0.00	57	58	130.58	40.02	0.00	0.00
2398	99.94	2400	2400	0.80	8247	0	0	0	0	0	0	0.00	0.00	0.00	0.00	0.00	0.06	0.00	0.00	0.00	58	58	130.52	40.04	0.00	0.00
2400	99.93	2400	2402	0.80	8217	0	0	1	0	0	0	0.00	0.01	0.00	0.00	0.00	0.07	0.00	0.00	0.00	57	59	130.62	40.12	0.00	0.00
2398	99.94	2400	2400	0.80	8232	0	0	0	0	0	0	0.00	0.00	0.00	0.00	0.00	0.06	0.00	0.00	0.00	59	58	130.34	40.23	0.00	0.00
2398	99.94	2400	2399	0.80	8231	0	0	0	1	0	0	0.00	0.00	0.00	0.00	0.00	0.06	0.00	0.00	0.00	58	58	130.22	39.98	0.00	0.00
2400	99.94	2400	2401	0.80	8216	0	0	0	0	0	0	0.00	0.00	0.00	0.00	0.00	0.06	0.00	0.00	0.00	58	58	130.79	40.09	0.00	0.00
2398	99.94	2400	2399	0.79	8239	0	0	0	0	0	0	0.00	0.00	0.00	0.00	0.00	0.06	0.00	0.00	0.00	57	58	130.21	39.89	0.00	0.00
2400	99.94	2400	2401	0.80	8238	0	0	0	0	0	0	0.00	0.00	0.00	0.00	0.00	0.06	0.00	0.00	0.00	57	58	130.42	40.02	0.00	0.00
2398	99.94	2400	2399	0.80	8218	0	0	0	1	0	0	0.00	0.00	0.00	0.00	0.00	0.06	0.00	0.00	0.00	58	59	130.29	39.87	0.00	0.00
2397	99.94	2400	2399	0.79	13490	0	0	0	0	0	0	0.00	0.00	0.00	0.00	0.00	0.06	0.00	0.00	0.00	58	58	130.11	39.99	0.00	0.00
2399	99.93	2400	2401	0.79	8488	0	0	0	3	0	0	0.00	0.00	0.01	0.00	0.00	0.07	0.00	0.00	0.00	58	59	130.69	40.21	0.00	0.00
2400	99.93	2400	2401	0.80	9707	0	0	1	53	0	0	0.00	0.00	0.01	0.00	0.00	0.07	0.00	0.00	0.00	58	59	130.88	40.20	0.00	0.00
2397	99.94	2400	2398	0.80	8797	0	0	0	8	0	0	0.00	0.00	0.00	0.00	0.00	0.06	0.00	0.00	0.00	59	58	130.27	39.95	0.00	0.00
2398	99.94	2400	2400	0.79	8216	0	0	0	0	0	0	0.00	0.00	0.00	0.00	0.00	0.06	0.00	0.00	0.00	59	59	130.39	39.92	0.00	0.00
2401	99.94	2400	2402	0.79	8912	0	0	1	12	0	0	0.00	0.00	0.00	0.00	0.00	0.06	0.00	0.00	0.00	59	59	130.56	40.10	0.00	0.00
2397	99.94	2400	2398	0.79	8408	0	0	0	5	0	0	0.00	0.00	0.00	0.00	0.00	0.06	0.00	0.00	0.00	58	58	130.37	40.00	0.00	0.00
2400	99.92	2400	2402	0.79	8427	0	0	1	3	0	0	0.00	0.00	0.02	0.00	0.00	0.08	0.00	0.00	0.00	58	58	130.49	40.12	0.00	0.00
2399	99.94	2400	2400	0.80	8279	0	0	0	4	0	0	0.00	0.00	0.00	0.00	0.00	0.06	0.00	0.00	0.00	59	59	130.46	39.94	0.00	0.00
2398	99.94	2400	2399	0.79	8297	0	0	0	0	0	0	0.00	0.00	0.00	0.00	0.00	0.06	0.00	0.00	0.00	58	59	130.46	40.06	0.00	0.00
2399	99.94	2400	2400	0.79	8676	0	0	0	3	0	0	0.00	0.00	0.00	0.00	0.00	0.06	0.00	0.00	0.00	58	58	130.33	39.94	0.00	0.00
2398	99.94	2400	2399	0.79	10440	0	0	0	0	0	0	0.00	0.00	0.00	0.00	0.00	0.06	0.00	0.00	0.00	59	59	130.73	40.36	0.00	0.00
2398	99.94	2400	2400	0.79	10478	0	0	0	13	0	0	0.00	0.00	0.00	0.00	0.00	0.06	0.00	0.00	0.00	59	59	130.70	40.31	0.00	0.00
2400	99.94	2400	2401	0.79	8285	0	0	0	0	0	0	0.00	0.00	0.00	0.00	0.00	0.06	0.00	0.00	0.00	59	58	130.87	40.28	0.00	0.00
2398	99.94	2400	2400	0.79	19630	0	0	0	0	0	0	0.00	0.00	0.00	0.00	0.00	0.06	0.00	0.00	0.00	59	59	130.44	40.22	0.00	0.00
2399	99.94	2400	2400	0.78	17029	0	0	0	0	0	0	0.00	0.00	0.00	0.00	0.00	0.06	0.00	0.00	0.00	59	59	130.53	40.31	0.00	0.00
2398	99.94	2400	2399	0.78	68419	0	0	0	18	0	0	0.00	0.00	0.00	0.00	0.00	0.06	0.00	0.00	0.00	58	59	130.63	40.34	0.00	0.00
2397	99.94	2400	2399	0.77	8443	0	0	0	0	0	0	0.00	0.00	0.00	0.00	0.00	0.06	0.00	0.00	0.00	59	59	130.74	40.65	0.00	0.00
2400	99.92	2400	2402	0.77	8213	0	0	0	2	0	0	0.00	0.00	0.02	0.00	0.00	0.08	0.00	0.00	0.00	59	59	131.03	40.68	0.00	0.00
2398	99.94	2400	2399	0.77	8254	0	0	0	1	0	0	0.00	0.00	0.00	0.00	0.00	0.06	0.00	0.00	0.00	59	58	130.86	40.67	0.00	0.00
2399	99.94	2400	2401	0.77	8225	0	0	0	0	0	0	0.00	0.00	0.00	0.00	0.00	0.06	0.00	0.00	0.00	59	59	130.89	40.39	0.00	0.00
2397	99.94	2400	2398	0.77	8262	0	0	0	0	0	0	0.00	0.00	0.00	0.00	0.00	0.06	0.00	0.00	0.00	58	59	130.92	40.64	0.00	0.00
2401	99.92	2400	2403	0.78	14768	0	0	0	3	0	0	0.00	0.00	0.02	0.00	0.00	0.08	0.00	0.00	0.00	59	59	131.20	40.71	0.00	0.00
2397	99.93	2400	2399	0.77	8268	0	0	0	1	0	0	0.00	0.00	0.01	0.00	0.00	0.07	0.00	0.00	0.00	58	59	130.95	40.60	0.00	0.00
2397	99.94	2400	2399	0.77	8199	0	0	0	0	0	0	0.00	0.00	0.00	0.00	0.00	0.06	0.00	0.00	0.00	60	59	130.87	40.52	0.00	0.00
2401	99.94	2400	2402	0.77	16731	0	0	0	0	0	0	0.00	0.00	0.00	0.00	0.00	0.06	0.00	0.00	0.00	59	59	130.95	40.73	0.00	0.00
2399	99.94	2400	2400	0.77	8725	0	0	0	0	0	0	0.00	0.00	0.00	0.00	0.00	0.06	0.00	0.00	0.00	59	59	131.43	40.80	0.00	0.00
2398	99.94	2400	2400	0.76	8329	0	0	0	0	0	0	0.00	0.00	0.00	0.00	0.00	0.06	0.00	0.00	0.00	59	60	130.83	40.57	0.00	0.00
2397	99.94	2400	2398	0.77	9095	0	0	1	22	0	0	0.00	0.00	0.00	0.00	0.00	0.06	0.00	0.00	0.00	59	59	130.92	40.67	0.00	0.00
2401	99.94	2400	2402	0.76	8643	0	0	0	8	0	0	0.00	0.00	0.00	0.00	0.00	0.06	0.00	0.00	0.00	59	59	131.02	40.65	0.00	0.00
2396	99.94	2400	2398	0.77	8277	0	0	1	4	0	0	0.00	0.00	0.00	0.00	0.00	0.06	0.00	0.00	0.00	59	59	130.95	40.56	0.00	0.00
2400	99.94	2400	2401	0.77	8456	0	0	1	4	0	0	0.00	0.00	0.00	0.00	0.00	0.06	0.00	0.00	0.00	59	59	131.12	40.68	0.00	0.00
2400	99.94	2400	2401	0.77	8460	0	0	1	2	0	0	0.00	0.00	0.00	0.00	0.00	0.06	0.00	0.00	0.00	59	59	131.28	40.76	0.00	0.00
2396	99.94	2400	2397	0.77	8490	0	0	0	10	0	0	0.00	0.00	0.00	0.00	0.00	0.06	0.00	0.00	0.00	59	59	130.81	40.51	0.00	0.00
2401	99.94	2400	2402	0.77	8273	0	0	0	2	0	0	0.00	0.00	0.00	0.00	0.00	0.06	0.00	0.00	0.00	58	60	131.37	40.59	0.00	0.00
2398	99.94	2400	2400	0.77	8254	0	0	0	0	0	0	0.00	0.00	0.00	0.00	0.00	0.06	0.00	0.00	0.00	59	59	130.96	40.72	0.00	0.00
2399	99.94	2400	2401	0.76	8186	0	0	0	0	0	0	0.00	0.00	0.00	0.00	0.00	0.06	0.00	0.00	0.00	60	60	131.31	40.67	0.00	0.00
2399	99.94	2400	2400	0.77	8304	0	0	0	0	0	0	0.00	0.00	0.00	0.00	0.00	0.06	0.00	0.00	0.00	59	59	130.96	40.69	0.00	0.00
2397	99.94	2400	2399	0.77	8174	0	0	0	0	0	0	0.00	0.00	0.00	0.00	0.00	0.06	0.00	0.00	0.00	59	59	131.06	40.70	0.00	0.00
2399	99.94	2400	2401	0.77	8260	0	0	0	0	0	0	0.00	0.00	0.00	0.00	0.00	0.06	0.00	0.00	0.00	60	59	131.12	40.61	0.00	0.00
2399	99.94	2400	2401	0.77	8175	0	0	0	0	0	0	0.00	0.00	0.00	0.00	0.00	0.06	0.00	0.00	0.00	60	60	131.33	40.58	0.00	0.00
2397	99.94	2400	2398	0.77	8287	0	0	0	0	0	0	0.00	0.00	0.00	0.00	0.00	0.06	0.00	0.00	0.00	59	60	131.12	40.71	0.00	0.00
2400	99.94	2400	2402	0.77	8215	0	0	0	0	0	0	0.00	0.00	0.00	0.00	0.00	0.06	0.00	0.00	0.00	59	60	131.25	40.78	0.00	0.00
2399	99.94	2400	2401	0.77	3343	0	0	0	0	0	0	0.00	0.00	0.00	0.00	0.00	0.06	0.00	0.00	0.00	59	60	131.12	40.55	0.00	0.00
