Avg_MHz	Busy%	Bzy_MHz	TSC_MHz	IPC	IRQ	SMI	POLL	C1	C1E	C3	C6	POLL%	C1%	C1E%	C3%	C6%	CPU%c1	CPU%c3	CPU%c6	CPU%c7	CoreTmp	PkgTmp	PkgWatt	RAMWatt	PKG_%	RAM_%
1202	50.07	2400	2401	0.27	5717	0	0	2	655	0	0	0.00	0.02	49.95	0.00	0.00	49.93	0.00	0.00	0.00	54	57	113.39	45.50	0.00	0.00
1202	50.06	2400	2400	0.27	4498	0	0	5	608	0	0	0.00	0.49	49.46	0.00	0.00	49.94	0.00	0.00	0.00	54	56	113.32	45.69	0.00	0.00
1201	50.06	2400	2400	0.27	8168	0	0	6	605	0	0	0.00	2.90	47.04	0.00	0.00	49.94	0.00	0.00	0.00	54	56	113.40	45.51	0.00	0.00
1202	50.07	2400	2400	0.28	13313	0	0	5	655	0	0	0.00	0.05	49.88	0.00	0.00	49.93	0.00	0.00	0.00	55	56	113.33	45.51	0.00	0.00
1202	50.06	2400	2400	0.28	13486	0	0	5	648	0	0	0.00	0.05	49.90	0.00	0.00	49.94	0.00	0.00	0.00	55	57	113.50	45.42	0.00	0.00
1201	50.06	2400	2400	0.27	4543	0	0	8	652	0	0	0.00	0.91	49.02	0.00	0.00	49.94	0.00	0.00	0.00	54	57	113.48	45.56	0.00	0.00
1202	50.07	2400	2400	0.27	13085	0	0	4	667	0	0	0.00	0.96	48.98	0.00	0.00	49.93	0.00	0.00	0.00	54	56	113.33	45.40	0.00	0.00
1202	50.07	2400	2400	0.28	58463	0	0	4	620	0	0	0.00	0.01	49.92	0.00	0.00	49.93	0.00	0.00	0.00	54	56	113.49	44.92	0.00	0.00
1202	50.07	2400	2400	0.29	125659	0	0	7	670	0	0	0.00	0.05	49.89	0.00	0.00	49.93	0.00	0.00	0.00	54	57	112.80	44.79	0.00	0.00
1201	50.06	2400	2400	0.28	127306	0	0	1	649	0	0	0.00	0.00	49.94	0.00	0.00	49.94	0.00	0.00	0.00	54	57	112.00	44.28	0.00	0.00
1201	50.06	2400	2400	0.25	42017	0	0	4	639	0	0	0.00	1.00	48.94	0.00	0.00	49.94	0.00	0.00	0.00	54	56	111.26	44.45	0.00	0.00
1202	50.07	2400	2400	0.24	4795	0	0	9	681	0	0	0.00	0.67	49.26	0.00	0.00	49.93	0.00	0.00	0.00	54	57	111.15	44.33	0.00	0.00
1202	50.07	2400	2400	0.25	27042	0	0	6	648	0	0	0.00	0.12	49.82	0.00	0.00	49.93	0.00	0.00	0.00	54	57	111.16	44.29	0.00	0.00
1202	50.07	2400	2400	0.24	5775	0	0	9	674	0	0	0.00	1.75	48.19	0.00	0.00	49.93	0.00	0.00	0.00	54	57	111.22	44.50	0.00	0.00
1201	50.06	2400	2400	0.24	13073	0	0	5	690	0	0	0.00	0.05	49.90	0.00	0.00	49.94	0.00	0.00	0.00	53	57	111.18	44.39	0.00	0.00
1202	50.07	2400	2400	0.24	21912	0	0	4	769	0	0	0.00	0.01	49.92	0.00	0.00	49.93	0.00	0.00	0.00	54	57	111.09	44.32	0.00	0.00
1202	50.08	2400	2400	0.24	4614	0	0	8	760	0	0	0.00	0.79	49.14	0.00	0.00	49.92	0.00	0.00	0.00	53	56	110.87	44.11	0.00	0.00
1202	50.07	2400	2400	0.24	19334	0	0	0	753	0	0	0.00	0.00	49.94	0.00	0.00	49.93	0.00	0.00	0.00	54	57	110.87	44.33	0.00	0.00
1202	50.06	2400	2400	0.24	19601	0	0	0	708	0	0	0.00	0.00	49.94	0.00	0.00	49.94	0.00	0.00	0.00	54	57	110.76	44.02	0.00	0.00
1202	50.07	2400	2400	0.24	54496	0	0	0	717	0	0	0.00	0.00	49.94	0.00	0.00	49.93	0.00	0.00	0.00	54	57	110.71	43.92	0.00	0.00
1201	50.06	2400	2400	0.24	34170	0	0	0	711	0	0	0.00	0.00	49.94	0.00	0.00	49.94	0.00	0.00	0.00	54	57	110.54	43.73	0.00	0.00
1202	50.07	2400	2400	0.23	19200	0	0	4	771	0	0	0.00	0.63	49.31	0.00	0.00	49.93	0.00	0.00	0.00	55	56	110.26	43.77	0.00	0.00
1201	50.06	2400	2400	0.23	22585	0	0	0	661	0	0	0.00	0.00	49.94	0.00	0.00	49.94	0.00	0.00	0.00	54	57	110.16	43.60	0.00	0.00
1202	50.08	2400	2400	0.23	33803	0	0	0	773	0	0	0.00	0.00	49.92	0.00	0.00	49.92	0.00	0.00	0.00	54	56	110.06	43.68	0.00	0.00
1201	50.06	2400	2400	0.23	53220	0	0	0	656	0	0	0.00	0.00	49.94	0.00	0.00	49.94	0.00	0.00	0.00	54	58	109.86	43.74	0.00	0.00
1202	50.06	2400	2400	0.22	18454	0	0	4	684	0	0	0.00	0.07	49.87	0.00	0.00	49.94	0.00	0.00	0.00	54	57	110.03	43.60	0.00	0.00
1202	50.08	2400	2400	0.22	4515	0	0	12	692	0	0	0.00	0.70	49.22	0.00	0.00	49.92	0.00	0.00	0.00	54	57	109.67	43.48	0.00	0.00
1202	50.07	2400	2400	0.22	22248	0	0	3	747	0	0	0.00	0.62	49.30	0.00	0.00	49.93	0.00	0.00	0.00	54	56	109.35	43.49	0.00	0.00
1202	50.07	2400	2400	0.22	20477	0	0	5	692	0	0	0.00	0.09	49.85	0.00	0.00	49.93	0.00	0.00	0.00	54	57	109.59	43.78	0.00	0.00
1202	50.07	2400	2400	0.22	22405	0	0	0	743	0	0	0.00	0.00	49.94	0.00	0.00	49.93	0.00	0.00	0.00	53	56	109.37	43.19	0.00	0.00
1202	50.07	2400	2400	0.23	83708	0	0	4	707	0	0	0.00	0.99	48.94	0.00	0.00	49.93	0.00	0.00	0.00	54	57	109.52	43.32	0.00	0.00
1202	50.08	2400	2400	0.22	22493	0	0	4	849	0	0	0.00	0.64	49.29	0.00	0.00	49.92	0.00	0.00	0.00	54	57	108.84	43.25	0.00	0.00
1202	50.07	2400	2400	0.22	57424	0	0	8	797	0	0	0.00	1.21	48.73	0.00	0.00	49.93	0.00	0.00	0.00	54	57	108.69	43.20	0.00	0.00
1202	50.08	2400	2400	0.21	13626	0	0	1	844	0	0	0.00	0.00	49.93	0.00	0.00	49.92	0.00	0.00	0.00	53	57	108.38	43.24	0.00	0.00
1202	50.07	2400	2400	0.22	58350	0	0	4	734	0	0	0.00	1.42	48.52	0.00	0.00	49.93	0.00	0.00	0.00	53	57	108.43	43.27	0.00	0.00
1204	50.17	2400	2400	0.22	39862	0	0	8	989	0	0	0.00	0.09	49.75	0.00	0.00	49.83	0.00	0.00	0.00	54	57	108.44	43.17	0.00	0.00
1202	50.08	2400	2400	0.22	82033	0	0	4	771	0	0	0.00	0.05	49.87	0.00	0.00	49.92	0.00	0.00	0.00	54	57	108.35	42.86	0.00	0.00
1204	50.18	2400	2400	0.22	37449	0	0	4	1020	0	0	0.00	0.02	49.81	0.00	0.00	49.82	0.00	0.00	0.00	54	57	108.23	42.79	0.00	0.00
1202	50.07	2400	2400	0.21	20774	0	0	0	627	0	0	0.00	0.00	49.94	0.00	0.00	49.93	0.00	0.00	0.00	54	57	108.19	43.23	0.00	0.00
1202	50.07	2400	2400	0.21	4555	0	0	7	655	0	0	0.00	0.70	49.24	0.00	0.00	49.93	0.00	0.00	0.00	53	57	107.87	43.25	0.00	0.00
1202	50.07	2400	2400	0.21	29797	0	0	10	718	0	0	0.00	0.40	49.54	0.00	0.00	49.93	0.00	0.00	0.00	54	57	107.97	43.19	0.00	0.00
1202	50.08	2400	2400	0.21	28145	0	0	0	779	0	0	0.00	0.00	49.93	0.00	0.00	49.92	0.00	0.00	0.00	54	57	108.18	43.26	0.00	0.00
1202	50.07	2400	2400	0.21	4460	0	0	0	646	0	0	0.00	0.00	49.94	0.00	0.00	49.93	0.00	0.00	0.00	53	57	107.99	43.33	0.00	0.00
1202	50.07	2400	2400	0.22	29087	0	0	4	724	0	0	0.00	0.05	49.88	0.00	0.00	49.93	0.00	0.00	0.00	53	57	108.17	43.25	0.00	0.00
1202	50.07	2400	2400	0.22	53199	0	0	0	676	0	0	0.00	0.00	49.94	0.00	0.00	49.93	0.00	0.00	0.00	54	57	108.19	43.21	0.00	0.00
1201	50.06	2400	2400	0.22	31465	0	0	2	612	0	0	0.00	0.46	49.48	0.00	0.00	49.94	0.00	0.00	0.00	54	56	108.29	43.26	0.00	0.00
1202	50.08	2400	2400	0.22	59025	0	0	10	658	0	0	0.00	0.17	49.76	0.00	0.00	49.92	0.00	0.00	0.00	54	57	108.46	43.16	0.00	0.00
1202	50.07	2400	2400	0.22	30844	0	0	8	645	0	0	0.00	0.38	49.55	0.00	0.00	49.93	0.00	0.00	0.00	54	57	108.62	43.35	0.00	0.00
1195	50.07	2400	2386	0.22	4497	0	0	13	675	0	0	0.00	0.78	48.87	0.00	0.00	49.93	0.00	0.00	0.00	54	56	107.77	43.18	0.00	0.00
1178	50.06	2400	2352	0.23	51041	0	0	0	705	0	0	0.00	0.00	48.95	0.00	0.00	49.94	0.00	0.00	0.00	53	57	105.26	41.90	0.00	0.00
1202	50.06	2400	2400	0.22	4672	0	0	8	643	0	0	0.00	0.18	49.76	0.00	0.00	49.94	0.00	0.00	0.00	54	57	108.76	43.51	0.00	0.00
1202	50.07	2400	2400	0.23	30426	0	0	4	723	0	0	0.00	0.06	49.88	0.00	0.00	49.93	0.00	0.00	0.00	53	57	108.80	43.27	0.00	0.00
1202	50.06	2400	2400	0.22	5117	0	0	0	692	0	0	0.00	0.00	49.94	0.00	0.00	49.94	0.00	0.00	0.00	54	56	108.69	43.30	0.00	0.00
1202	50.06	2400	2400	0.22	38731	0	0	8	620	0	0	0.00	0.06	49.89	0.00	0.00	49.94	0.00	0.00	0.00	53	57	108.82	43.33	0.00	0.00
1201	50.06	2400	2400	0.22	6502	0	0	0	603	0	0	0.00	0.00	49.94	0.00	0.00	49.94	0.00	0.00	0.00	54	57	108.74	43.43	0.00	0.00
1202	50.06	2400	2400	0.22	64560	0	0	12	630	0	0	0.00	0.16	49.78	0.00	0.00	49.94	0.00	0.00	0.00	53	57	108.80	43.30	0.00	0.00
1202	50.08	2400	2400	0.22	29106	0	0	8	656	0	0	0.00	0.15	49.78	0.00	0.00	49.92	0.00	0.00	0.00	55	57	108.80	43.52	0.00	0.00
1202	50.06	2400	2400	0.22	28530	0	0	8	616	0	0	0.00	0.09	49.85	0.00	0.00	49.94	0.00	0.00	0.00	53	57	108.84	43.48	0.00	0.00
1202	50.06	2400	2400	0.23	51150	0	0	4	585	0	0	0.00	3.01	46.94	0.00	0.00	49.94	0.00	0.00	0.00	54	56	108.76	43.38	0.00	0.00
1201	50.06	2400	2400	0.22	22528	0	0	0	647	0	0	0.00	0.00	49.94	0.00	0.00	49.94	0.00	0.00	0.00	53	56	108.73	43.52	0.00	0.00
1202	50.07	2400	2400	0.22	4719	0	0	16	627	0	0	0.00	0.18	49.76	0.00	0.00	49.93	0.00	0.00	0.00	54	57	108.67	43.57	0.00	0.00
1201	50.06	2400	2400	0.22	4703	0	0	0	648	0	0	0.00	0.00	49.94	0.00	0.00	49.94	0.00	0.00	0.00	54	56	108.76	43.60	0.00	0.00
1202	50.07	2400	2400	0.22	23768	0	0	0	628	0	0	0.00	0.00	49.94	0.00	0.00	49.93	0.00	0.00	0.00	53	57	108.76	43.56	0.00	0.00
1201	50.06	2400	2400	0.22	4651	0	0	4	583	0	0	0.00	0.03	49.91	0.00	0.00	49.94	0.00	0.00	0.00	53	56	108.76	43.58	0.00	0.00
1201	50.06	2400	2400	0.22	4728	0	0	8	615	0	0	0.00	0.20	49.74	0.00	0.00	49.94	0.00	0.00	0.00	54	58	108.81	43.48	0.00	0.00
1202	50.07	2400	2400	0.23	60270	0	0	7	674	0	0	0.00	0.31	49.62	0.00	0.00	49.93	0.00	0.00	0.00	54	57	108.92	43.43	0.00	0.00
1202	50.07	2400	2400	0.22	26021	0	0	1	674	0	0	0.00	0.01	49.93	0.00	0.00	49.93	0.00	0.00	0.00	54	56	108.83	43.50	0.00	0.00
1201	50.06	2400	2400	0.22	24729	0	0	4	572	0	0	0.00	0.05	49.90	0.00	0.00	49.94	0.00	0.00	0.00	54	57	109.01	43.49	0.00	0.00
1201	50.06	2400	2400	0.23	56355	0	0	7	596	0	0	0.00	0.66	49.28	0.00	0.00	49.94	0.00	0.00	0.00	53	58	108.95	43.68	0.00	0.00
1201	50.06	2400	2400	0.22	23955	0	0	9	594	0	0	0.00	0.51	49.44	0.00	0.00	49.94	0.00	0.00	0.00	54	57	108.92	43.61	0.00	0.00
1202	50.09	2400	2400	0.23	45814	0	0	0	663	0	0	0.00	0.00	49.91	0.00	0.00	49.91	0.00	0.00	0.00	54	56	109.07	43.60	0.00	0.00
1202	50.06	2400	2400	0.23	66165	0	0	4	680	0	0	0.00	0.03	49.92	0.00	0.00	49.94	0.00	0.00	0.00	54	56	109.10	43.38	0.00	0.00
1201	50.06	2400	2400	0.22	4707	0	0	8	605	0	0	0.00	0.10	49.83	0.00	0.00	49.94	0.00	0.00	0.00	53	56	108.92	43.52	0.00	0.00
1201	50.06	2400	2400	0.22	22489	0	0	4	617	0	0	0.00	0.05	49.90	0.00	0.00	49.94	0.00	0.00	0.00	54	57	108.96	43.34	0.00	0.00
1202	50.07	2400	2400	0.23	46495	0	0	8	597	0	0	0.00	0.76	49.17	0.00	0.00	49.93	0.00	0.00	0.00	53	57	108.92	43.36	0.00	0.00
1202	50.06	2400	2400	0.22	4760	0	0	12	675	0	0	0.00	0.18	49.76	0.00	0.00	49.94	0.00	0.00	0.00	54	57	109.01	43.72	0.00	0.00
1203	50.06	2400	2403	0.22	33986	0	0	6	590	0	0	0.00	0.22	49.78	0.00	0.00	49.94	0.00	0.00	0.00	54	57	109.18	43.56	0.00	0.00
1198	49.96	2400	2397	0.22	4664	0	0	10	594	0	0	0.00	0.11	49.87	0.00	0.00	50.04	0.00	0.00	0.00	54	57	108.61	43.36	0.00	0.00
1202	50.06	2400	2400	0.23	65503	0	0	4	643	0	0	0.00	0.07	49.87	0.00	0.00	49.94	0.00	0.00	0.00	53	56	108.94	43.38	0.00	0.00
1201	50.06	2400	2400	0.22	26556	0	0	4	617	0	0	0.00	0.05	49.90	0.00	0.00	49.94	0.00	0.00	0.00	54	56	108.89	43.64	0.00	0.00
1202	50.07	2400	2400	0.22	4669	0	0	0	641	0	0	0.00	0.00	49.94	0.00	0.00	49.93	0.00	0.00	0.00	53	57	108.80	43.48	0.00	0.00
1202	50.08	2400	2400	0.22	28062	0	0	0	661	0	0	0.00	0.00	49.93	0.00	0.00	49.92	0.00	0.00	0.00	54	57	108.88	43.44	0.00	0.00
1201	50.06	2400	2400	0.22	32065	0	0	8	623	0	0	0.00	0.12	49.83	0.00	0.00	49.94	0.00	0.00	0.00	54	57	108.83	43.38	0.00	0.00
1202	50.06	2400	2400	0.22	4739	0	0	0	677	0	0	0.00	0.00	49.94	0.00	0.00	49.94	0.00	0.00	0.00	53	56	108.82	43.49	0.00	0.00
1202	50.07	2400	2400	0.22	8554	0	0	0	624	0	0	0.00	0.00	49.93	0.00	0.00	49.93	0.00	0.00	0.00	53	58	108.86	43.38	0.00	0.00
1202	50.07	2400	2400	0.22	4961	0	0	4	710	0	0	0.00	2.75	47.18	0.00	0.00	49.93	0.00	0.00	0.00	54	57	108.85	43.56	0.00	0.00
1200	50.06	2400	2396	0.22	4684	0	0	4	653	0	0	0.00	0.03	49.83	0.00	0.00	49.94	0.00	0.00	0.00	53	56	108.60	43.34	0.00	0.00
1201	49.96	2400	2404	0.22	4921	0	0	11	607	0	0	0.00	1.25	48.88	0.00	0.00	50.04	0.00	0.00	0.00	53	57	108.93	43.54	0.00	0.00
1202	50.06	2400	2400	0.22	10053	0	0	13	654	0	0	0.00	0.17	49.77	0.00	0.00	49.94	0.00	0.00	0.00	55	57	108.91	43.42	0.00	0.00
1202	50.07	2400	2400	0.22	15106	0	0	12	697	0	0	0.00	0.12	49.82	0.00	0.00	49.93	0.00	0.00	0.00	54	56	108.78	43.42	0.00	0.00
1202	50.06	2400	2400	0.22	6119	0	0	4	644	0	0	0.00	0.05	49.90	0.00	0.00	49.94	0.00	0.00	0.00	54	58	108.72	43.43	0.00	0.00
1201	50.06	2400	2400	0.22	12322	0	0	12	588	0	0	0.00	0.16	49.78	0.00	0.00	49.94	0.00	0.00	0.00	53	57	108.71	43.39	0.00	0.00
1204	50.17	2400	2400	0.22	5035	0	0	9	885	0	0	0.00	0.35	49.49	0.00	0.00	49.83	0.00	0.00	0.00	54	57	108.74	43.57	0.00	0.00
1202	50.07	2400	2400	0.22	20903	0	0	15	616	0	0	0.00	0.18	49.75	0.00	0.00	49.93	0.00	0.00	0.00	54	57	108.75	43.40	0.00	0.00
1204	50.17	2400	2400	0.22	26939	0	0	49	848	0	0	0.00	3.19	46.65	0.00	0.00	49.83	0.00	0.00	0.00	54	56	108.74	43.56	0.00	0.00
1203	50.14	2400	2400	0.22	4758	0	0	7	669	0	0	0.00	1.25	48.62	0.00	0.00	49.86	0.00	0.00	0.00	54	57	108.65	43.50	0.00	0.00
1202	50.07	2400	2400	0.22	18494	0	0	9	612	0	0	0.00	0.10	49.83	0.00	0.00	49.93	0.00	0.00	0.00	54	58	108.72	43.46	0.00	0.00
1202	50.07	2400	2400	0.22	20385	0	0	8	639	0	0	0.00	2.00	47.94	0.00	0.00	49.93	0.00	0.00	0.00	54	57	108.69	43.44	0.00	0.00
1202	50.06	2400	2400	0.22	20039	0	0	4	658	0	0	0.00	0.05	49.90	0.00	0.00	49.94	0.00	0.00	0.00	54	57	108.69	43.23	0.00	0.00
1203	50.13	2400	2400	0.22	14906	0	0	4	440	0	0	0.00	2.07	47.81	0.00	0.00	49.87	0.00	0.00	0.00	54	56	108.89	43.54	0.00	0.00
