Avg_MHz	Busy%	Bzy_MHz	TSC_MHz	IPC	IRQ	SMI	POLL	C1	C1E	C3	C6	POLL%	C1%	C1E%	C3%	C6%	CPU%c1	CPU%c3	CPU%c6	CPU%c7	CoreTmp	PkgTmp	PkgWatt	RAMWatt	PKG_%	RAM_%
2406	99.82	2400	2410	0.79	13070	0	0	12	198	0	0	0.00	0.01	0.14	0.00	0.00	0.18	0.00	0.00	0.00	50	52	123.58	37.70	0.00	0.00
2390	99.58	2400	2400	0.78	12793	0	0	16	502	0	0	0.00	0.01	0.37	0.00	0.00	0.42	0.00	0.00	0.00	51	52	123.61	38.12	0.00	0.00
2394	99.78	2400	2399	0.76	15285	0	0	15	220	0	0	0.00	0.03	0.15	0.00	0.00	0.22	0.00	0.00	0.00	51	52	122.53	37.75	0.00	0.00
2392	99.89	2400	2394	0.76	9343	0	0	13	23	0	0	0.00	0.02	0.05	0.00	0.00	0.11	0.00	0.00	0.00	53	53	122.19	37.73	0.00	0.00
2405	99.95	2400	2406	0.75	38248	0	0	0	76	0	0	0.00	0.00	0.01	0.00	0.00	0.05	0.00	0.00	0.00	53	53	122.68	37.95	0.00	0.00
2397	99.96	2400	2398	0.76	13754	0	0	0	7	0	0	0.00	0.00	0.01	0.00	0.00	0.04	0.00	0.00	0.00	52	52	121.71	37.46	0.00	0.00
2399	99.91	2400	2401	0.74	31596	0	0	4	64	0	0	0.00	0.00	0.04	0.00	0.00	0.09	0.00	0.00	0.00	53	53	121.15	37.19	0.00	0.00
2396	99.82	2400	2400	0.74	9183	0	0	8	64	0	0	0.00	0.01	0.13	0.00	0.00	0.18	0.00	0.00	0.00	53	54	121.39	37.40	0.00	0.00
2399	99.94	2400	2400	0.71	18738	0	0	0	35	0	0	0.00	0.00	0.02	0.00	0.00	0.06	0.00	0.00	0.00	54	54	120.84	37.55	0.00	0.00
2398	99.93	2400	2400	0.74	18856	0	0	1	16	0	0	0.00	0.00	0.03	0.00	0.00	0.07	0.00	0.00	0.00	53	54	121.61	37.65	0.00	0.00
2398	99.92	2400	2400	0.73	9121	0	0	8	36	0	0	0.00	0.01	0.03	0.00	0.00	0.08	0.00	0.00	0.00	53	53	121.58	37.66	0.00	0.00
2391	99.62	2400	2400	0.76	68496	0	0	215	322	0	0	0.00	0.04	0.30	0.00	0.00	0.38	0.00	0.00	0.00	53	53	122.41	37.48	0.00	0.00
2396	99.85	2400	2400	0.72	13210	0	0	9	89	0	0	0.00	0.01	0.09	0.00	0.00	0.15	0.00	0.00	0.00	55	55	122.75	38.46	0.00	0.00
2395	99.82	2400	2399	0.71	17823	0	0	0	18	0	0	0.00	0.00	0.13	0.00	0.00	0.18	0.00	0.00	0.00	54	54	122.64	38.51	0.00	0.00
2396	99.81	2400	2400	0.75	227757	0	0	58	198	0	0	0.00	0.00	0.14	0.00	0.00	0.19	0.00	0.00	0.00	54	54	124.09	38.82	0.00	0.00
2399	99.92	2400	2401	0.72	14849	0	0	22	147	0	0	0.00	0.00	0.04	0.00	0.00	0.08	0.00	0.00	0.00	54	54	123.43	38.78	0.00	0.00
2398	99.93	2400	2400	0.72	9218	0	0	4	43	0	0	0.00	0.00	0.03	0.00	0.00	0.07	0.00	0.00	0.00	54	54	123.21	38.75	0.00	0.00
2395	99.78	2400	2400	0.71	9189	0	0	8	46	0	0	0.00	0.03	0.15	0.00	0.00	0.22	0.00	0.00	0.00	55	54	123.10	38.73	0.00	0.00
2395	99.81	2400	2400	0.72	10281	0	0	7	59	0	0	0.00	0.03	0.12	0.00	0.00	0.19	0.00	0.00	0.00	54	54	123.28	38.67	0.00	0.00
2359	98.25	2400	2401	0.78	24365	0	0	21	392	0	0	0.00	0.01	1.68	0.00	0.00	1.75	0.00	0.00	0.00	54	54	127.51	40.25	0.00	0.00
2387	99.44	2400	2401	0.75	9480	0	0	24	331	0	0	0.00	0.01	0.50	0.00	0.00	0.56	0.00	0.00	0.00	54	55	127.00	40.30	0.00	0.00
2395	99.83	2400	2399	0.77	9798	0	0	4	61	0	0	0.00	0.00	0.11	0.00	0.00	0.17	0.00	0.00	0.00	54	55	127.04	39.96	0.00	0.00
2394	99.79	2400	2399	0.76	25728	0	0	8	349	0	0	0.00	0.00	0.16	0.00	0.00	0.21	0.00	0.00	0.00	54	55	126.56	39.89	0.00	0.00
2380	99.12	2400	2401	0.79	122435	0	0	8	187	0	0	0.00	0.00	0.82	0.00	0.00	0.88	0.00	0.00	0.00	54	54	128.27	39.94	0.00	0.00
2384	99.34	2400	2400	0.80	65933	0	0	9	178	0	0	0.00	0.06	0.55	0.00	0.00	0.66	0.00	0.00	0.00	54	55	127.79	39.40	0.00	0.00
2350	97.96	2400	2399	0.80	16339	0	0	16	150	0	0	0.00	0.06	1.92	0.00	0.00	2.04	0.00	0.00	0.00	55	55	128.99	40.08	0.00	0.00
2384	99.34	2400	2400	0.81	9171	0	0	10	152	0	0	0.00	0.05	0.55	0.00	0.00	0.66	0.00	0.00	0.00	54	55	129.34	39.75	0.00	0.00
2383	99.26	2400	2401	0.81	9178	0	0	4	100	0	0	0.00	0.05	0.62	0.00	0.00	0.74	0.00	0.00	0.00	54	55	131.88	40.91	0.00	0.00
2379	99.09	2400	2400	0.83	8731	0	0	0	305	0	0	0.00	0.00	0.84	0.00	0.00	0.91	0.00	0.00	0.00	55	56	131.75	40.81	0.00	0.00
2393	99.68	2400	2400	0.81	9114	0	0	0	26	0	0	0.00	0.00	0.26	0.00	0.00	0.32	0.00	0.00	0.00	56	56	133.47	41.87	0.00	0.00
2388	99.52	2400	2400	0.79	9150	0	0	2	109	0	0	0.00	0.00	0.41	0.00	0.00	0.48	0.00	0.00	0.00	56	56	132.44	41.53	0.00	0.00
2396	99.87	2400	2399	0.81	9193	0	0	0	33	0	0	0.00	0.00	0.06	0.00	0.00	0.13	0.00	0.00	0.00	55	57	132.27	41.10	0.00	0.00
2397	99.87	2400	2401	0.80	9195	0	0	4	33	0	0	0.00	0.00	0.06	0.00	0.00	0.13	0.00	0.00	0.00	55	56	132.38	41.15	0.00	0.00
2372	98.84	2400	2400	0.82	36913	0	0	6	281	0	0	0.00	0.04	1.05	0.00	0.00	1.16	0.00	0.00	0.00	56	57	131.76	40.80	0.00	0.00
2371	98.80	2400	2400	0.83	34762	0	0	7	181	0	0	0.00	0.05	1.09	0.00	0.00	1.20	0.00	0.00	0.00	55	57	130.53	40.02	0.00	0.00
2379	99.11	2400	2400	0.82	10302	0	0	27	152	0	0	0.00	0.05	0.77	0.00	0.00	0.89	0.00	0.00	0.00	55	57	130.76	40.07	0.00	0.00
2388	99.50	2400	2400	0.82	14406	0	0	6	91	0	0	0.00	0.02	0.42	0.00	0.00	0.50	0.00	0.00	0.00	56	57	132.96	41.40	0.00	0.00
2392	99.67	2400	2399	0.83	29715	0	0	4	74	0	0	0.00	0.00	0.27	0.00	0.00	0.33	0.00	0.00	0.00	55	56	131.76	40.45	0.00	0.00
2399	99.92	2400	2401	0.81	9181	0	0	0	54	0	0	0.00	0.00	0.02	0.00	0.00	0.08	0.00	0.00	0.00	56	57	132.05	40.77	0.00	0.00
2369	98.72	2400	2400	0.81	36247	0	0	8	173	0	0	0.00	0.02	1.20	0.00	0.00	1.28	0.00	0.00	0.00	56	58	131.69	40.76	0.00	0.00
2393	99.75	2400	2399	0.81	46256	0	0	0	57	0	0	0.00	0.00	0.18	0.00	0.00	0.25	0.00	0.00	0.00	56	57	131.83	40.45	0.00	0.00
2348	99.03	2400	2371	0.81	9011	0	0	4	172	0	0	0.00	0.00	0.88	0.00	0.00	0.97	0.00	0.00	0.00	56	57	131.03	40.57	0.00	0.00
2414	99.32	2400	2431	0.81	16678	0	0	0	233	0	0	0.00	0.00	0.63	0.00	0.00	0.68	0.00	0.00	0.00	55	57	134.61	41.88	0.00	0.00
2385	99.41	2400	2399	0.82	21599	0	0	4	340	0	0	0.00	0.00	0.53	0.00	0.00	0.59	0.00	0.00	0.00	56	58	132.56	41.10	0.00	0.00
2385	99.38	2400	2400	0.83	21260	0	0	8	383	0	0	0.00	0.00	0.56	0.00	0.00	0.62	0.00	0.00	0.00	56	57	131.92	40.56	0.00	0.00
2387	99.52	2400	2399	0.81	9385	0	0	0	64	0	0	0.00	0.00	0.42	0.00	0.00	0.48	0.00	0.00	0.00	56	58	131.63	40.80	0.00	0.00
2394	99.72	2400	2401	0.77	9934	0	0	1	48	0	0	0.00	0.00	0.22	0.00	0.00	0.28	0.00	0.00	0.00	56	59	134.67	42.31	0.00	0.00
2382	99.21	2400	2401	0.81	9496	0	0	4	286	0	0	0.00	0.02	0.71	0.00	0.00	0.79	0.00	0.00	0.00	57	58	132.87	41.21	0.00	0.00
2394	99.73	2400	2400	0.81	9277	0	0	8	105	0	0	0.00	0.00	0.21	0.00	0.00	0.27	0.00	0.00	0.00	57	59	132.16	40.92	0.00	0.00
2363	99.21	2400	2382	0.82	11746	0	0	16	133	0	0	0.00	0.01	0.72	0.00	0.00	0.79	0.00	0.00	0.00	57	58	130.33	40.30	0.00	0.00
2411	99.75	2400	2417	0.80	12311	0	0	1	41	0	0	0.00	0.01	0.17	0.00	0.00	0.25	0.00	0.00	0.00	56	59	134.31	41.92	0.00	0.00
2399	99.94	2400	2400	0.79	19671	0	0	0	5	0	0	0.00	0.00	0.01	0.00	0.00	0.06	0.00	0.00	0.00	57	59	133.18	41.53	0.00	0.00
2398	99.91	2400	2400	0.81	15737	0	0	0	13	0	0	0.00	0.00	0.03	0.00	0.00	0.09	0.00	0.00	0.00	57	59	132.15	40.88	0.00	0.00
2389	99.52	2400	2401	0.82	11948	0	0	3	203	0	0	0.00	0.00	0.41	0.00	0.00	0.48	0.00	0.00	0.00	57	58	132.30	40.75	0.00	0.00
2396	99.85	2400	2400	0.82	9485	0	0	9	135	0	0	0.00	0.00	0.08	0.00	0.00	0.15	0.00	0.00	0.00	57	58	132.65	40.92	0.00	0.00
2395	99.83	2400	2399	0.82	9212	0	0	4	111	0	0	0.00	0.01	0.09	0.00	0.00	0.17	0.00	0.00	0.00	57	59	132.75	41.08	0.00	0.00
2392	99.66	2400	2401	0.81	9543	0	0	15	184	0	0	0.00	0.02	0.26	0.00	0.00	0.34	0.00	0.00	0.00	56	59	131.51	40.52	0.00	0.00
2370	98.72	2400	2401	0.81	42474	0	0	13	425	0	0	0.00	0.01	1.21	0.00	0.00	1.28	0.00	0.00	0.00	57	59	132.65	41.12	0.00	0.00
2389	99.55	2400	2400	0.80	9932	0	0	8	125	0	0	0.00	0.03	0.35	0.00	0.00	0.45	0.00	0.00	0.00	57	59	132.12	41.28	0.00	0.00
2397	99.92	2400	2399	0.79	31006	0	0	1	14	0	0	0.00	0.00	0.01	0.00	0.00	0.08	0.00	0.00	0.00	57	59	133.16	41.86	0.00	0.00
2396	99.91	2400	2398	0.78	24610	0	0	0	34	0	0	0.00	0.00	0.03	0.00	0.00	0.09	0.00	0.00	0.00	57	59	133.50	41.93	0.00	0.00
2398	99.80	2400	2403	0.78	9862	0	0	0	48	0	0	0.00	0.00	0.14	0.00	0.00	0.20	0.00	0.00	0.00	58	59	134.28	42.18	0.00	0.00
2396	99.82	2400	2400	0.78	11752	0	0	0	57	0	0	0.00	0.00	0.12	0.00	0.00	0.18	0.00	0.00	0.00	57	59	132.57	41.32	0.00	0.00
2394	99.75	2400	2400	0.77	30085	0	0	0	20	0	0	0.00	0.00	0.20	0.00	0.00	0.25	0.00	0.00	0.00	58	59	134.65	42.36	0.00	0.00
2396	99.93	2400	2397	0.78	9280	0	0	0	4	0	0	0.00	0.00	0.01	0.00	0.00	0.07	0.00	0.00	0.00	58	60	131.70	41.19	0.00	0.00
2392	99.56	2400	2402	0.77	9646	0	0	32	167	0	0	0.00	0.01	0.37	0.00	0.00	0.44	0.00	0.00	0.00	58	59	134.21	42.14	0.00	0.00
2396	99.79	2400	2401	0.79	9646	0	0	0	41	0	0	0.00	0.00	0.15	0.00	0.00	0.21	0.00	0.00	0.00	57	59	133.25	41.73	0.00	0.00
2397	99.88	2400	2400	0.80	12593	0	0	0	44	0	0	0.00	0.00	0.06	0.00	0.00	0.12	0.00	0.00	0.00	58	60	132.77	41.34	0.00	0.00
2398	99.89	2400	2400	0.82	21699	0	0	16	121	0	0	0.00	0.01	0.05	0.00	0.00	0.11	0.00	0.00	0.00	58	59	131.60	40.39	0.00	0.00
2390	99.60	2400	2400	0.79	9782	0	0	9	493	0	0	0.00	0.00	0.34	0.00	0.00	0.40	0.00	0.00	0.00	58	59	132.45	40.93	0.00	0.00
2398	99.88	2400	2401	0.80	9617	0	0	0	175	0	0	0.00	0.00	0.07	0.00	0.00	0.12	0.00	0.00	0.00	58	60	132.46	40.80	0.00	0.00
2392	99.68	2400	2400	0.79	9374	0	0	1	38	0	0	0.00	0.00	0.26	0.00	0.00	0.32	0.00	0.00	0.00	58	60	132.32	41.09	0.00	0.00
2396	99.86	2400	2399	0.78	9545	0	0	0	23	0	0	0.00	0.00	0.08	0.00	0.00	0.14	0.00	0.00	0.00	58	60	132.91	41.73	0.00	0.00
2399	99.91	2400	2401	0.79	9214	0	0	0	13	0	0	0.00	0.00	0.03	0.00	0.00	0.09	0.00	0.00	0.00	58	60	132.79	41.36	0.00	0.00
2394	99.76	2400	2400	0.81	9635	0	0	4	225	0	0	0.00	0.00	0.18	0.00	0.00	0.24	0.00	0.00	0.00	58	60	132.24	40.97	0.00	0.00
2392	99.70	2400	2400	0.82	9528	0	0	12	228	0	0	0.00	0.01	0.24	0.00	0.00	0.30	0.00	0.00	0.00	58	60	132.98	41.07	0.00	0.00
2398	99.90	2400	2400	0.80	9320	0	0	4	72	0	0	0.00	0.00	0.05	0.00	0.00	0.10	0.00	0.00	0.00	59	60	132.45	40.93	0.00	0.00
2398	99.91	2400	2400	0.81	9313	0	0	4	74	0	0	0.00	0.00	0.03	0.00	0.00	0.09	0.00	0.00	0.00	59	60	132.41	40.88	0.00	0.00
2397	99.90	2400	2400	0.79	9370	0	0	0	72	0	0	0.00	0.00	0.04	0.00	0.00	0.10	0.00	0.00	0.00	59	60	132.73	41.26	0.00	0.00
2384	99.91	2400	2386	0.80	14919	0	0	0	56	0	0	0.00	0.00	0.03	0.00	0.00	0.09	0.00	0.00	0.00	58	60	131.72	40.84	0.00	0.00
2413	99.92	2400	2415	0.80	9289	0	0	0	43	0	0	0.00	0.00	0.03	0.00	0.00	0.08	0.00	0.00	0.00	59	60	133.21	41.15	0.00	0.00
2392	99.67	2400	2399	0.79	9239	0	0	0	83	0	0	0.00	0.00	0.27	0.00	0.00	0.33	0.00	0.00	0.00	59	60	131.85	40.94	0.00	0.00
2396	99.82	2400	2400	0.81	9327	0	0	2	60	0	0	0.00	0.02	0.11	0.00	0.00	0.18	0.00	0.00	0.00	59	60	132.96	40.97	0.00	0.00
2399	99.94	2400	2401	0.82	10224	0	0	0	5	0	0	0.00	0.00	0.00	0.00	0.00	0.06	0.00	0.00	0.00	59	61	132.19	40.65	0.00	0.00
2398	99.90	2400	2400	0.82	12539	0	0	0	48	0	0	0.00	0.00	0.05	0.00	0.00	0.10	0.00	0.00	0.00	59	60	131.36	40.37	0.00	0.00
2395	99.82	2400	2399	0.81	9109	0	0	4	56	0	0	0.00	0.00	0.12	0.00	0.00	0.18	0.00	0.00	0.00	59	61	131.51	40.46	0.00	0.00
2399	99.93	2400	2400	0.81	9214	0	0	0	26	0	0	0.00	0.00	0.01	0.00	0.00	0.07	0.00	0.00	0.00	59	60	131.78	40.54	0.00	0.00
2397	99.86	2400	2400	0.81	9368	0	0	0	40	0	0	0.00	0.00	0.09	0.00	0.00	0.14	0.00	0.00	0.00	59	60	131.92	40.71	0.00	0.00
2398	99.91	2400	2400	0.81	17695	0	0	5	46	0	0	0.00	0.00	0.03	0.00	0.00	0.09	0.00	0.00	0.00	59	61	132.60	40.91	0.00	0.00
2396	99.85	2400	2399	0.80	10838	0	0	8	65	0	0	0.00	0.01	0.08	0.00	0.00	0.15	0.00	0.00	0.00	59	60	132.01	40.86	0.00	0.00
2398	99.90	2400	2400	0.81	9255	0	0	8	42	0	0	0.00	0.01	0.03	0.00	0.00	0.10	0.00	0.00	0.00	58	61	131.84	40.88	0.00	0.00
2398	99.90	2400	2400	0.81	9003	0	0	10	28	0	0	0.00	0.01	0.04	0.00	0.00	0.10	0.00	0.00	0.00	60	61	132.08	40.69	0.00	0.00
2398	99.90	2400	2400	0.81	9183	0	0	0	68	0	0	0.00	0.00	0.05	0.00	0.00	0.10	0.00	0.00	0.00	59	60	131.77	40.53	0.00	0.00
2396	99.90	2400	2399	0.80	9225	0	0	0	13	0	0	0.00	0.00	0.04	0.00	0.00	0.10	0.00	0.00	0.00	59	61	130.76	40.38	0.00	0.00
2398	99.87	2400	2401	0.77	9528	0	0	0	14	0	0	0.00	0.00	0.07	0.00	0.00	0.13	0.00	0.00	0.00	59	61	134.30	42.10	0.00	0.00
2396	99.83	2400	2400	0.78	9320	0	0	0	36	0	0	0.00	0.00	0.11	0.00	0.00	0.17	0.00	0.00	0.00	60	61	132.09	41.09	0.00	0.00
2394	99.77	2400	2400	0.76	9300	0	0	0	37	0	0	0.00	0.00	0.17	0.00	0.00	0.23	0.00	0.00	0.00	60	61	133.69	41.62	0.00	0.00
2396	99.83	2400	2400	0.78	9199	0	0	1	29	0	0	0.00	0.00	0.11	0.00	0.00	0.17	0.00	0.00	0.00	59	61	132.12	41.24	0.00	0.00
2397	99.87	2400	2400	0.78	9356	0	0	3	33	0	0	0.00	0.01	0.06	0.00	0.00	0.13	0.00	0.00	0.00	59	61	132.43	41.11	0.00	0.00
2397	99.85	2400	2400	0.76	9156	0	0	1	48	0	0	0.00	0.00	0.09	0.00	0.00	0.15	0.00	0.00	0.00	59	62	133.71	41.80	0.00	0.00
2373	99.75	2400	2379	0.76	9259	0	0	0	64	0	0	0.00	0.00	0.20	0.00	0.00	0.25	0.00	0.00	0.00	59	61	132.45	41.54	0.00	0.00
2415	99.75	2400	2421	0.78	9272	0	0	0	31	0	0	0.00	0.00	0.19	0.00	0.00	0.25	0.00	0.00	0.00	59	60	133.70	41.71	0.00	0.00
2388	99.50	2400	2400	0.76	9317	0	0	12	178	0	0	0.00	0.03	0.42	0.00	0.00	0.50	0.00	0.00	0.00	60	61	133.50	41.86	0.00	0.00
2397	99.87	2400	2400	0.76	9277	0	0	0	33	0	0	0.00	0.00	0.07	0.00	0.00	0.13	0.00	0.00	0.00	60	61	133.59	41.91	0.00	0.00
2396	99.84	2400	2400	0.79	9252	0	0	0	12	0	0	0.00	0.00	0.10	0.00	0.00	0.16	0.00	0.00	0.00	59	61	132.00	40.83	0.00	0.00
2392	99.64	2400	2401	0.79	9389	0	0	3	151	0	0	0.00	0.02	0.28	0.00	0.00	0.36	0.00	0.00	0.00	60	62	131.48	40.88	0.00	0.00
2398	99.93	2400	2399	0.76	9236	0	0	0	5	0	0	0.00	0.00	0.00	0.00	0.00	0.07	0.00	0.00	0.00	59	62	132.53	41.94	0.00	0.00
2398	99.87	2400	2401	0.79	9426	0	0	0	48	0	0	0.00	0.00	0.07	0.00	0.00	0.13	0.00	0.00	0.00	60	61	132.22	41.36	0.00	0.00
2398	99.91	2400	2400	0.78	5864	0	0	4	32	0	0	0.00	0.01	0.03	0.00	0.00	0.09	0.00	0.00	0.00	60	62	133.16	41.43	0.00	0.00
