Avg_MHz	Busy%	Bzy_MHz	TSC_MHz	IPC	IRQ	SMI	POLL	C1	C1E	C3	C6	POLL%	C1%	C1E%	C3%	C6%	CPU%c1	CPU%c3	CPU%c6	CPU%c7	CoreTmp	PkgTmp	PkgWatt	RAMWatt	PKG_%	RAM_%
1202	50.08	2400	2401	0.28	4670	0	0	11	648	0	0	0.00	1.38	48.57	0.00	0.00	49.92	0.00	0.00	0.00	55	56	114.56	45.33	0.00	0.00
1202	50.07	2400	2400	0.28	6571	0	0	5	665	0	0	0.00	0.05	49.89	0.00	0.00	49.93	0.00	0.00	0.00	54	56	114.43	45.34	0.00	0.00
1202	50.07	2400	2400	0.28	17389	0	0	10	634	0	0	0.00	0.10	49.84	0.00	0.00	49.93	0.00	0.00	0.00	55	56	114.52	45.20	0.00	0.00
1202	50.07	2400	2400	0.28	22110	0	0	1	694	0	0	0.00	0.00	49.93	0.00	0.00	49.93	0.00	0.00	0.00	55	57	114.34	44.99	0.00	0.00
1202	50.07	2400	2400	0.28	115557	0	0	4	647	0	0	0.00	2.61	47.34	0.00	0.00	49.93	0.00	0.00	0.00	55	57	113.65	44.66	0.00	0.00
1202	50.08	2400	2400	0.26	21612	0	0	4	724	0	0	0.00	0.09	49.84	0.00	0.00	49.92	0.00	0.00	0.00	55	57	113.45	44.49	0.00	0.00
1202	50.07	2400	2400	0.26	65103	0	0	6	688	0	0	0.00	0.07	49.87	0.00	0.00	49.93	0.00	0.00	0.00	54	57	113.37	44.15	0.00	0.00
1202	50.07	2400	2400	0.27	90177	0	0	6	697	0	0	0.00	0.05	49.88	0.00	0.00	49.93	0.00	0.00	0.00	55	57	112.33	43.77	0.00	0.00
1202	50.07	2400	2400	0.24	4490	0	0	1	657	0	0	0.00	0.00	49.94	0.00	0.00	49.93	0.00	0.00	0.00	56	57	111.91	43.96	0.00	0.00
1202	50.07	2400	2400	0.24	20581	0	0	0	656	0	0	0.00	0.00	49.94	0.00	0.00	49.93	0.00	0.00	0.00	55	57	111.70	43.87	0.00	0.00
1202	50.08	2400	2400	0.25	52752	0	0	4	684	0	0	0.00	0.05	49.88	0.00	0.00	49.92	0.00	0.00	0.00	55	57	112.02	43.86	0.00	0.00
1202	50.08	2400	2400	0.24	4708	0	0	4	836	0	0	0.00	2.17	47.75	0.00	0.00	49.92	0.00	0.00	0.00	54	57	111.43	43.92	0.00	0.00
1202	50.07	2400	2400	0.24	24178	0	0	1	681	0	0	0.00	0.00	49.93	0.00	0.00	49.93	0.00	0.00	0.00	53	57	111.31	43.72	0.00	0.00
1202	50.07	2400	2400	0.23	4538	0	0	5	680	0	0	0.00	0.05	49.89	0.00	0.00	49.93	0.00	0.00	0.00	54	58	111.08	43.80	0.00	0.00
1202	50.07	2400	2400	0.23	4445	0	0	0	620	0	0	0.00	0.00	49.94	0.00	0.00	49.93	0.00	0.00	0.00	54	56	111.21	43.82	0.00	0.00
1202	50.07	2400	2400	0.24	17806	0	0	10	670	0	0	0.00	1.41	48.53	0.00	0.00	49.93	0.00	0.00	0.00	55	57	111.18	43.84	0.00	0.00
1202	50.07	2400	2400	0.23	27253	0	0	1	734	0	0	0.00	0.01	49.92	0.00	0.00	49.93	0.00	0.00	0.00	53	56	111.05	43.67	0.00	0.00
1202	50.07	2400	2400	0.24	49683	0	0	0	673	0	0	0.00	0.00	49.94	0.00	0.00	49.93	0.00	0.00	0.00	54	57	110.93	43.54	0.00	0.00
1202	50.07	2400	2400	0.23	4543	0	0	5	713	0	0	0.00	0.05	49.88	0.00	0.00	49.93	0.00	0.00	0.00	55	57	110.68	43.66	0.00	0.00
1205	50.20	2400	2400	0.23	32656	0	0	22	942	0	0	0.00	6.60	43.21	0.00	0.00	49.80	0.00	0.00	0.00	54	57	110.72	43.55	0.00	0.00
1204	50.15	2400	2400	0.23	27354	0	0	4	745	0	0	0.00	0.03	49.83	0.00	0.00	49.85	0.00	0.00	0.00	54	58	110.69	43.51	0.00	0.00
1203	50.11	2400	2400	0.24	89941	0	0	63	978	0	0	0.00	0.19	49.70	0.00	0.00	49.89	0.00	0.00	0.00	54	58	110.71	43.33	0.00	0.00
1204	50.17	2400	2400	0.23	4527	0	0	7	694	0	0	0.00	5.71	44.12	0.00	0.00	49.83	0.00	0.00	0.00	54	57	110.20	43.46	0.00	0.00
1202	50.07	2400	2400	0.23	48274	0	0	5	720	0	0	0.00	0.05	49.88	0.00	0.00	49.93	0.00	0.00	0.00	54	57	110.24	43.32	0.00	0.00
1202	50.08	2400	2400	0.24	73483	0	0	5	730	0	0	0.00	0.32	49.61	0.00	0.00	49.92	0.00	0.00	0.00	54	57	110.24	43.19	0.00	0.00
1202	50.07	2400	2400	0.24	82612	0	0	4	691	0	0	0.00	0.05	49.89	0.00	0.00	49.93	0.00	0.00	0.00	54	57	110.31	43.24	0.00	0.00
1202	50.08	2400	2400	0.24	66968	0	0	8	755	0	0	0.00	0.23	49.69	0.00	0.00	49.92	0.00	0.00	0.00	54	58	110.26	43.43	0.00	0.00
1202	50.08	2400	2400	0.24	60967	0	0	1	704	0	0	0.00	0.00	49.93	0.00	0.00	49.92	0.00	0.00	0.00	54	57	110.10	43.33	0.00	0.00
1202	50.06	2400	2400	0.23	4475	0	0	0	634	0	0	0.00	0.00	49.94	0.00	0.00	49.94	0.00	0.00	0.00	54	57	110.03	43.57	0.00	0.00
1202	50.07	2400	2400	0.23	33950	0	0	2	658	0	0	0.00	0.00	49.93	0.00	0.00	49.93	0.00	0.00	0.00	53	57	110.14	43.49	0.00	0.00
1202	50.07	2400	2400	0.23	4619	0	0	0	614	0	0	0.00	0.00	49.93	0.00	0.00	49.93	0.00	0.00	0.00	54	57	110.06	43.56	0.00	0.00
1202	50.07	2400	2400	0.23	4540	0	0	6	663	0	0	0.00	0.27	49.67	0.00	0.00	49.93	0.00	0.00	0.00	53	57	110.01	43.37	0.00	0.00
1202	50.07	2400	2400	0.23	4438	0	0	8	608	0	0	0.00	0.00	49.94	0.00	0.00	49.93	0.00	0.00	0.00	54	58	110.14	43.56	0.00	0.00
1202	50.07	2400	2400	0.23	5272	0	0	4	635	0	0	0.00	0.04	49.90	0.00	0.00	49.93	0.00	0.00	0.00	54	56	110.06	43.54	0.00	0.00
1202	50.07	2400	2400	0.23	4420	0	0	4	596	0	0	0.00	0.84	49.10	0.00	0.00	49.93	0.00	0.00	0.00	53	56	110.06	43.42	0.00	0.00
1202	50.07	2400	2400	0.23	4534	0	0	0	682	0	0	0.00	0.00	49.94	0.00	0.00	49.93	0.00	0.00	0.00	53	57	109.88	43.29	0.00	0.00
1202	50.08	2400	2400	0.23	4558	0	0	0	731	0	0	0.00	0.00	49.93	0.00	0.00	49.92	0.00	0.00	0.00	54	57	110.05	43.35	0.00	0.00
1202	50.07	2400	2400	0.23	4586	0	0	0	716	0	0	0.00	0.00	49.93	0.00	0.00	49.93	0.00	0.00	0.00	54	57	110.05	43.53	0.00	0.00
1202	50.06	2400	2400	0.23	26751	0	0	0	662	0	0	0.00	0.00	49.94	0.00	0.00	49.94	0.00	0.00	0.00	54	58	110.11	43.37	0.00	0.00
1202	50.07	2400	2400	0.23	77065	0	0	0	728	0	0	0.00	0.00	49.94	0.00	0.00	49.93	0.00	0.00	0.00	54	58	110.27	43.29	0.00	0.00
1203	50.12	2400	2400	0.23	4714	0	0	2	902	0	0	0.00	0.14	49.75	0.00	0.00	49.88	0.00	0.00	0.00	54	57	110.09	43.53	0.00	0.00
1202	50.08	2400	2400	0.23	47602	0	0	10	752	0	0	0.00	0.07	49.86	0.00	0.00	49.92	0.00	0.00	0.00	54	57	110.05	43.52	0.00	0.00
1202	50.07	2400	2400	0.23	36462	0	0	5	656	0	0	0.00	0.05	49.89	0.00	0.00	49.93	0.00	0.00	0.00	53	57	110.18	43.24	0.00	0.00
1202	50.07	2400	2400	0.23	81839	0	0	0	635	0	0	0.00	0.00	49.93	0.00	0.00	49.93	0.00	0.00	0.00	54	57	110.24	43.41	0.00	0.00
1202	50.07	2400	2400	0.24	76742	0	0	4	616	0	0	0.00	0.00	49.94	0.00	0.00	49.93	0.00	0.00	0.00	54	57	110.21	43.45	0.00	0.00
1202	50.07	2400	2400	0.24	73694	0	0	0	638	0	0	0.00	0.00	49.94	0.00	0.00	49.93	0.00	0.00	0.00	54	57	110.23	43.34	0.00	0.00
1202	50.08	2400	2400	0.23	4495	0	0	0	663	0	0	0.00	0.00	49.93	0.00	0.00	49.92	0.00	0.00	0.00	54	57	110.11	43.38	0.00	0.00
1202	50.07	2400	2400	0.24	62934	0	0	5	654	0	0	0.00	0.58	49.35	0.00	0.00	49.93	0.00	0.00	0.00	54	57	110.35	43.30	0.00	0.00
1202	50.06	2400	2400	0.23	4373	0	0	1	543	0	0	0.00	0.00	49.95	0.00	0.00	49.94	0.00	0.00	0.00	55	56	110.15	43.53	0.00	0.00
1202	50.08	2400	2400	0.23	20374	0	0	4	630	0	0	0.00	0.05	49.88	0.00	0.00	49.92	0.00	0.00	0.00	55	57	110.27	43.53	0.00	0.00
1202	50.07	2400	2400	0.24	76618	0	0	0	667	0	0	0.00	0.00	49.94	0.00	0.00	49.93	0.00	0.00	0.00	55	57	110.32	43.45	0.00	0.00
1202	50.08	2400	2400	0.23	4551	0	0	4	697	0	0	0.00	0.05	49.88	0.00	0.00	49.92	0.00	0.00	0.00	54	58	110.23	43.53	0.00	0.00
1202	50.07	2400	2400	0.23	28111	0	0	0	619	0	0	0.00	0.00	49.94	0.00	0.00	49.93	0.00	0.00	0.00	54	56	110.12	43.58	0.00	0.00
1202	50.07	2400	2400	0.23	4468	0	0	1	611	0	0	0.00	0.76	49.17	0.00	0.00	49.93	0.00	0.00	0.00	54	57	110.16	43.60	0.00	0.00
1202	50.07	2400	2400	0.23	4498	0	0	7	661	0	0	0.00	1.25	48.68	0.00	0.00	49.93	0.00	0.00	0.00	55	58	110.15	43.54	0.00	0.00
1202	50.07	2400	2400	0.23	4493	0	0	2	640	0	0	0.00	0.68	49.26	0.00	0.00	49.93	0.00	0.00	0.00	54	57	110.15	43.65	0.00	0.00
1202	50.07	2400	2400	0.23	37726	0	0	2	643	0	0	0.00	0.02	49.91	0.00	0.00	49.93	0.00	0.00	0.00	53	58	110.21	43.46	0.00	0.00
1202	50.07	2400	2400	0.23	4438	0	0	1	571	0	0	0.00	0.77	49.16	0.00	0.00	49.93	0.00	0.00	0.00	54	57	110.09	43.51	0.00	0.00
1202	50.07	2400	2400	0.23	71883	0	0	7	629	0	0	0.00	0.08	49.86	0.00	0.00	49.93	0.00	0.00	0.00	54	57	110.27	43.42	0.00	0.00
1202	50.09	2400	2400	0.23	4643	0	0	4	708	0	0	0.00	0.05	49.87	0.00	0.00	49.91	0.00	0.00	0.00	54	57	109.99	43.58	0.00	0.00
1202	50.07	2400	2400	0.23	20132	0	0	0	699	0	0	0.00	0.00	49.94	0.00	0.00	49.93	0.00	0.00	0.00	54	57	110.16	43.43	0.00	0.00
1202	50.08	2400	2400	0.23	4618	0	0	5	750	0	0	0.00	1.32	48.60	0.00	0.00	49.92	0.00	0.00	0.00	54	58	110.18	43.50	0.00	0.00
1202	50.07	2400	2400	0.23	4468	0	0	4	647	0	0	0.00	0.30	49.64	0.00	0.00	49.93	0.00	0.00	0.00	55	57	110.22	43.66	0.00	0.00
1199	49.97	2400	2400	0.23	4525	0	0	6	613	0	0	0.00	0.05	49.98	0.00	0.00	50.03	0.00	0.00	0.00	55	56	110.09	43.11	0.00	0.00
1202	50.07	2400	2400	0.23	4504	0	0	8	643	0	0	0.00	1.48	48.45	0.00	0.00	49.93	0.00	0.00	0.00	55	57	110.18	43.56	0.00	0.00
1202	50.07	2400	2400	0.23	4467	0	0	0	620	0	0	0.00	0.00	49.94	0.00	0.00	49.93	0.00	0.00	0.00	54	57	110.17	43.74	0.00	0.00
1202	50.07	2400	2400	0.23	63081	0	0	0	673	0	0	0.00	0.00	49.93	0.00	0.00	49.93	0.00	0.00	0.00	54	57	110.31	43.65	0.00	0.00
1202	50.08	2400	2400	0.23	4582	0	0	7	686	0	0	0.00	0.23	49.70	0.00	0.00	49.92	0.00	0.00	0.00	54	59	110.17	43.40	0.00	0.00
1202	50.07	2400	2400	0.23	24159	0	0	5	594	0	0	0.00	0.05	49.89	0.00	0.00	49.93	0.00	0.00	0.00	54	57	110.34	43.63	0.00	0.00
1202	50.08	2400	2400	0.23	21655	0	0	0	634	0	0	0.00	0.00	49.92	0.00	0.00	49.92	0.00	0.00	0.00	54	57	110.29	43.47	0.00	0.00
1202	50.07	2400	2400	0.23	4456	0	0	4	614	0	0	0.00	0.29	49.64	0.00	0.00	49.93	0.00	0.00	0.00	54	57	110.28	43.61	0.00	0.00
1202	50.08	2400	2400	0.23	4776	0	0	0	669	0	0	0.00	0.00	49.92	0.00	0.00	49.92	0.00	0.00	0.00	54	59	110.14	43.79	0.00	0.00
1202	50.07	2400	2400	0.23	4707	0	0	0	597	0	0	0.00	0.00	49.94	0.00	0.00	49.93	0.00	0.00	0.00	54	57	110.20	43.47	0.00	0.00
1202	50.07	2400	2400	0.23	4545	0	0	0	661	0	0	0.00	0.00	49.93	0.00	0.00	49.93	0.00	0.00	0.00	54	58	110.09	43.50	0.00	0.00
1202	50.07	2400	2400	0.23	4450	0	0	0	601	0	0	0.00	0.00	49.94	0.00	0.00	49.93	0.00	0.00	0.00	55	57	110.25	43.44	0.00	0.00
1202	50.07	2400	2400	0.23	4488	0	0	0	621	0	0	0.00	0.00	49.94	0.00	0.00	49.93	0.00	0.00	0.00	54	57	110.29	43.59	0.00	0.00
1202	50.07	2400	2400	0.23	14727	0	0	0	673	0	0	0.00	0.00	49.93	0.00	0.00	49.93	0.00	0.00	0.00	54	57	110.29	43.45	0.00	0.00
1202	50.07	2400	2400	0.23	18592	0	0	4	641	0	0	0.00	0.05	49.88	0.00	0.00	49.93	0.00	0.00	0.00	55	58	110.14	43.46	0.00	0.00
1203	50.14	2400	2400	0.23	13797	0	0	12	615	0	0	0.00	0.15	49.72	0.00	0.00	49.86	0.00	0.00	0.00	54	58	110.18	43.59	0.00	0.00
1203	50.13	2400	2400	0.23	29405	0	0	44	858	0	0	0.00	0.26	49.61	0.00	0.00	49.87	0.00	0.00	0.00	54	57	110.39	43.46	0.00	0.00
1205	50.19	2400	2400	0.23	28791	0	0	60	846	0	0	0.00	14.13	35.69	0.00	0.00	49.81	0.00	0.00	0.00	55	57	110.21	43.57	0.00	0.00
1183	50.07	2400	2363	0.23	4483	0	0	4	647	0	0	0.00	0.01	49.14	0.00	0.00	49.93	0.00	0.00	0.00	54	56	108.12	42.78	0.00	0.00
1189	50.07	2400	2375	0.23	49603	0	0	0	623	0	0	0.00	0.00	49.43	0.00	0.00	49.93	0.00	0.00	0.00	54	57	108.40	42.58	0.00	0.00
1202	50.08	2400	2400	0.23	4742	0	0	10	678	0	0	0.00	0.68	49.25	0.00	0.00	49.92	0.00	0.00	0.00	54	58	110.24	43.43	0.00	0.00
1202	50.07	2400	2400	0.23	4716	0	0	5	654	0	0	0.00	0.01	49.92	0.00	0.00	49.93	0.00	0.00	0.00	53	56	110.20	43.33	0.00	0.00
1202	50.07	2400	2400	0.23	4710	0	0	9	677	0	0	0.00	1.48	48.45	0.00	0.00	49.93	0.00	0.00	0.00	54	58	110.27	43.26	0.00	0.00
1202	50.07	2400	2400	0.23	26683	0	0	0	698	0	0	0.00	0.00	49.93	0.00	0.00	49.93	0.00	0.00	0.00	55	57	110.30	43.47	0.00	0.00
1202	50.07	2400	2400	0.23	4638	0	0	0	601	0	0	0.00	0.00	49.94	0.00	0.00	49.93	0.00	0.00	0.00	54	58	110.20	43.36	0.00	0.00
1202	50.07	2400	2400	0.23	4627	0	0	8	601	0	0	0.00	0.56	49.38	0.00	0.00	49.93	0.00	0.00	0.00	54	57	110.18	43.33	0.00	0.00
1204	50.07	2400	2404	0.23	48958	0	0	0	638	0	0	0.00	0.00	50.01	0.00	0.00	49.93	0.00	0.00	0.00	55	57	110.54	43.60	0.00	0.00
1200	50.07	2400	2396	0.23	24778	0	0	4	612	0	0	0.00	0.07	49.79	0.00	0.00	49.93	0.00	0.00	0.00	55	57	110.14	43.28	0.00	0.00
1202	50.07	2400	2400	0.23	4681	0	0	4	681	0	0	0.00	0.07	49.87	0.00	0.00	49.93	0.00	0.00	0.00	54	58	110.25	43.42	0.00	0.00
1202	50.07	2400	2400	0.23	43943	0	0	4	684	0	0	0.00	1.09	48.85	0.00	0.00	49.93	0.00	0.00	0.00	54	58	110.34	43.13	0.00	0.00
1202	50.07	2400	2400	0.23	27292	0	0	8	645	0	0	0.00	0.06	49.88	0.00	0.00	49.93	0.00	0.00	0.00	54	57	110.35	43.25	0.00	0.00
1202	50.07	2400	2400	0.22	4724	0	0	0	668	0	0	0.00	0.00	49.93	0.00	0.00	49.93	0.00	0.00	0.00	54	58	110.21	43.39	0.00	0.00
1202	50.06	2400	2400	0.23	23969	0	0	0	617	0	0	0.00	0.00	49.94	0.00	0.00	49.94	0.00	0.00	0.00	54	57	110.35	43.21	0.00	0.00
1202	50.07	2400	2400	0.23	23921	0	0	8	705	0	0	0.00	0.12	49.81	0.00	0.00	49.93	0.00	0.00	0.00	55	57	110.41	43.36	0.00	0.00
1202	50.07	2400	2400	0.23	27142	0	0	7	678	0	0	0.00	0.61	49.32	0.00	0.00	49.93	0.00	0.00	0.00	54	57	110.35	43.45	0.00	0.00
1202	50.08	2400	2400	0.23	24008	0	0	5	649	0	0	0.00	0.06	49.87	0.00	0.00	49.92	0.00	0.00	0.00	55	57	110.38	43.34	0.00	0.00
1202	50.07	2400	2400	0.23	49190	0	0	4	660	0	0	0.00	1.36	48.58	0.00	0.00	49.93	0.00	0.00	0.00	55	57	110.48	43.34	0.00	0.00
1202	50.06	2400	2400	0.22	4749	0	0	10	689	0	0	0.00	1.35	48.59	0.00	0.00	49.94	0.00	0.00	0.00	56	57	110.26	43.50	0.00	0.00
1202	50.08	2400	2400	0.22	4744	0	0	4	711	0	0	0.00	0.57	49.35	0.00	0.00	49.92	0.00	0.00	0.00	55	58	110.23	43.31	0.00	0.00
1202	50.07	2400	2400	0.22	4666	0	0	4	636	0	0	0.00	0.05	49.89	0.00	0.00	49.93	0.00	0.00	0.00	54	58	110.10	43.39	0.00	0.00
1202	50.07	2400	2400	0.23	48100	0	0	4	665	0	0	0.00	0.06	49.88	0.00	0.00	49.93	0.00	0.00	0.00	55	58	110.43	43.42	0.00	0.00
1203	50.06	2400	2403	0.23	4634	0	0	0	600	0	0	0.00	0.00	50.01	0.00	0.00	49.94	0.00	0.00	0.00	54	57	110.36	43.57	0.00	0.00
1200	50.08	2400	2396	0.23	3964	0	0	5	620	0	0	0.00	0.16	49.69	0.00	0.00	49.92	0.00	0.00	0.00	55	58	109.86	43.41	0.00	0.00
