Avg_MHz	Busy%	Bzy_MHz	TSC_MHz	IPC	IRQ	SMI	POLL	C1	C1E	C3	C6	POLL%	C1%	C1E%	C3%	C6%	CPU%c1	CPU%c3	CPU%c6	CPU%c7	CoreTmp	PkgTmp	PkgWatt	RAMWatt	PKG_%	RAM_%
76	3.17	2396	2398	0.80	693	0	0	44	426	0	0	0.00	3.17	93.59	0.00	0.00	96.83	0.00	0.00	0.00	48	51	66.32	34.64	0.00	0.00
76	3.16	2397	2403	0.79	654	0	0	40	411	0	0	0.00	3.13	93.81	0.00	0.00	96.84	0.00	0.00	0.00	47	52	66.86	34.67	0.00	0.00
76	3.17	2397	2400	0.79	665	0	0	40	424	0	0	0.00	3.12	93.71	0.00	0.00	96.83	0.00	0.00	0.00	47	52	66.32	34.60	0.00	0.00
76	3.16	2398	2400	0.79	623	0	0	44	390	0	0	0.00	5.73	91.10	0.00	0.00	96.84	0.00	0.00	0.00	47	51	68.95	34.60	0.00	0.00
76	3.17	2396	2400	0.79	666	0	0	30	432	0	0	0.00	3.12	93.71	0.00	0.00	96.83	0.00	0.00	0.00	47	51	66.43	34.50	0.00	0.00
76	3.16	2397	2400	0.80	631	0	0	34	402	0	0	0.00	3.61	93.23	0.00	0.00	96.84	0.00	0.00	0.00	48	51	67.24	34.66	0.00	0.00
76	3.19	2397	2400	0.80	690	0	0	45	460	0	0	0.00	5.15	91.66	0.00	0.00	96.81	0.00	0.00	0.00	47	51	67.41	34.60	0.00	0.00
76	3.16	2398	2400	0.79	672	0	0	40	437	0	0	0.00	3.15	93.68	0.00	0.00	96.84	0.00	0.00	0.00	47	53	66.42	34.74	0.00	0.00
76	3.17	2396	2400	0.80	670	0	0	34	433	0	0	0.00	3.12	93.72	0.00	0.00	96.83	0.00	0.00	0.00	48	52	66.37	34.57	0.00	0.00
76	3.17	2397	2400	0.80	640	0	0	35	405	0	0	0.00	3.88	92.94	0.00	0.00	96.83	0.00	0.00	0.00	47	53	66.35	34.62	0.00	0.00
76	3.17	2397	2400	0.79	665	0	0	46	419	0	0	0.00	4.23	92.61	0.00	0.00	96.83	0.00	0.00	0.00	47	50	66.58	34.53	0.00	0.00
76	3.17	2397	2400	0.79	658	0	0	35	431	0	0	0.00	3.14	93.71	0.00	0.00	96.83	0.00	0.00	0.00	47	51	66.35	34.57	0.00	0.00
76	3.17	2396	2400	0.80	683	0	0	33	445	0	0	0.00	3.12	93.70	0.00	0.00	96.83	0.00	0.00	0.00	46	52	66.35	34.57	0.00	0.00
76	3.16	2397	2400	0.79	589	0	0	38	354	0	0	0.00	5.28	91.56	0.00	0.00	96.84	0.00	0.00	0.00	47	51	66.32	34.73	0.00	0.00
76	3.16	2397	2400	0.80	637	0	0	37	400	0	0	0.00	3.14	93.69	0.00	0.00	96.84	0.00	0.00	0.00	48	51	66.34	34.72	0.00	0.00
76	3.16	2397	2400	0.80	649	0	0	39	412	0	0	0.00	3.12	93.72	0.00	0.00	96.84	0.00	0.00	0.00	47	52	66.37	34.67	0.00	0.00
76	3.17	2396	2400	0.79	727	0	0	35	496	0	0	0.00	3.12	93.70	0.00	0.00	96.83	0.00	0.00	0.00	47	52	66.28	34.63	0.00	0.00
76	3.16	2397	2400	0.79	658	0	0	38	427	0	0	0.00	3.12	93.72	0.00	0.00	96.84	0.00	0.00	0.00	47	50	66.36	34.75	0.00	0.00
76	3.18	2396	2400	0.79	690	0	0	59	445	0	0	0.00	3.77	93.05	0.00	0.00	96.82	0.00	0.00	0.00	46	51	66.31	34.48	0.00	0.00
76	3.17	2397	2400	0.79	627	0	0	41	385	0	0	0.00	3.12	93.71	0.00	0.00	96.83	0.00	0.00	0.00	47	51	66.35	34.53	0.00	0.00
76	3.17	2397	2400	0.80	667	0	0	38	427	0	0	0.00	3.98	92.87	0.00	0.00	96.83	0.00	0.00	0.00	46	52	67.99	34.38	0.00	0.00
76	3.16	2398	2400	0.80	647	0	0	36	422	0	0	0.00	3.14	93.69	0.00	0.00	96.84	0.00	0.00	0.00	47	51	66.35	34.56	0.00	0.00
76	3.17	2396	2400	0.80	688	0	0	36	453	0	0	0.00	3.12	93.71	0.00	0.00	96.83	0.00	0.00	0.00	47	52	66.32	34.52	0.00	0.00
76	3.16	2397	2400	0.79	639	0	0	41	409	0	0	0.00	4.59	92.27	0.00	0.00	96.84	0.00	0.00	0.00	47	52	66.33	34.62	0.00	0.00
76	3.17	2396	2400	0.79	675	0	0	39	438	0	0	0.00	3.13	93.70	0.00	0.00	96.83	0.00	0.00	0.00	47	52	66.33	34.61	0.00	0.00
76	3.16	2397	2400	0.79	599	0	0	32	362	0	0	0.00	3.12	93.72	0.00	0.00	96.84	0.00	0.00	0.00	47	52	66.31	34.81	0.00	0.00
76	3.17	2397	2400	0.79	695	0	0	37	468	0	0	0.00	3.12	93.71	0.00	0.00	96.83	0.00	0.00	0.00	46	52	66.33	34.63	0.00	0.00
76	3.16	2398	2400	0.80	614	0	0	31	384	0	0	0.00	3.12	93.72	0.00	0.00	96.84	0.00	0.00	0.00	47	50	66.32	34.79	0.00	0.00
77	3.22	2397	2400	0.81	937	0	0	156	590	0	0	0.00	23.84	72.94	0.00	0.00	96.78	0.00	0.00	0.00	47	52	69.32	34.61	0.00	0.00
76	3.17	2397	2400	0.80	656	0	0	46	422	0	0	0.00	3.22	93.62	0.00	0.00	96.83	0.00	0.00	0.00	47	52	66.39	34.46	0.00	0.00
76	3.17	2396	2400	0.79	736	0	0	49	475	0	0	0.00	3.17	93.65	0.00	0.00	96.83	0.00	0.00	0.00	47	52	66.34	34.63	0.00	0.00
76	3.17	2397	2400	0.79	660	0	0	41	440	0	0	0.00	3.14	93.71	0.00	0.00	96.83	0.00	0.00	0.00	46	52	66.36	34.66	0.00	0.00
79	3.29	2395	2400	0.81	951	0	0	58	717	0	0	0.00	7.67	89.03	0.00	0.00	96.71	0.00	0.00	0.00	47	52	70.54	34.64	0.00	0.00
76	3.17	2397	2400	0.79	696	0	0	40	461	0	0	0.00	3.57	93.26	0.00	0.00	96.83	0.00	0.00	0.00	46	52	67.32	34.65	0.00	0.00
76	3.18	2396	2400	0.80	692	0	0	41	456	0	0	0.00	3.30	93.55	0.00	0.00	96.82	0.00	0.00	0.00	46	51	66.34	34.64	0.00	0.00
76	3.16	2397	2400	0.80	641	0	0	35	420	0	0	0.00	4.35	92.48	0.00	0.00	96.84	0.00	0.00	0.00	47	52	68.72	34.72	0.00	0.00
76	3.17	2397	2400	0.80	712	0	0	39	482	0	0	0.00	3.16	93.67	0.00	0.00	96.83	0.00	0.00	0.00	46	50	66.38	34.64	0.00	0.00
76	3.16	2397	2400	0.79	580	0	0	33	351	0	0	0.00	3.12	93.73	0.00	0.00	96.84	0.00	0.00	0.00	46	52	66.32	34.62	0.00	0.00
76	3.16	2396	2400	0.79	660	0	0	41	424	0	0	0.00	3.12	93.71	0.00	0.00	96.84	0.00	0.00	0.00	46	51	66.30	34.61	0.00	0.00
76	3.17	2397	2400	0.80	654	0	0	41	416	0	0	0.00	3.17	93.68	0.00	0.00	96.83	0.00	0.00	0.00	47	52	66.36	34.64	0.00	0.00
76	3.17	2396	2400	0.79	719	0	0	39	479	0	0	0.00	3.12	93.70	0.00	0.00	96.83	0.00	0.00	0.00	48	51	66.31	34.73	0.00	0.00
76	3.16	2397	2400	0.80	595	0	0	35	368	0	0	0.00	3.12	93.72	0.00	0.00	96.84	0.00	0.00	0.00	46	52	66.32	34.61	0.00	0.00
76	3.16	2396	2400	0.80	640	0	0	34	408	0	0	0.00	3.12	93.71	0.00	0.00	96.84	0.00	0.00	0.00	47	52	66.33	34.55	0.00	0.00
76	3.16	2397	2400	0.80	650	0	0	51	407	0	0	0.00	4.23	92.61	0.00	0.00	96.84	0.00	0.00	0.00	47	52	66.35	34.55	0.00	0.00
76	3.17	2395	2400	0.79	737	0	0	37	492	0	0	0.00	3.41	93.44	0.00	0.00	96.83	0.00	0.00	0.00	46	50	66.32	34.51	0.00	0.00
76	3.16	2397	2400	0.79	680	0	0	39	433	0	0	0.00	3.12	93.71	0.00	0.00	96.84	0.00	0.00	0.00	47	52	66.30	34.70	0.00	0.00
76	3.17	2397	2400	0.79	661	0	0	45	424	0	0	0.00	3.99	92.85	0.00	0.00	96.83	0.00	0.00	0.00	47	50	66.30	34.60	0.00	0.00
76	3.16	2397	2400	0.79	650	0	0	38	407	0	0	0.00	3.13	93.70	0.00	0.00	96.84	0.00	0.00	0.00	47	52	66.31	34.77	0.00	0.00
76	3.16	2398	2400	0.80	717	0	0	42	471	0	0	0.00	6.15	90.70	0.00	0.00	96.84	0.00	0.00	0.00	47	52	72.25	34.61	0.00	0.00
76	3.16	2397	2400	0.80	636	0	0	32	394	0	0	0.00	3.13	93.69	0.00	0.00	96.84	0.00	0.00	0.00	47	52	66.32	34.68	0.00	0.00
76	3.16	2397	2400	0.80	655	0	0	36	418	0	0	0.00	4.72	92.13	0.00	0.00	96.84	0.00	0.00	0.00	47	51	69.45	34.69	0.00	0.00
76	3.16	2398	2400	0.78	690	0	0	37	466	0	0	0.00	4.78	92.05	0.00	0.00	96.84	0.00	0.00	0.00	48	51	69.54	34.61	0.00	0.00
76	3.17	2397	2400	0.79	705	0	0	40	463	0	0	0.00	3.16	93.68	0.00	0.00	96.83	0.00	0.00	0.00	46	51	66.37	34.68	0.00	0.00
76	3.16	2397	2400	0.80	611	0	0	36	375	0	0	0.00	3.12	93.72	0.00	0.00	96.84	0.00	0.00	0.00	47	51	66.30	34.50	0.00	0.00
76	3.16	2396	2400	0.79	651	0	0	37	408	0	0	0.00	3.12	93.72	0.00	0.00	96.84	0.00	0.00	0.00	46	51	66.34	34.71	0.00	0.00
76	3.16	2397	2400	0.80	627	0	0	39	386	0	0	0.00	3.12	93.72	0.00	0.00	96.84	0.00	0.00	0.00	46	51	67.21	34.60	0.00	0.00
76	3.17	2397	2400	0.80	720	0	0	34	485	0	0	0.00	3.12	93.70	0.00	0.00	96.83	0.00	0.00	0.00	48	52	66.33	34.63	0.00	0.00
76	3.16	2398	2400	0.79	607	0	0	36	368	0	0	0.00	3.12	93.72	0.00	0.00	96.84	0.00	0.00	0.00	46	52	66.30	34.74	0.00	0.00
76	3.16	2397	2400	0.80	672	0	0	37	432	0	0	0.00	3.12	93.71	0.00	0.00	96.84	0.00	0.00	0.00	46	51	66.33	34.47	0.00	0.00
76	3.17	2396	2400	0.80	646	0	0	32	408	0	0	0.00	3.12	93.73	0.00	0.00	96.83	0.00	0.00	0.00	46	51	66.32	34.66	0.00	0.00
76	3.17	2396	2400	0.79	694	0	0	36	451	0	0	0.00	3.12	93.71	0.00	0.00	96.83	0.00	0.00	0.00	47	51	66.33	34.68	0.00	0.00
76	3.16	2397	2400	0.79	653	0	0	36	421	0	0	0.00	3.12	93.70	0.00	0.00	96.84	0.00	0.00	0.00	47	51	66.28	34.51	0.00	0.00
76	3.17	2395	2400	0.80	743	0	0	40	500	0	0	0.00	3.12	93.72	0.00	0.00	96.83	0.00	0.00	0.00	47	51	66.35	34.57	0.00	0.00
76	3.16	2397	2400	0.79	664	0	0	35	428	0	0	0.00	3.12	93.72	0.00	0.00	96.84	0.00	0.00	0.00	46	52	66.27	34.52	0.00	0.00
76	3.16	2397	2400	0.80	691	0	0	33	453	0	0	0.00	3.12	93.71	0.00	0.00	96.84	0.00	0.00	0.00	46	52	66.32	34.46	0.00	0.00
76	3.16	2397	2400	0.80	681	0	0	42	438	0	0	0.00	5.54	91.30	0.00	0.00	96.84	0.00	0.00	0.00	46	52	70.17	34.65	0.00	0.00
76	3.16	2398	2400	0.79	651	0	0	40	429	0	0	0.00	5.14	91.70	0.00	0.00	96.84	0.00	0.00	0.00	46	52	70.23	34.75	0.00	0.00
76	3.16	2397	2400	0.79	652	0	0	40	411	0	0	0.00	3.16	93.68	0.00	0.00	96.84	0.00	0.00	0.00	46	50	66.38	34.54	0.00	0.00
76	3.17	2396	2400	0.79	658	0	0	36	435	0	0	0.00	3.12	93.73	0.00	0.00	96.83	0.00	0.00	0.00	46	51	66.31	34.57	0.00	0.00
76	3.17	2396	2400	0.79	671	0	0	37	424	0	0	0.00	3.12	93.71	0.00	0.00	96.83	0.00	0.00	0.00	46	52	66.31	34.74	0.00	0.00
76	3.16	2397	2400	0.80	621	0	0	36	396	0	0	0.00	3.12	93.71	0.00	0.00	96.84	0.00	0.00	0.00	47	51	66.33	34.60	0.00	0.00
76	3.16	2396	2400	0.80	678	0	0	35	431	0	0	0.00	3.12	93.73	0.00	0.00	96.84	0.00	0.00	0.00	46	52	66.31	34.63	0.00	0.00
76	3.17	2396	2400	0.80	702	0	0	32	484	0	0	0.00	3.12	93.71	0.00	0.00	96.83	0.00	0.00	0.00	46	51	66.32	34.53	0.00	0.00
76	3.16	2397	2400	0.79	685	0	0	36	442	0	0	0.00	3.12	93.71	0.00	0.00	96.84	0.00	0.00	0.00	46	52	66.29	34.72	0.00	0.00
76	3.16	2396	2400	0.79	604	0	0	34	376	0	0	0.00	3.12	93.73	0.00	0.00	96.84	0.00	0.00	0.00	46	50	67.43	34.66	0.00	0.00
76	3.16	2397	2400	0.79	652	0	0	43	401	0	0	0.00	3.82	93.02	0.00	0.00	96.84	0.00	0.00	0.00	46	50	66.30	34.64	0.00	0.00
76	3.16	2397	2400	0.79	628	0	0	41	392	0	0	0.00	3.12	93.71	0.00	0.00	96.84	0.00	0.00	0.00	46	51	66.29	34.67	0.00	0.00
76	3.16	2397	2400	0.80	650	0	0	37	414	0	0	0.00	3.35	93.49	0.00	0.00	96.84	0.00	0.00	0.00	46	51	66.30	34.73	0.00	0.00
76	3.17	2396	2400	0.80	792	0	0	43	560	0	0	0.00	3.15	93.69	0.00	0.00	96.83	0.00	0.00	0.00	47	51	66.33	34.75	0.00	0.00
76	3.17	2397	2400	0.80	699	0	0	33	460	0	0	0.00	3.12	93.70	0.00	0.00	96.83	0.00	0.00	0.00	47	51	66.31	34.59	0.00	0.00
76	3.16	2397	2400	0.79	671	0	0	37	446	0	0	0.00	5.47	91.39	0.00	0.00	96.84	0.00	0.00	0.00	47	51	70.89	34.51	0.00	0.00
76	3.16	2398	2400	0.79	667	0	0	37	424	0	0	0.00	3.13	93.69	0.00	0.00	96.84	0.00	0.00	0.00	46	51	66.27	34.50	0.00	0.00
76	3.16	2396	2401	0.79	657	0	0	37	440	0	0	0.00	3.12	93.73	0.00	0.00	96.84	0.00	0.00	0.00	46	50	66.35	34.49	0.00	0.00
76	3.17	2397	2400	0.79	828	0	0	135	481	0	0	0.00	12.79	84.04	0.00	0.00	96.83	0.00	0.00	0.00	46	51	66.84	34.66	0.00	0.00
76	3.16	2397	2400	0.80	683	0	0	76	413	0	0	0.00	3.50	93.34	0.00	0.00	96.84	0.00	0.00	0.00	47	50	66.36	34.67	0.00	0.00
76	3.16	2397	2400	0.80	660	0	0	38	407	0	0	0.00	4.07	92.77	0.00	0.00	96.84	0.00	0.00	0.00	46	52	66.84	34.55	0.00	0.00
76	3.16	2396	2400	0.80	630	0	0	34	407	0	0	0.00	3.12	93.73	0.00	0.00	96.84	0.00	0.00	0.00	47	52	66.30	34.75	0.00	0.00
76	3.17	2397	2400	0.80	700	0	0	48	461	0	0	0.00	3.61	93.22	0.00	0.00	96.83	0.00	0.00	0.00	47	51	66.30	34.45	0.00	0.00
77	3.21	2397	2400	0.79	896	0	0	151	575	0	0	0.00	28.79	67.99	0.00	0.00	96.79	0.00	0.00	0.00	47	52	69.44	34.71	0.00	0.00
77	3.22	2395	2400	0.81	911	0	0	48	683	0	0	0.00	3.17	93.61	0.00	0.00	96.78	0.00	0.00	0.00	46	51	66.44	34.57	0.00	0.00
76	3.16	2396	2400	0.79	633	0	0	34	406	0	0	0.00	3.12	93.73	0.00	0.00	96.84	0.00	0.00	0.00	46	51	66.35	34.67	0.00	0.00
76	3.16	2396	2400	0.80	658	0	0	33	415	0	0	0.00	3.12	93.70	0.00	0.00	96.84	0.00	0.00	0.00	47	51	66.26	34.69	0.00	0.00
76	3.17	2396	2400	0.80	716	0	0	34	502	0	0	0.00	3.12	93.72	0.00	0.00	96.83	0.00	0.00	0.00	46	50	66.37	34.62	0.00	0.00
76	3.17	2397	2400	0.80	713	0	0	44	453	0	0	0.00	3.77	93.06	0.00	0.00	96.83	0.00	0.00	0.00	46	51	66.26	34.57	0.00	0.00
76	3.16	2397	2400	0.79	616	0	0	33	391	0	0	0.00	3.12	93.72	0.00	0.00	96.84	0.00	0.00	0.00	46	51	66.33	34.64	0.00	0.00
76	3.17	2398	2400	0.79	672	0	0	38	431	0	0	0.00	6.77	90.06	0.00	0.00	96.83	0.00	0.00	0.00	46	52	71.57	34.72	0.00	0.00
76	3.16	2398	2400	0.79	736	0	0	36	509	0	0	0.00	5.87	90.97	0.00	0.00	96.84	0.00	0.00	0.00	47	51	71.70	34.64	0.00	0.00
76	3.16	2398	2400	0.79	681	0	0	33	443	0	0	0.00	3.14	93.69	0.00	0.00	96.84	0.00	0.00	0.00	46	52	66.36	34.70	0.00	0.00
76	3.16	2397	2400	0.80	632	0	0	39	409	0	0	0.00	3.12	93.71	0.00	0.00	96.84	0.00	0.00	0.00	46	52	66.31	34.69	0.00	0.00
76	3.17	2396	2400	0.80	673	0	0	36	434	0	0	0.00	3.77	93.08	0.00	0.00	96.83	0.00	0.00	0.00	47	52	66.37	34.58	0.00	0.00
76	3.16	2397	2400	0.80	671	0	0	34	442	0	0	0.00	3.12	93.70	0.00	0.00	96.84	0.00	0.00	0.00	46	51	66.31	34.60	0.00	0.00
76	3.16	2397	2400	0.79	674	0	0	43	437	0	0	0.00	3.12	93.72	0.00	0.00	96.84	0.00	0.00	0.00	47	51	66.29	34.67	0.00	0.00
76	3.16	2396	2400	0.79	638	0	0	36	415	0	0	0.00	3.12	93.72	0.00	0.00	96.84	0.00	0.00	0.00	46	50	66.28	34.60	0.00	0.00
76	3.16	2397	2400	0.79	707	0	0	34	465	0	0	0.00	3.12	93.72	0.00	0.00	96.84	0.00	0.00	0.00	46	51	66.32	34.60	0.00	0.00
76	3.16	2396	2400	0.79	670	0	0	33	439	0	0	0.00	3.12	93.71	0.00	0.00	96.84	0.00	0.00	0.00	46	52	66.29	34.63	0.00	0.00
76	3.16	2396	2400	0.80	633	0	0	36	388	0	0	0.00	3.94	92.92	0.00	0.00	96.84	0.00	0.00	0.00	46	51	66.35	34.68	0.00	0.00
76	3.16	2397	2400	0.80	656	0	0	41	422	0	0	0.00	3.77	93.05	0.00	0.00	96.84	0.00	0.00	0.00	47	52	66.26	34.73	0.00	0.00
76	3.16	2398	2400	0.79	663	0	0	38	419	0	0	0.00	3.12	93.71	0.00	0.00	96.84	0.00	0.00	0.00	47	51	67.53	34.64	0.00	0.00
76	3.17	2396	2400	0.80	672	0	0	39	446	0	0	0.00	3.17	93.67	0.00	0.00	96.83	0.00	0.00	0.00	46	51	66.36	34.72	0.00	0.00
76	3.17	2396	2400	0.80	635	0	0	35	392	0	0	0.00	3.12	93.73	0.00	0.00	96.83	0.00	0.00	0.00	47	52	66.29	34.74	0.00	0.00
76	3.17	2397	2400	0.79	661	0	0	44	440	0	0	0.00	4.31	92.51	0.00	0.00	96.83	0.00	0.00	0.00	46	51	66.40	34.52	0.00	0.00
76	3.16	2398	2400	0.79	627	0	0	37	384	0	0	0.00	3.16	93.66	0.00	0.00	96.84	0.00	0.00	0.00	46	51	66.37	34.68	0.00	0.00
76	3.17	2396	2400	0.80	698	0	0	34	476	0	0	0.00	4.00	92.85	0.00	0.00	96.83	0.00	0.00	0.00	46	51	66.31	34.58	0.00	0.00
76	3.16	2397	2400	0.79	653	0	0	33	418	0	0	0.00	3.13	93.69	0.00	0.00	96.84	0.00	0.00	0.00	47	50	66.27	34.58	0.00	0.00
76	3.16	2396	2400	0.80	651	0	0	37	419	0	0	0.00	3.12	93.73	0.00	0.00	96.84	0.00	0.00	0.00	46	52	66.32	34.55	0.00	0.00
76	3.16	2397	2399	0.80	639	0	0	39	399	0	0	0.00	3.46	93.35	0.00	0.00	96.84	0.00	0.00	0.00	46	52	66.27	34.57	0.00	0.00
91	3.79	2396	2400	0.94	1211	0	0	146	1016	0	0	0.00	5.02	91.19	0.00	0.00	96.21	0.00	0.00	0.00	46	50	69.62	34.63	0.00	0.00
76	3.17	2397	2401	0.79	745	0	0	42	497	0	0	0.00	3.16	93.70	0.00	0.00	96.83	0.00	0.00	0.00	46	52	66.35	34.73	0.00	0.00
76	3.17	2397	2400	0.79	624	0	0	42	394	0	0	0.00	3.99	92.83	0.00	0.00	96.83	0.00	0.00	0.00	46	51	66.31	34.70	0.00	0.00
76	3.17	2397	2397	0.79	662	0	0	37	409	0	0	0.00	3.11	93.60	0.00	0.00	96.83	0.00	0.00	0.00	46	52	66.16	34.51	0.00	0.00
76	3.16	2396	2403	0.80	698	0	0	38	464	0	0	0.00	3.14	93.83	0.00	0.00	96.84	0.00	0.00	0.00	47	50	66.46	34.65	0.00	0.00
76	3.17	2396	2400	0.80	688	0	0	38	446	0	0	0.00	3.52	93.31	0.00	0.00	96.83	0.00	0.00	0.00	47	51	66.31	34.54	0.00	0.00
76	3.17	2397	2400	0.80	663	0	0	39	436	0	0	0.00	3.30	93.54	0.00	0.00	96.83	0.00	0.00	0.00	46	51	66.30	34.65	0.00	0.00
76	3.16	2397	2400	0.79	687	0	0	37	437	0	0	0.00	3.12	93.72	0.00	0.00	96.84	0.00	0.00	0.00	46	50	66.30	34.65	0.00	0.00
76	3.16	2396	2400	0.80	658	0	0	37	427	0	0	0.00	3.12	93.71	0.00	0.00	96.84	0.00	0.00	0.00	47	51	66.27	34.52	0.00	0.00
76	3.19	2396	2400	0.79	671	0	0	46	436	0	0	0.00	7.02	89.81	0.00	0.00	96.81	0.00	0.00	0.00	46	52	67.79	34.69	0.00	0.00
76	3.17	2397	2400	0.79	649	0	0	42	408	0	0	0.00	3.16	93.67	0.00	0.00	96.83	0.00	0.00	0.00	46	51	66.30	34.60	0.00	0.00
76	3.17	2397	2400	0.80	700	0	0	36	464	0	0	0.00	3.44	93.40	0.00	0.00	96.83	0.00	0.00	0.00	46	51	66.93	34.51	0.00	0.00
76	3.18	2397	2400	0.81	553	0	0	30	432	0	0	0.00	3.18	93.63	0.00	0.00	96.82	0.00	0.00	0.00	46	51	66.42	34.54	0.00	0.00
