Avg_MHz	Busy%	Bzy_MHz	TSC_MHz	IPC	IRQ	SMI	POLL	C1	C1E	C3	C6	POLL%	C1%	C1E%	C3%	C6%	CPU%c1	CPU%c3	CPU%c6	CPU%c7	CoreTmp	PkgTmp	PkgWatt	RAMWatt	PKG_%	RAM_%
911	37.91	2400	2402	0.19	57923	0	0	345	652	0	0	0.00	4.17	57.98	0.00	0.00	62.09	0.00	0.00	0.00	54	57	89.05	36.65	0.00	0.00
898	37.40	2400	2400	0.27	31824	0	0	103	715	0	0	0.00	0.97	61.65	0.00	0.00	62.60	0.00	0.00	0.00	54	57	92.26	37.97	0.00	0.00
824	34.29	2400	2402	0.33	41415	0	0	136	642	0	0	0.00	2.35	63.41	0.00	0.00	65.71	0.00	0.00	0.00	55	56	94.85	38.17	0.00	0.00
1428	59.61	2400	2395	0.43	190837	0	0	247	1930	0	0	0.00	1.84	38.48	0.00	0.00	40.39	0.00	0.00	0.00	57	57	112.16	42.03	0.00	0.00
2400	100.00	2400	2400	0.26	16770	0	0	0	0	0	0	0.00	0.00	0.00	0.00	0.00	0.00	0.00	0.00	0.00	57	57	130.12	45.10	0.00	0.00
2399	99.97	2400	2400	0.25	10065	0	0	0	3	0	0	0.00	0.00	0.03	0.00	0.00	0.03	0.00	0.00	0.00	57	58	130.15	45.07	0.00	0.00
2378	98.92	2400	2404	0.31	11475	0	0	2	38	0	0	0.00	0.02	1.06	0.00	0.00	1.08	0.00	0.00	0.00	57	57	128.46	44.07	0.00	0.00
1257	52.37	2400	2400	0.44	10813	0	0	218	532	0	0	0.00	4.15	43.50	0.00	0.00	47.63	0.00	0.00	0.00	58	58	117.19	42.28	0.00	0.00
1037	43.15	2400	2403	0.54	4335	0	0	7	729	0	0	0.00	0.65	56.27	0.00	0.00	56.85	0.00	0.00	0.00	55	56	114.54	40.80	0.00	0.00
603	25.12	2399	2400	0.19	2754	0	0	41	892	0	0	0.00	1.82	73.07	0.00	0.00	74.88	0.00	0.00	0.00	55	57	85.72	35.71	0.00	0.00
603	25.15	2399	2400	0.18	2524	0	0	0	691	0	0	0.00	0.00	74.86	0.00	0.00	74.85	0.00	0.00	0.00	54	56	85.46	35.72	0.00	0.00
601	25.06	2399	2400	0.20	3927	0	0	6	632	0	0	0.00	0.04	74.90	0.00	0.00	74.94	0.00	0.00	0.00	54	57	86.57	35.90	0.00	0.00
562	23.42	2400	2400	0.26	2572	0	0	0	754	0	0	0.00	0.00	76.58	0.00	0.00	76.58	0.00	0.00	0.00	54	56	87.47	36.06	0.00	0.00
658	27.49	2400	2393	0.59	3723	0	0	207	634	0	0	0.00	7.04	65.25	0.00	0.00	72.51	0.00	0.00	0.00	54	57	93.44	37.54	0.00	0.00
2400	100.00	2400	2400	0.25	14310	0	0	0	0	0	0	0.00	0.00	0.00	0.00	0.00	0.00	0.00	0.00	0.00	57	58	129.42	44.94	0.00	0.00
2400	100.00	2400	2400	0.25	8326	0	0	0	0	0	0	0.00	0.00	0.00	0.00	0.00	0.00	0.00	0.00	0.00	58	58	129.69	44.91	0.00	0.00
2400	100.00	2400	2400	0.25	8413	0	0	0	0	0	0	0.00	0.00	0.00	0.00	0.00	0.00	0.00	0.00	0.00	57	58	129.91	45.12	0.00	0.00
1619	67.35	2400	2404	0.29	28825	0	0	27	229	0	0	0.00	12.43	20.29	0.00	0.00	32.65	0.00	0.00	0.00	54	58	104.13	38.38	0.00	0.00
1201	50.06	2400	2400	0.16	4457	0	0	12	552	0	0	0.00	0.21	49.74	0.00	0.00	49.94	0.00	0.00	0.00	54	57	94.82	37.47	0.00	0.00
1142	47.59	2400	2400	0.11	4174	0	0	8	511	0	0	0.00	0.10	52.31	0.00	0.00	52.41	0.00	0.00	0.00	55	57	86.88	35.96	0.00	0.00
1127	46.95	2400	2400	0.13	27196	0	0	9	566	0	0	0.00	0.07	52.99	0.00	0.00	53.06	0.00	0.00	0.00	54	57	89.76	36.74	0.00	0.00
1099	45.80	2400	2400	0.24	4094	0	0	0	588	0	0	0.00	0.00	54.20	0.00	0.00	54.20	0.00	0.00	0.00	55	57	97.77	37.80	0.00	0.00
977	40.70	2400	2401	0.12	3833	0	0	4	607	0	0	0.00	0.02	59.31	0.00	0.00	59.30	0.00	0.00	0.00	55	56	85.56	36.15	0.00	0.00
946	39.42	2400	2399	0.19	3787	0	0	4	631	0	0	0.00	1.11	59.45	0.00	0.00	60.58	0.00	0.00	0.00	54	56	93.37	36.94	0.00	0.00
876	36.50	2400	2401	0.21	7787	0	0	251	440	0	0	0.00	4.60	58.93	0.00	0.00	63.50	0.00	0.00	0.00	56	57	91.99	36.97	0.00	0.00
827	34.45	2400	2400	0.16	3440	0	0	339	465	0	0	0.00	17.04	48.52	0.00	0.00	65.55	0.00	0.00	0.00	55	57	87.80	36.42	0.00	0.00
765	31.88	2400	2400	0.23	3072	0	0	8	693	0	0	0.00	1.65	66.46	0.00	0.00	68.12	0.00	0.00	0.00	56	56	88.54	36.47	0.00	0.00
1374	57.50	2400	2390	0.30	8601	0	0	78	452	0	0	0.00	2.45	39.87	0.00	0.00	42.50	0.00	0.00	0.00	55	56	100.82	38.39	0.00	0.00
2399	99.99	2400	2400	0.17	38268	0	0	69	35	0	0	0.00	0.00	0.01	0.00	0.00	0.01	0.00	0.00	0.00	55	58	119.24	42.04	0.00	0.00
2402	100.00	2400	2402	0.17	42195	0	0	16	41	0	0	0.00	0.00	0.00	0.00	0.00	0.00	0.00	0.00	0.00	55	58	119.38	42.15	0.00	0.00
2399	100.00	2400	2399	0.17	13011	0	0	46	48	0	0	0.00	0.00	0.00	0.00	0.00	0.00	0.00	0.00	0.00	55	58	118.68	41.94	0.00	0.00
2400	100.00	2400	2400	0.16	32636	0	0	26	23	0	0	0.00	0.00	0.00	0.00	0.00	0.00	0.00	0.00	0.00	56	57	118.49	41.92	0.00	0.00
2400	100.00	2400	2400	0.16	8347	0	0	0	1	0	0	0.00	0.00	0.00	0.00	0.00	0.00	0.00	0.00	0.00	55	58	118.06	41.94	0.00	0.00
2386	99.21	2400	2405	0.19	8185	0	0	0	30	0	0	0.00	0.00	0.79	0.00	0.00	0.79	0.00	0.00	0.00	56	57	119.07	41.71	0.00	0.00
1378	57.35	2400	2402	0.25	4929	0	0	78	275	0	0	0.00	3.23	39.46	0.00	0.00	42.65	0.00	0.00	0.00	56	57	98.85	37.74	0.00	0.00
1165	48.55	2400	2400	0.27	58885	0	0	264	366	0	0	0.00	3.17	48.29	0.00	0.00	51.45	0.00	0.00	0.00	54	57	102.65	39.30	0.00	0.00
987	41.09	2400	2401	0.27	3745	0	0	267	326	0	0	0.00	3.11	55.83	0.00	0.00	58.91	0.00	0.00	0.00	55	57	93.38	37.36	0.00	0.00
826	34.43	2400	2401	0.19	13037	0	0	280	393	0	0	0.00	6.11	59.48	0.00	0.00	65.57	0.00	0.00	0.00	56	57	89.58	36.87	0.00	0.00
998	41.75	2400	2390	0.45	3974	0	0	126	653	0	0	0.00	1.97	56.04	0.00	0.00	58.25	0.00	0.00	0.00	55	57	99.80	37.78	0.00	0.00
2339	97.50	2400	2399	0.15	36087	0	0	2	169	0	0	0.00	0.01	2.49	0.00	0.00	2.50	0.00	0.00	0.00	55	57	116.37	41.05	0.00	0.00
2401	100.00	2400	2401	0.15	8315	0	0	0	0	0	0	0.00	0.00	0.00	0.00	0.00	0.00	0.00	0.00	0.00	55	57	116.69	41.29	0.00	0.00
2396	99.92	2400	2398	0.15	30509	0	0	0	12	0	0	0.00	0.00	0.08	0.00	0.00	0.08	0.00	0.00	0.00	55	57	116.53	41.12	0.00	0.00
2401	100.00	2400	2401	0.15	10275	0	0	0	0	0	0	0.00	0.00	0.00	0.00	0.00	0.00	0.00	0.00	0.00	55	58	117.00	41.20	0.00	0.00
2400	100.00	2400	2400	0.14	8302	0	0	0	0	0	0	0.00	0.00	0.00	0.00	0.00	0.00	0.00	0.00	0.00	55	58	116.45	41.21	0.00	0.00
2399	100.00	2400	2399	0.15	10287	0	0	2	0	0	0	0.00	0.00	0.00	0.00	0.00	0.00	0.00	0.00	0.00	56	59	116.67	41.14	0.00	0.00
2400	100.00	2400	2400	0.15	8279	0	0	0	0	0	0	0.00	0.00	0.00	0.00	0.00	0.00	0.00	0.00	0.00	55	57	116.80	41.22	0.00	0.00
2400	100.00	2400	2400	0.15	10738	0	0	1	2	0	0	0.00	0.00	0.00	0.00	0.00	0.00	0.00	0.00	0.00	56	57	116.79	41.21	0.00	0.00
2299	95.46	2400	2408	0.23	7921	0	0	3	132	0	0	0.00	0.02	4.54	0.00	0.00	4.54	0.00	0.00	0.00	55	57	116.84	40.85	0.00	0.00
1206	50.25	2400	2401	0.35	6791	0	0	27	685	0	0	0.00	1.77	48.00	0.00	0.00	49.75	0.00	0.00	0.00	55	57	107.94	39.80	0.00	0.00
2387	99.84	2400	2391	0.16	8829	0	0	3	24	0	0	0.00	0.00	0.16	0.00	0.00	0.16	0.00	0.00	0.00	55	58	116.69	40.98	0.00	0.00
2399	100.00	2400	2399	0.14	8349	0	0	0	0	0	0	0.00	0.00	0.00	0.00	0.00	0.00	0.00	0.00	0.00	55	58	116.52	41.07	0.00	0.00
2400	100.00	2400	2400	0.15	8300	0	0	0	0	0	0	0.00	0.00	0.00	0.00	0.00	0.00	0.00	0.00	0.00	55	58	116.61	41.08	0.00	0.00
2400	100.00	2400	2400	0.15	8836	0	0	1	0	0	0	0.00	0.00	0.00	0.00	0.00	0.00	0.00	0.00	0.00	56	57	116.72	41.30	0.00	0.00
2399	100.00	2400	2399	0.15	19817	0	0	17	31	0	0	0.00	0.00	0.00	0.00	0.00	0.00	0.00	0.00	0.00	55	57	116.66	41.16	0.00	0.00
2402	100.00	2400	2402	0.15	8355	0	0	0	0	0	0	0.00	0.00	0.00	0.00	0.00	0.00	0.00	0.00	0.00	55	58	116.73	41.13	0.00	0.00
2399	100.00	2400	2399	0.15	10765	0	0	0	0	0	0	0.00	0.00	0.00	0.00	0.00	0.00	0.00	0.00	0.00	55	57	116.81	41.28	0.00	0.00
2400	100.00	2400	2400	0.14	8314	0	0	0	1	0	0	0.00	0.00	0.00	0.00	0.00	0.00	0.00	0.00	0.00	55	57	116.57	41.30	0.00	0.00
2401	100.00	2400	2401	0.15	8539	0	0	0	0	0	0	0.00	0.00	0.00	0.00	0.00	0.00	0.00	0.00	0.00	55	57	116.80	41.29	0.00	0.00
1737	72.11	2400	2408	0.28	6205	0	0	5	340	0	0	0.00	1.30	26.69	0.00	0.00	27.89	0.00	0.00	0.00	56	58	106.61	39.23	0.00	0.00
1776	74.29	2400	2391	0.28	12811	0	0	8	466	0	0	0.00	0.11	25.51	0.00	0.00	25.71	0.00	0.00	0.00	56	58	107.71	39.03	0.00	0.00
2400	100.00	2400	2400	0.15	34971	0	0	0	0	0	0	0.00	0.00	0.00	0.00	0.00	0.00	0.00	0.00	0.00	56	58	116.60	41.24	0.00	0.00
2400	100.00	2400	2400	0.15	37515	0	0	8	24	0	0	0.00	0.00	0.00	0.00	0.00	0.00	0.00	0.00	0.00	56	57	116.65	41.13	0.00	0.00
2399	99.99	2400	2399	0.15	8336	0	0	1	1	0	0	0.00	0.01	0.00	0.00	0.00	0.01	0.00	0.00	0.00	55	58	116.67	41.26	0.00	0.00
2400	100.00	2400	2400	0.15	8289	0	0	1	0	0	0	0.00	0.00	0.00	0.00	0.00	0.00	0.00	0.00	0.00	56	57	116.87	41.45	0.00	0.00
2400	100.00	2400	2400	0.14	13541	0	0	3	0	0	0	0.00	0.00	0.00	0.00	0.00	0.00	0.00	0.00	0.00	57	57	116.61	40.90	0.00	0.00
2400	100.00	2400	2400	0.14	8265	0	0	0	2	0	0	0.00	0.00	0.00	0.00	0.00	0.00	0.00	0.00	0.00	55	58	116.54	41.26	0.00	0.00
2399	100.00	2400	2399	0.15	23362	0	0	24	39	0	0	0.00	0.00	0.00	0.00	0.00	0.00	0.00	0.00	0.00	55	58	116.70	41.25	0.00	0.00
2401	99.99	2400	2401	0.14	8412	0	0	2	0	0	0	0.00	0.01	0.00	0.00	0.00	0.01	0.00	0.00	0.00	56	57	116.56	41.12	0.00	0.00
2399	99.99	2400	2399	0.15	15924	0	0	17	33	0	0	0.00	0.01	0.00	0.00	0.00	0.01	0.00	0.00	0.00	56	57	116.87	41.15	0.00	0.00
1872	78.02	2400	2400	0.34	6687	0	0	133	128	0	0	0.00	5.88	16.10	0.00	0.00	21.98	0.00	0.00	0.00	55	58	109.30	39.05	0.00	0.00
2399	100.00	2400	2399	0.14	8300	0	0	0	0	0	0	0.00	0.00	0.00	0.00	0.00	0.00	0.00	0.00	0.00	56	58	116.66	41.21	0.00	0.00
2402	100.00	2400	2402	0.15	31725	0	0	11	15	0	0	0.00	0.00	0.00	0.00	0.00	0.00	0.00	0.00	0.00	56	58	117.35	41.43	0.00	0.00
2399	100.00	2400	2399	0.15	20664	0	0	9	12	0	0	0.00	0.00	0.00	0.00	0.00	0.00	0.00	0.00	0.00	57	58	117.33	41.36	0.00	0.00
2401	100.00	2400	2401	0.15	8286	0	0	0	0	0	0	0.00	0.00	0.00	0.00	0.00	0.00	0.00	0.00	0.00	56	58	117.13	41.40	0.00	0.00
2399	100.00	2400	2399	0.15	51938	0	0	3	5	0	0	0.00	0.00	0.00	0.00	0.00	0.00	0.00	0.00	0.00	56	58	117.71	41.54	0.00	0.00
2400	100.00	2400	2400	0.15	8319	0	0	0	1	0	0	0.00	0.00	0.00	0.00	0.00	0.00	0.00	0.00	0.00	56	58	117.27	41.42	0.00	0.00
2400	100.00	2400	2400	0.15	12143	0	0	8	12	0	0	0.00	0.00	0.00	0.00	0.00	0.00	0.00	0.00	0.00	56	58	117.15	41.40	0.00	0.00
2400	99.96	2400	2401	0.17	8321	0	0	1	4	0	0	0.00	0.00	0.04	0.00	0.00	0.04	0.00	0.00	0.00	56	58	118.03	41.53	0.00	0.00
1400	58.26	2400	2403	0.29	4991	0	0	222	191	0	0	0.00	6.24	35.55	0.00	0.00	41.74	0.00	0.00	0.00	55	58	99.28	37.74	0.00	0.00
1114	46.41	2400	2401	0.18	4636	0	0	247	349	0	0	0.00	2.77	50.85	0.00	0.00	53.59	0.00	0.00	0.00	54	57	93.02	36.95	0.00	0.00
1015	42.26	2400	2402	0.20	4373	0	0	199	450	0	0	0.00	2.14	55.65	0.00	0.00	57.74	0.00	0.00	0.00	55	56	92.55	36.91	0.00	0.00
2048	85.54	2400	2394	0.24	9730	0	0	16	353	0	0	0.00	0.66	13.76	0.00	0.00	14.46	0.00	0.00	0.00	55	57	112.60	40.21	0.00	0.00
2400	100.00	2400	2400	0.15	9326	0	0	0	0	0	0	0.00	0.00	0.00	0.00	0.00	0.00	0.00	0.00	0.00	56	58	117.46	41.53	0.00	0.00
2400	100.00	2400	2400	0.15	8329	0	0	0	0	0	0	0.00	0.00	0.00	0.00	0.00	0.00	0.00	0.00	0.00	56	59	117.85	41.60	0.00	0.00
2399	100.00	2400	2399	0.15	8305	0	0	0	1	0	0	0.00	0.00	0.00	0.00	0.00	0.00	0.00	0.00	0.00	56	59	117.43	41.31	0.00	0.00
2402	100.00	2400	2402	0.15	8280	0	0	0	1	0	0	0.00	0.00	0.00	0.00	0.00	0.00	0.00	0.00	0.00	56	58	118.06	41.65	0.00	0.00
2399	100.00	2400	2399	0.15	8352	0	0	0	0	0	0	0.00	0.00	0.00	0.00	0.00	0.00	0.00	0.00	0.00	57	58	117.63	41.43	0.00	0.00
2401	100.00	2400	2401	0.15	8288	0	0	0	0	0	0	0.00	0.00	0.00	0.00	0.00	0.00	0.00	0.00	0.00	56	58	117.50	41.52	0.00	0.00
2350	97.85	2400	2402	0.23	12352	0	0	1	56	0	0	0.00	0.00	2.15	0.00	0.00	2.15	0.00	0.00	0.00	56	58	118.24	40.98	0.00	0.00
1247	51.91	2400	2401	0.19	4581	0	0	238	350	0	0	0.00	2.73	45.39	0.00	0.00	48.09	0.00	0.00	0.00	55	57	94.18	37.44	0.00	0.00
1122	46.71	2400	2401	0.19	4276	0	0	130	558	0	0	0.00	2.15	51.18	0.00	0.00	53.29	0.00	0.00	0.00	54	57	94.71	37.91	0.00	0.00
967	40.25	2400	2401	0.23	3690	0	0	164	490	0	0	0.00	1.86	57.92	0.00	0.00	59.75	0.00	0.00	0.00	55	57	93.16	37.48	0.00	0.00
1280	53.48	2400	2394	0.31	25948	0	0	159	374	0	0	0.00	1.80	44.60	0.00	0.00	46.52	0.00	0.00	0.00	55	57	99.84	38.11	0.00	0.00
2399	100.00	2400	2399	0.16	8551	0	0	2	2	0	0	0.00	0.00	0.00	0.00	0.00	0.00	0.00	0.00	0.00	56	57	118.21	41.64	0.00	0.00
2401	100.00	2400	2401	0.16	8356	0	0	0	0	0	0	0.00	0.00	0.00	0.00	0.00	0.00	0.00	0.00	0.00	56	57	118.60	41.78	0.00	0.00
2399	100.00	2400	2399	0.16	37809	0	0	17	38	0	0	0.00	0.00	0.00	0.00	0.00	0.00	0.00	0.00	0.00	56	57	118.39	41.76	0.00	0.00
2400	100.00	2400	2400	0.17	8294	0	0	0	0	0	0	0.00	0.00	0.00	0.00	0.00	0.00	0.00	0.00	0.00	57	60	119.15	41.99	0.00	0.00
2399	100.00	2400	2399	0.16	8312	0	0	0	0	0	0	0.00	0.00	0.00	0.00	0.00	0.00	0.00	0.00	0.00	56	58	118.83	41.97	0.00	0.00
2401	100.00	2400	2401	0.16	8356	0	0	0	0	0	0	0.00	0.00	0.00	0.00	0.00	0.00	0.00	0.00	0.00	57	58	118.94	42.00	0.00	0.00
1900	79.07	2400	2403	0.25	6643	0	0	126	117	0	0	0.00	3.33	17.63	0.00	0.00	20.93	0.00	0.00	0.00	56	58	108.08	39.19	0.00	0.00
1200	49.99	2400	2401	0.11	4399	0	0	271	293	0	0	0.00	3.14	46.89	0.00	0.00	50.01	0.00	0.00	0.00	54	57	90.05	36.58	0.00	0.00
1174	48.90	2400	2400	0.17	4439	0	0	97	584	0	0	0.00	1.17	49.94	0.00	0.00	51.10	0.00	0.00	0.00	55	57	93.44	37.37	0.00	0.00
1135	47.09	2400	2409	0.13	752	0	0	49	273	0	0	0.00	3.14	49.99	0.00	0.00	52.91	0.00	0.00	0.00	55	57	90.78	36.55	0.00	0.00
