Avg_MHz	Busy%	Bzy_MHz	TSC_MHz	IPC	IRQ	SMI	POLL	C1	C1E	C3	C6	POLL%	C1%	C1E%	C3%	C6%	CPU%c1	CPU%c3	CPU%c6	CPU%c7	CoreTmp	PkgTmp	PkgWatt	RAMWatt	PKG_%	RAM_%
76	3.17	2398	2400	0.39	687	0	0	45	399	0	0	0.00	3.14	93.70	0.00	0.00	96.83	0.00	0.00	0.00	48	53	66.48	34.28	0.00	0.00
76	3.16	2397	2404	0.39	819	0	0	111	514	0	0	0.00	40.65	56.34	0.00	0.00	96.84	0.00	0.00	0.00	48	53	69.10	34.28	0.00	0.00
76	3.17	2398	2400	0.38	668	0	0	97	363	0	0	0.00	3.64	93.20	0.00	0.00	96.83	0.00	0.00	0.00	48	52	66.43	34.38	0.00	0.00
76	3.16	2397	2400	0.39	684	0	0	40	456	0	0	0.00	3.12	93.72	0.00	0.00	96.84	0.00	0.00	0.00	48	53	66.44	34.32	0.00	0.00
76	3.17	2397	2400	0.39	711	0	0	42	448	0	0	0.00	3.12	93.71	0.00	0.00	96.83	0.00	0.00	0.00	47	52	66.38	34.32	0.00	0.00
76	3.16	2397	2400	0.39	605	0	0	36	392	0	0	0.00	3.12	93.72	0.00	0.00	96.84	0.00	0.00	0.00	48	52	66.37	34.28	0.00	0.00
76	3.17	2396	2400	0.39	740	0	0	41	475	0	0	0.00	3.12	93.72	0.00	0.00	96.83	0.00	0.00	0.00	48	52	66.39	34.24	0.00	0.00
76	3.16	2398	2400	0.39	583	0	0	37	371	0	0	0.00	3.12	93.70	0.00	0.00	96.84	0.00	0.00	0.00	48	52	66.36	34.17	0.00	0.00
76	3.17	2397	2401	0.38	710	0	0	43	441	0	0	0.00	3.12	93.73	0.00	0.00	96.83	0.00	0.00	0.00	47	52	66.38	34.25	0.00	0.00
76	3.16	2398	2400	0.39	573	0	0	33	364	0	0	0.00	3.12	93.70	0.00	0.00	96.84	0.00	0.00	0.00	48	53	66.34	34.39	0.00	0.00
76	3.17	2397	2400	0.39	712	0	0	46	448	0	0	0.00	3.97	92.88	0.00	0.00	96.83	0.00	0.00	0.00	48	53	66.37	34.17	0.00	0.00
76	3.16	2397	2400	0.39	679	0	0	42	463	0	0	0.00	3.12	93.71	0.00	0.00	96.84	0.00	0.00	0.00	48	53	66.37	34.20	0.00	0.00
76	3.17	2397	2400	0.39	709	0	0	46	441	0	0	0.00	3.12	93.71	0.00	0.00	96.83	0.00	0.00	0.00	47	52	66.36	34.23	0.00	0.00
76	3.16	2397	2400	0.38	622	0	0	42	419	0	0	0.00	5.30	91.54	0.00	0.00	96.84	0.00	0.00	0.00	48	52	70.57	34.19	0.00	0.00
76	3.19	2397	2400	0.39	775	0	0	46	468	0	0	0.00	3.14	93.67	0.00	0.00	96.81	0.00	0.00	0.00	48	52	66.40	34.19	0.00	0.00
76	3.16	2397	2400	0.39	665	0	0	45	440	0	0	0.00	3.12	93.72	0.00	0.00	96.84	0.00	0.00	0.00	47	53	66.33	34.31	0.00	0.00
76	3.17	2397	2400	0.38	739	0	0	40	481	0	0	0.00	3.12	93.71	0.00	0.00	96.83	0.00	0.00	0.00	47	52	66.34	34.29	0.00	0.00
76	3.16	2398	2400	0.39	558	0	0	44	344	0	0	0.00	3.17	93.66	0.00	0.00	96.84	0.00	0.00	0.00	47	52	66.33	34.34	0.00	0.00
76	3.17	2397	2400	0.39	710	0	0	46	435	0	0	0.00	3.12	93.72	0.00	0.00	96.83	0.00	0.00	0.00	47	53	66.33	34.31	0.00	0.00
76	3.16	2397	2400	0.39	656	0	0	40	440	0	0	0.00	3.61	93.23	0.00	0.00	96.84	0.00	0.00	0.00	48	52	67.26	34.21	0.00	0.00
76	3.17	2398	2400	0.39	731	0	0	54	463	0	0	0.00	3.16	93.68	0.00	0.00	96.83	0.00	0.00	0.00	48	53	66.37	34.05	0.00	0.00
76	3.16	2397	2400	0.39	605	0	0	44	398	0	0	0.00	3.12	93.72	0.00	0.00	96.84	0.00	0.00	0.00	47	51	66.30	34.30	0.00	0.00
76	3.17	2398	2400	0.38	689	0	0	53	412	0	0	0.00	3.17	93.66	0.00	0.00	96.83	0.00	0.00	0.00	47	53	66.29	34.22	0.00	0.00
76	3.16	2397	2400	0.39	685	0	0	50	462	0	0	0.00	3.12	93.71	0.00	0.00	96.84	0.00	0.00	0.00	47	52	66.26	34.36	0.00	0.00
76	3.17	2397	2400	0.39	706	0	0	48	429	0	0	0.00	3.12	93.73	0.00	0.00	96.83	0.00	0.00	0.00	48	53	66.33	34.40	0.00	0.00
76	3.16	2397	2400	0.39	585	0	0	45	367	0	0	0.00	3.12	93.72	0.00	0.00	96.84	0.00	0.00	0.00	47	52	66.29	34.28	0.00	0.00
76	3.17	2397	2400	0.38	731	0	0	52	470	0	0	0.00	3.12	93.69	0.00	0.00	96.83	0.00	0.00	0.00	48	52	66.29	34.31	0.00	0.00
76	3.16	2398	2400	0.39	590	0	0	48	367	0	0	0.00	3.17	93.68	0.00	0.00	96.84	0.00	0.00	0.00	47	52	66.30	34.24	0.00	0.00
76	3.17	2397	2400	0.39	717	0	0	45	455	0	0	0.00	3.12	93.71	0.00	0.00	96.83	0.00	0.00	0.00	47	52	66.30	34.14	0.00	0.00
76	3.16	2397	2400	0.39	598	0	0	46	379	0	0	0.00	3.12	93.72	0.00	0.00	96.84	0.00	0.00	0.00	47	53	66.27	34.10	0.00	0.00
76	3.17	2397	2400	0.39	721	0	0	52	446	0	0	0.00	3.12	93.72	0.00	0.00	96.83	0.00	0.00	0.00	47	52	66.28	34.25	0.00	0.00
76	3.17	2397	2399	0.38	730	0	0	49	517	0	0	0.00	3.12	93.69	0.00	0.00	96.83	0.00	0.00	0.00	47	52	66.26	34.33	0.00	0.00
76	3.17	2397	2400	0.39	704	0	0	52	432	0	0	0.00	3.12	93.73	0.00	0.00	96.83	0.00	0.00	0.00	47	52	66.27	34.25	0.00	0.00
76	3.16	2398	2400	0.39	575	0	0	45	353	0	0	0.00	3.12	93.71	0.00	0.00	96.84	0.00	0.00	0.00	47	52	66.27	34.22	0.00	0.00
76	3.17	2397	2400	0.39	722	0	0	57	453	0	0	0.00	3.12	93.71	0.00	0.00	96.83	0.00	0.00	0.00	47	52	66.28	34.28	0.00	0.00
77	3.22	2397	2400	0.41	863	0	0	177	550	0	0	0.00	34.17	62.62	0.00	0.00	96.78	0.00	0.00	0.00	46	53	69.07	34.34	0.00	0.00
77	3.23	2397	2400	0.40	933	0	0	104	658	0	0	0.00	3.66	93.10	0.00	0.00	96.77	0.00	0.00	0.00	47	52	66.37	34.20	0.00	0.00
76	3.16	2397	2400	0.39	619	0	0	41	400	0	0	0.00	3.12	93.73	0.00	0.00	96.84	0.00	0.00	0.00	47	53	66.29	34.18	0.00	0.00
76	3.17	2397	2400	0.39	689	0	0	42	419	0	0	0.00	3.12	93.72	0.00	0.00	96.83	0.00	0.00	0.00	46	52	66.27	34.18	0.00	0.00
77	3.23	2397	2400	0.40	719	0	0	55	436	0	0	0.00	6.21	90.55	0.00	0.00	96.77	0.00	0.00	0.00	47	52	66.29	34.27	0.00	0.00
76	3.17	2397	2400	0.39	793	0	0	62	502	0	0	0.00	4.59	92.24	0.00	0.00	96.83	0.00	0.00	0.00	47	52	66.32	34.30	0.00	0.00
76	3.16	2397	2400	0.39	645	0	0	41	441	0	0	0.00	3.77	93.08	0.00	0.00	96.84	0.00	0.00	0.00	47	52	67.54	34.24	0.00	0.00
76	3.17	2397	2400	0.39	699	0	0	41	432	0	0	0.00	3.12	93.72	0.00	0.00	96.83	0.00	0.00	0.00	47	52	66.27	34.50	0.00	0.00
76	3.16	2398	2400	0.39	604	0	0	32	405	0	0	0.00	6.05	90.78	0.00	0.00	96.84	0.00	0.00	0.00	47	51	71.98	34.19	0.00	0.00
76	3.17	2397	2400	0.39	696	0	0	40	433	0	0	0.00	3.12	93.72	0.00	0.00	96.83	0.00	0.00	0.00	47	53	66.26	34.24	0.00	0.00
76	3.16	2397	2400	0.38	615	0	0	36	408	0	0	0.00	3.12	93.71	0.00	0.00	96.84	0.00	0.00	0.00	47	52	66.24	34.10	0.00	0.00
76	3.17	2396	2400	0.39	740	0	0	44	484	0	0	0.00	3.12	93.72	0.00	0.00	96.83	0.00	0.00	0.00	46	52	66.28	34.39	0.00	0.00
76	3.16	2397	2399	0.39	605	0	0	33	393	0	0	0.00	3.12	93.70	0.00	0.00	96.84	0.00	0.00	0.00	47	52	66.24	34.27	0.00	0.00
76	3.17	2397	2401	0.39	727	0	0	50	472	0	0	0.00	3.12	93.73	0.00	0.00	96.83	0.00	0.00	0.00	47	51	66.33	34.36	0.00	0.00
76	3.16	2397	2400	0.38	602	0	0	37	390	0	0	0.00	3.12	93.71	0.00	0.00	96.84	0.00	0.00	0.00	47	51	66.21	34.22	0.00	0.00
76	3.17	2398	2400	0.39	709	0	0	51	429	0	0	0.00	3.12	93.71	0.00	0.00	96.83	0.00	0.00	0.00	47	52	66.26	34.23	0.00	0.00
76	3.16	2397	2400	0.39	676	0	0	54	459	0	0	0.00	3.21	93.63	0.00	0.00	96.84	0.00	0.00	0.00	47	52	66.28	34.31	0.00	0.00
76	3.17	2397	2400	0.39	728	0	0	49	455	0	0	0.00	3.12	93.71	0.00	0.00	96.83	0.00	0.00	0.00	47	52	66.25	34.08	0.00	0.00
76	3.16	2397	2400	0.39	587	0	0	43	365	0	0	0.00	3.12	93.72	0.00	0.00	96.84	0.00	0.00	0.00	46	52	66.23	34.27	0.00	0.00
76	3.16	2397	2400	0.38	697	0	0	48	420	0	0	0.00	3.12	93.71	0.00	0.00	96.84	0.00	0.00	0.00	47	52	66.29	34.32	0.00	0.00
76	3.17	2397	2400	0.39	670	0	0	48	447	0	0	0.00	3.12	93.71	0.00	0.00	96.83	0.00	0.00	0.00	47	51	66.27	34.17	0.00	0.00
76	3.17	2398	2400	0.39	741	0	0	50	472	0	0	0.00	3.12	93.71	0.00	0.00	96.83	0.00	0.00	0.00	47	52	66.25	34.28	0.00	0.00
76	3.16	2397	2400	0.39	620	0	0	49	410	0	0	0.00	3.17	93.69	0.00	0.00	96.84	0.00	0.00	0.00	46	52	66.35	34.25	0.00	0.00
76	3.17	2398	2396	0.39	716	0	0	49	446	0	0	0.00	3.11	93.54	0.00	0.00	96.83	0.00	0.00	0.00	47	52	66.09	34.29	0.00	0.00
76	3.16	2397	2404	0.39	643	0	0	50	421	0	0	0.00	3.13	93.89	0.00	0.00	96.84	0.00	0.00	0.00	47	52	66.40	34.32	0.00	0.00
76	3.17	2397	2400	0.38	705	0	0	57	420	0	0	0.00	3.17	93.66	0.00	0.00	96.83	0.00	0.00	0.00	47	52	66.23	34.24	0.00	0.00
76	3.16	2397	2400	0.39	628	0	0	43	422	0	0	0.00	3.12	93.73	0.00	0.00	96.84	0.00	0.00	0.00	47	51	66.25	34.11	0.00	0.00
76	3.17	2397	2400	0.39	799	0	0	51	523	0	0	0.00	3.87	92.95	0.00	0.00	96.83	0.00	0.00	0.00	47	52	66.25	34.20	0.00	0.00
76	3.16	2398	2400	0.38	599	0	0	48	381	0	0	0.00	3.12	93.72	0.00	0.00	96.84	0.00	0.00	0.00	47	52	66.25	34.35	0.00	0.00
76	3.16	2397	2400	0.39	664	0	0	44	394	0	0	0.00	3.12	93.72	0.00	0.00	96.84	0.00	0.00	0.00	46	52	66.28	34.32	0.00	0.00
76	3.17	2397	2400	0.40	643	0	0	49	426	0	0	0.00	3.12	93.70	0.00	0.00	96.83	0.00	0.00	0.00	48	52	66.27	34.21	0.00	0.00
76	3.17	2397	2400	0.39	767	0	0	48	491	0	0	0.00	3.12	93.73	0.00	0.00	96.83	0.00	0.00	0.00	46	52	66.26	34.35	0.00	0.00
76	3.16	2397	2399	0.39	639	0	0	49	419	0	0	0.00	3.12	93.69	0.00	0.00	96.84	0.00	0.00	0.00	47	51	66.19	34.29	0.00	0.00
76	3.16	2398	2400	0.38	719	0	0	51	445	0	0	0.00	3.12	93.73	0.00	0.00	96.84	0.00	0.00	0.00	47	52	66.27	34.34	0.00	0.00
76	3.17	2397	2400	0.39	615	0	0	45	397	0	0	0.00	3.12	93.72	0.00	0.00	96.83	0.00	0.00	0.00	47	52	66.25	34.32	0.00	0.00
76	3.17	2397	2400	0.39	748	0	0	40	481	0	0	0.00	3.12	93.70	0.00	0.00	96.83	0.00	0.00	0.00	46	51	66.25	34.24	0.00	0.00
76	3.16	2397	2400	0.39	556	0	0	35	347	0	0	0.00	3.12	93.72	0.00	0.00	96.84	0.00	0.00	0.00	46	53	66.24	34.28	0.00	0.00
76	3.17	2396	2400	0.38	750	0	0	46	495	0	0	0.00	3.70	93.15	0.00	0.00	96.83	0.00	0.00	0.00	47	52	67.37	34.29	0.00	0.00
76	3.16	2398	2400	0.39	559	0	0	38	351	0	0	0.00	3.14	93.70	0.00	0.00	96.84	0.00	0.00	0.00	47	52	66.28	34.25	0.00	0.00
76	3.17	2397	2400	0.39	748	0	0	44	477	0	0	0.00	3.12	93.72	0.00	0.00	96.83	0.00	0.00	0.00	46	51	66.29	34.14	0.00	0.00
76	3.16	2397	2400	0.39	604	0	0	37	396	0	0	0.00	3.12	93.70	0.00	0.00	96.84	0.00	0.00	0.00	46	52	66.20	34.25	0.00	0.00
76	3.17	2397	2400	0.39	737	0	0	48	463	0	0	0.00	3.12	93.72	0.00	0.00	96.83	0.00	0.00	0.00	47	53	66.27	34.21	0.00	0.00
76	3.16	2398	2400	0.38	586	0	0	49	371	0	0	0.00	3.12	93.71	0.00	0.00	96.84	0.00	0.00	0.00	47	51	66.23	34.23	0.00	0.00
76	3.17	2396	2400	0.39	779	0	0	43	508	0	0	0.00	3.12	93.72	0.00	0.00	96.83	0.00	0.00	0.00	46	52	66.26	34.22	0.00	0.00
76	3.16	2397	2400	0.39	606	0	0	42	389	0	0	0.00	3.12	93.71	0.00	0.00	96.84	0.00	0.00	0.00	46	52	66.26	34.40	0.00	0.00
76	3.17	2397	2401	0.39	709	0	0	54	424	0	0	0.00	3.12	93.73	0.00	0.00	96.83	0.00	0.00	0.00	47	52	66.25	34.28	0.00	0.00
76	3.16	2397	2399	0.39	603	0	0	44	374	0	0	0.00	3.12	93.70	0.00	0.00	96.84	0.00	0.00	0.00	46	52	66.23	34.23	0.00	0.00
76	3.17	2396	2400	0.39	772	0	0	54	499	0	0	0.00	3.12	93.72	0.00	0.00	96.83	0.00	0.00	0.00	47	52	66.24	34.15	0.00	0.00
76	3.16	2397	2400	0.38	563	0	0	44	342	0	0	0.00	3.12	93.72	0.00	0.00	96.84	0.00	0.00	0.00	47	52	66.23	34.20	0.00	0.00
76	3.16	2398	2400	0.39	659	0	0	50	379	0	0	0.00	3.12	93.71	0.00	0.00	96.84	0.00	0.00	0.00	46	51	66.23	34.22	0.00	0.00
76	3.17	2397	2400	0.39	621	0	0	48	395	0	0	0.00	3.12	93.72	0.00	0.00	96.83	0.00	0.00	0.00	46	52	66.25	34.45	0.00	0.00
76	3.16	2397	2400	0.38	684	0	0	48	400	0	0	0.00	3.12	93.71	0.00	0.00	96.84	0.00	0.00	0.00	46	52	66.24	34.19	0.00	0.00
76	3.16	2397	2400	0.39	630	0	0	47	423	0	0	0.00	4.06	92.78	0.00	0.00	96.84	0.00	0.00	0.00	46	52	66.28	34.21	0.00	0.00
76	3.17	2398	2400	0.39	679	0	0	52	398	0	0	0.00	3.13	93.72	0.00	0.00	96.83	0.00	0.00	0.00	46	52	66.25	34.25	0.00	0.00
76	3.16	2397	2400	0.39	593	0	0	38	377	0	0	0.00	3.12	93.71	0.00	0.00	96.84	0.00	0.00	0.00	46	53	66.24	34.25	0.00	0.00
76	3.17	2396	2400	0.39	739	0	0	41	464	0	0	0.00	3.12	93.73	0.00	0.00	96.83	0.00	0.00	0.00	47	52	66.25	34.34	0.00	0.00
76	3.16	2397	2400	0.38	605	0	0	36	392	0	0	0.00	3.12	93.72	0.00	0.00	96.84	0.00	0.00	0.00	46	52	66.27	34.13	0.00	0.00
78	3.26	2396	2400	0.40	1036	0	0	93	842	0	0	0.00	3.62	93.12	0.00	0.00	96.74	0.00	0.00	0.00	46	52	66.35	34.14	0.00	0.00
77	3.21	2397	2400	0.41	821	0	0	65	618	0	0	0.00	3.22	93.56	0.00	0.00	96.79	0.00	0.00	0.00	46	52	66.28	34.33	0.00	0.00
76	3.17	2396	2401	0.39	789	0	0	49	515	0	0	0.00	3.12	93.73	0.00	0.00	96.83	0.00	0.00	0.00	46	52	66.26	34.25	0.00	0.00
77	3.22	2395	2400	0.41	861	0	0	54	641	0	0	0.00	3.12	93.65	0.00	0.00	96.78	0.00	0.00	0.00	46	52	66.31	34.20	0.00	0.00
76	3.17	2397	2400	0.38	738	0	0	48	440	0	0	0.00	3.80	93.03	0.00	0.00	96.83	0.00	0.00	0.00	47	53	67.56	34.13	0.00	0.00
76	3.16	2398	2400	0.39	623	0	0	40	418	0	0	0.00	3.22	93.60	0.00	0.00	96.84	0.00	0.00	0.00	46	52	66.25	34.13	0.00	0.00
76	3.17	2396	2401	0.39	767	0	0	53	509	0	0	0.00	4.00	92.85	0.00	0.00	96.83	0.00	0.00	0.00	47	52	66.29	34.29	0.00	0.00
76	3.16	2397	2400	0.39	572	0	0	42	358	0	0	0.00	3.12	93.71	0.00	0.00	96.84	0.00	0.00	0.00	46	51	66.18	34.10	0.00	0.00
76	3.17	2397	2400	0.38	696	0	0	57	416	0	0	0.00	3.12	93.72	0.00	0.00	96.83	0.00	0.00	0.00	46	52	66.28	34.34	0.00	0.00
76	3.16	2398	2400	0.39	563	0	0	41	344	0	0	0.00	3.12	93.71	0.00	0.00	96.84	0.00	0.00	0.00	47	53	66.19	34.14	0.00	0.00
76	3.17	2396	2400	0.39	790	0	0	55	526	0	0	0.00	3.16	93.68	0.00	0.00	96.83	0.00	0.00	0.00	46	52	66.36	34.19	0.00	0.00
76	3.16	2398	2400	0.39	556	0	0	42	342	0	0	0.00	3.12	93.71	0.00	0.00	96.84	0.00	0.00	0.00	46	52	66.27	34.42	0.00	0.00
76	3.17	2397	2400	0.39	719	0	0	55	436	0	0	0.00	3.12	93.73	0.00	0.00	96.83	0.00	0.00	0.00	46	52	66.25	34.33	0.00	0.00
76	3.16	2398	2400	0.39	582	0	0	48	368	0	0	0.00	3.12	93.71	0.00	0.00	96.84	0.00	0.00	0.00	46	52	66.24	34.13	0.00	0.00
76	3.17	2397	2400	0.38	714	0	0	58	439	0	0	0.00	4.13	92.70	0.00	0.00	96.83	0.00	0.00	0.00	46	52	66.24	34.33	0.00	0.00
76	3.16	2398	2400	0.39	589	0	0	36	380	0	0	0.00	3.12	93.71	0.00	0.00	96.84	0.00	0.00	0.00	46	51	66.22	34.11	0.00	0.00
76	3.16	2397	2400	0.39	658	0	0	48	382	0	0	0.00	3.12	93.73	0.00	0.00	96.84	0.00	0.00	0.00	46	52	66.23	34.38	0.00	0.00
76	3.16	2398	2400	0.38	561	0	0	39	351	0	0	0.00	3.12	93.70	0.00	0.00	96.84	0.00	0.00	0.00	46	52	66.22	34.31	0.00	0.00
76	3.17	2397	2398	0.40	648	0	0	34	424	0	0	0.00	3.12	93.64	0.00	0.00	96.83	0.00	0.00	0.00	46	53	66.20	34.20	0.00	0.00
