Avg_MHz	Busy%	Bzy_MHz	TSC_MHz	IPC	IRQ	SMI	POLL	C1	C1E	C3	C6	POLL%	C1%	C1E%	C3%	C6%	CPU%c1	CPU%c3	CPU%c6	CPU%c7	CoreTmp	PkgTmp	PkgWatt	RAMWatt	PKG_%	RAM_%
1202	50.07	2400	2401	0.21	5322	0	0	4	732	0	0	0.00	0.00	49.95	0.00	0.00	49.93	0.00	0.00	0.00	51	54	111.52	43.90	0.00	0.00
1202	50.07	2400	2400	0.20	5038	0	0	6	702	0	0	0.00	0.00	49.94	0.00	0.00	49.93	0.00	0.00	0.00	51	54	111.39	43.75	0.00	0.00
1202	50.06	2400	2400	0.20	5052	0	0	10	704	0	0	0.00	0.00	49.94	0.00	0.00	49.94	0.00	0.00	0.00	51	54	111.31	43.76	0.00	0.00
1201	50.05	2400	2400	0.20	5005	0	0	12	681	0	0	0.00	0.00	49.95	0.00	0.00	49.95	0.00	0.00	0.00	51	54	111.44	43.92	0.00	0.00
1201	50.06	2400	2400	0.21	5074	0	0	6	704	0	0	0.00	0.00	49.94	0.00	0.00	49.94	0.00	0.00	0.00	51	54	111.60	43.77	0.00	0.00
1201	50.06	2400	2400	0.21	5024	0	0	10	695	0	0	0.00	0.00	49.95	0.00	0.00	49.94	0.00	0.00	0.00	52	55	111.75	44.02	0.00	0.00
1201	50.07	2400	2400	0.20	5134	0	0	12	761	0	0	0.00	1.42	48.51	0.00	0.00	49.93	0.00	0.00	0.00	51	55	111.67	43.81	0.00	0.00
1201	50.03	2400	2400	0.20	5001	0	0	25	654	0	0	0.00	0.76	49.22	0.00	0.00	49.97	0.00	0.00	0.00	51	54	111.68	43.99	0.00	0.00
1202	50.07	2400	2400	0.21	5058	0	0	8	749	0	0	0.00	0.79	49.15	0.00	0.00	49.93	0.00	0.00	0.00	51	55	111.81	44.13	0.00	0.00
1200	49.98	2400	2400	0.21	5023	0	0	11	716	0	0	0.00	0.01	50.01	0.00	0.00	50.02	0.00	0.00	0.00	51	55	111.78	43.87	0.00	0.00
1201	50.06	2400	2400	0.21	5082	0	0	12	721	0	0	0.00	0.00	49.95	0.00	0.00	49.94	0.00	0.00	0.00	53	54	111.78	43.80	0.00	0.00
1201	50.06	2400	2399	0.20	5127	0	0	22	759	0	0	0.00	1.23	48.71	0.00	0.00	49.94	0.00	0.00	0.00	52	56	111.81	44.34	0.00	0.00
1201	50.05	2400	2400	0.20	5080	0	0	13	717	0	0	0.00	0.01	49.96	0.00	0.00	49.95	0.00	0.00	0.00	53	56	112.06	44.56	0.00	0.00
1200	49.99	2400	2400	0.19	4963	0	0	15	716	0	0	0.00	0.26	49.75	0.00	0.00	50.01	0.00	0.00	0.00	51	55	111.81	45.15	0.00	0.00
1201	50.03	2400	2400	0.20	5095	0	0	6	754	0	0	0.00	0.01	49.96	0.00	0.00	49.97	0.00	0.00	0.00	52	55	111.77	44.45	0.00	0.00
1201	50.06	2400	2400	0.20	19388	0	0	18	756	0	0	0.00	1.93	48.01	0.00	0.00	49.94	0.00	0.00	0.00	52	57	111.67	44.45	0.00	0.00
1202	50.07	2400	2400	0.19	5871	0	0	32	761	0	0	0.00	0.53	49.41	0.00	0.00	49.93	0.00	0.00	0.00	52	55	111.99	44.97	0.00	0.00
1201	50.06	2400	2400	0.19	4986	0	0	8	732	0	0	0.00	0.00	49.94	0.00	0.00	49.94	0.00	0.00	0.00	52	55	111.84	44.97	0.00	0.00
1200	50.01	2400	2400	0.20	5173	0	0	11	823	0	0	0.00	0.49	49.51	0.00	0.00	49.99	0.00	0.00	0.00	52	56	111.95	44.43	0.00	0.00
1201	50.03	2400	2400	0.20	4976	0	0	13	667	0	0	0.00	0.01	49.95	0.00	0.00	49.97	0.00	0.00	0.00	52	55	111.94	44.24	0.00	0.00
1201	50.04	2400	2400	0.20	5123	0	0	18	741	0	0	0.00	0.08	49.89	0.00	0.00	49.96	0.00	0.00	0.00	53	55	111.95	44.18	0.00	0.00
1201	50.05	2400	2400	0.20	5040	0	0	15	738	0	0	0.00	0.05	49.90	0.00	0.00	49.95	0.00	0.00	0.00	53	57	112.04	44.53	0.00	0.00
1201	50.03	2400	2400	0.20	5123	0	0	13	725	0	0	0.00	0.01	49.96	0.00	0.00	49.97	0.00	0.00	0.00	52	56	111.78	43.83	0.00	0.00
1201	50.04	2400	2400	0.20	8962	0	0	15	725	0	0	0.00	1.37	48.59	0.00	0.00	49.96	0.00	0.00	0.00	53	56	111.80	44.18	0.00	0.00
1200	50.00	2400	2400	0.21	13127	0	0	12	730	0	0	0.00	0.01	50.00	0.00	0.00	50.00	0.00	0.00	0.00	52	56	112.01	44.06	0.00	0.00
1201	50.06	2400	2400	0.21	12634	0	0	13	678	0	0	0.00	0.17	49.78	0.00	0.00	49.94	0.00	0.00	0.00	53	56	111.97	43.73	0.00	0.00
1202	50.07	2400	2400	0.20	11775	0	0	10	770	0	0	0.00	0.04	49.90	0.00	0.00	49.93	0.00	0.00	0.00	53	56	112.06	44.46	0.00	0.00
1201	50.03	2400	2400	0.21	8944	0	0	12	712	0	0	0.00	0.01	49.96	0.00	0.00	49.97	0.00	0.00	0.00	53	56	111.90	44.05	0.00	0.00
1201	50.04	2400	2400	0.20	11492	0	0	14	741	0	0	0.00	0.01	49.96	0.00	0.00	49.96	0.00	0.00	0.00	53	57	112.17	44.35	0.00	0.00
1202	50.06	2400	2400	0.20	12701	0	0	11	715	0	0	0.00	0.00	49.94	0.00	0.00	49.94	0.00	0.00	0.00	53	57	112.16	44.60	0.00	0.00
1204	50.18	2400	2399	0.21	13557	0	0	9	957	0	0	0.00	0.36	49.46	0.00	0.00	49.82	0.00	0.00	0.00	53	57	112.14	44.16	0.00	0.00
1204	50.14	2400	2401	0.21	13501	0	0	23	734	0	0	0.00	0.14	49.74	0.00	0.00	49.86	0.00	0.00	0.00	53	57	112.35	44.26	0.00	0.00
1202	50.08	2400	2400	0.21	13200	0	0	62	834	0	0	0.00	0.23	49.69	0.00	0.00	49.92	0.00	0.00	0.00	53	57	112.27	44.26	0.00	0.00
1201	50.05	2400	2400	0.21	12463	0	0	8	711	0	0	0.00	0.00	49.95	0.00	0.00	49.95	0.00	0.00	0.00	54	57	112.23	44.32	0.00	0.00
1201	50.06	2400	2400	0.20	12648	0	0	8	746	0	0	0.00	0.00	49.95	0.00	0.00	49.94	0.00	0.00	0.00	54	56	112.32	44.37	0.00	0.00
1202	50.06	2400	2400	0.21	12678	0	0	35	766	0	0	0.00	4.20	45.74	0.00	0.00	49.94	0.00	0.00	0.00	54	57	112.04	44.32	0.00	0.00
1201	50.06	2400	2400	0.21	12306	0	0	14	745	0	0	0.00	1.26	48.68	0.00	0.00	49.94	0.00	0.00	0.00	54	57	112.17	44.17	0.00	0.00
1200	50.01	2400	2400	0.21	13232	0	0	16	738	0	0	0.00	2.86	47.14	0.00	0.00	49.99	0.00	0.00	0.00	54	57	112.19	44.22	0.00	0.00
1202	50.06	2400	2400	0.21	9592	0	0	15	747	0	0	0.00	0.25	49.70	0.00	0.00	49.94	0.00	0.00	0.00	53	57	112.22	44.09	0.00	0.00
1201	50.06	2400	2400	0.21	11755	0	0	11	762	0	0	0.00	0.00	49.94	0.00	0.00	49.94	0.00	0.00	0.00	54	57	112.24	44.13	0.00	0.00
1202	50.06	2400	2400	0.21	12333	0	0	11	735	0	0	0.00	0.72	49.22	0.00	0.00	49.94	0.00	0.00	0.00	54	57	112.22	44.07	0.00	0.00
1202	50.08	2400	2400	0.21	12847	0	0	7	755	0	0	0.00	0.00	49.92	0.00	0.00	49.92	0.00	0.00	0.00	54	58	112.36	44.26	0.00	0.00
1201	50.06	2400	2400	0.21	12931	0	0	9	679	0	0	0.00	0.00	49.94	0.00	0.00	49.94	0.00	0.00	0.00	54	57	112.15	44.14	0.00	0.00
1201	50.06	2400	2400	0.21	12782	0	0	17	642	0	0	0.00	0.00	49.94	0.00	0.00	49.94	0.00	0.00	0.00	54	57	112.37	44.20	0.00	0.00
1202	50.06	2400	2400	0.21	12060	0	0	7	695	0	0	0.00	0.00	49.94	0.00	0.00	49.94	0.00	0.00	0.00	53	57	112.25	44.07	0.00	0.00
1201	50.02	2400	2400	0.21	11748	0	0	15	659	0	0	0.00	0.50	49.48	0.00	0.00	49.98	0.00	0.00	0.00	54	56	112.11	44.14	0.00	0.00
1201	50.03	2400	2400	0.21	12413	0	0	16	726	0	0	0.00	0.55	49.43	0.00	0.00	49.97	0.00	0.00	0.00	54	57	112.28	44.09	0.00	0.00
1201	50.05	2400	2400	0.21	12025	0	0	8	701	0	0	0.00	0.05	49.90	0.00	0.00	49.95	0.00	0.00	0.00	54	58	112.30	43.87	0.00	0.00
1201	50.06	2400	2400	0.20	12971	0	0	1	690	0	0	0.00	0.00	49.94	0.00	0.00	49.94	0.00	0.00	0.00	54	57	112.31	44.21	0.00	0.00
1201	50.05	2400	2400	0.20	12563	0	0	7	660	0	0	0.00	0.00	49.95	0.00	0.00	49.95	0.00	0.00	0.00	54	58	112.19	44.14	0.00	0.00
1201	50.05	2400	2400	0.20	12834	0	0	7	701	0	0	0.00	0.00	49.96	0.00	0.00	49.95	0.00	0.00	0.00	54	58	112.19	44.12	0.00	0.00
1202	50.07	2400	2400	0.20	13269	0	0	10	730	0	0	0.00	0.07	49.86	0.00	0.00	49.93	0.00	0.00	0.00	54	57	111.89	44.01	0.00	0.00
1201	50.06	2400	2400	0.20	7731	0	0	15	661	0	0	0.00	0.00	49.94	0.00	0.00	49.94	0.00	0.00	0.00	54	57	111.73	44.04	0.00	0.00
1202	50.06	2400	2400	0.20	5074	0	0	9	715	0	0	0.00	2.09	47.85	0.00	0.00	49.94	0.00	0.00	0.00	54	58	111.89	44.09	0.00	0.00
1200	50.00	2400	2400	0.20	5003	0	0	9	701	0	0	0.00	0.01	49.99	0.00	0.00	50.00	0.00	0.00	0.00	55	57	112.08	44.01	0.00	0.00
1201	50.03	2400	2400	0.20	4912	0	0	16	673	0	0	0.00	0.95	49.02	0.00	0.00	49.97	0.00	0.00	0.00	54	58	111.91	44.09	0.00	0.00
1202	50.07	2400	2400	0.20	9794	0	0	11	756	0	0	0.00	0.00	49.93	0.00	0.00	49.93	0.00	0.00	0.00	54	58	112.02	44.04	0.00	0.00
1201	50.04	2400	2400	0.20	5452	0	0	27	658	0	0	0.00	0.07	49.90	0.00	0.00	49.96	0.00	0.00	0.00	54	58	111.95	43.99	0.00	0.00
1201	50.04	2400	2400	0.20	5074	0	0	10	685	0	0	0.00	0.01	49.96	0.00	0.00	49.96	0.00	0.00	0.00	54	58	112.22	44.22	0.00	0.00
1201	50.05	2400	2400	0.20	10087	0	0	11	697	0	0	0.00	0.00	49.95	0.00	0.00	49.95	0.00	0.00	0.00	54	57	112.09	44.27	0.00	0.00
1201	50.04	2400	2400	0.20	18371	0	0	15	756	0	0	0.00	1.43	48.54	0.00	0.00	49.96	0.00	0.00	0.00	55	57	111.71	44.10	0.00	0.00
1202	50.08	2400	2400	0.20	5224	0	0	9	780	0	0	0.00	0.05	49.88	0.00	0.00	49.92	0.00	0.00	0.00	54	58	111.87	43.86	0.00	0.00
1201	50.06	2400	2400	0.20	19796	0	0	6	770	0	0	0.00	0.00	49.94	0.00	0.00	49.94	0.00	0.00	0.00	54	57	111.57	43.75	0.00	0.00
1201	50.06	2400	2400	0.20	17423	0	0	5	766	0	0	0.00	0.00	49.94	0.00	0.00	49.94	0.00	0.00	0.00	54	57	112.00	44.01	0.00	0.00
1200	50.00	2400	2400	0.20	18015	0	0	19	822	0	0	0.00	0.02	49.98	0.00	0.00	50.00	0.00	0.00	0.00	55	58	111.73	44.31	0.00	0.00
1202	50.06	2400	2400	0.20	17196	0	0	11	809	0	0	0.00	0.38	49.57	0.00	0.00	49.94	0.00	0.00	0.00	54	57	111.81	43.88	0.00	0.00
1201	50.06	2400	2400	0.19	14812	0	0	7	779	0	0	0.00	0.54	49.40	0.00	0.00	49.94	0.00	0.00	0.00	55	58	111.27	43.89	0.00	0.00
1201	50.06	2400	2400	0.19	16830	0	0	14	691	0	0	0.00	0.06	49.88	0.00	0.00	49.94	0.00	0.00	0.00	55	58	111.47	44.14	0.00	0.00
1202	50.07	2400	2400	0.19	19209	0	0	12	695	0	0	0.00	0.01	49.93	0.00	0.00	49.93	0.00	0.00	0.00	55	56	111.09	43.96	0.00	0.00
1202	50.08	2400	2400	0.18	19397	0	0	7	668	0	0	0.00	0.00	49.92	0.00	0.00	49.92	0.00	0.00	0.00	55	58	110.94	44.17	0.00	0.00
1202	50.07	2400	2400	0.19	17876	0	0	9	672	0	0	0.00	0.06	49.88	0.00	0.00	49.93	0.00	0.00	0.00	55	58	111.40	44.02	0.00	0.00
1202	50.08	2400	2400	0.19	17310	0	0	14	728	0	0	0.00	0.03	49.90	0.00	0.00	49.92	0.00	0.00	0.00	55	58	111.55	43.87	0.00	0.00
1202	50.06	2400	2400	0.19	14791	0	0	3	688	0	0	0.00	0.00	49.94	0.00	0.00	49.94	0.00	0.00	0.00	54	58	110.76	43.66	0.00	0.00
1201	50.05	2400	2400	0.19	18501	0	0	9	669	0	0	0.00	0.72	49.23	0.00	0.00	49.95	0.00	0.00	0.00	56	58	111.03	43.69	0.00	0.00
1202	50.07	2400	2400	0.19	18395	0	0	15	709	0	0	0.00	0.69	49.24	0.00	0.00	49.93	0.00	0.00	0.00	55	59	111.24	43.72	0.00	0.00
1201	50.03	2400	2400	0.19	18050	0	0	20	675	0	0	0.00	0.12	49.86	0.00	0.00	49.97	0.00	0.00	0.00	55	58	111.12	43.94	0.00	0.00
1201	50.04	2400	2400	0.19	5188	0	0	5	789	0	0	0.00	0.01	49.96	0.00	0.00	49.96	0.00	0.00	0.00	56	57	110.65	43.51	0.00	0.00
1201	50.06	2400	2400	0.19	19170	0	0	2	735	0	0	0.00	0.00	49.94	0.00	0.00	49.94	0.00	0.00	0.00	55	57	110.87	43.56	0.00	0.00
1201	50.06	2400	2400	0.19	17256	0	0	8	746	0	0	0.00	0.00	49.93	0.00	0.00	49.94	0.00	0.00	0.00	55	57	111.01	43.34	0.00	0.00
1170	50.03	2400	2340	0.19	18589	0	0	11	696	0	0	0.00	0.01	48.71	0.00	0.00	49.97	0.00	0.00	0.00	54	57	106.68	42.19	0.00	0.00
1202	50.07	2400	2400	0.18	18630	0	0	7	754	0	0	0.00	0.00	49.93	0.00	0.00	49.93	0.00	0.00	0.00	55	57	110.55	43.85	0.00	0.00
1201	50.04	2400	2400	0.17	17526	0	0	16	735	0	0	0.00	0.01	49.95	0.00	0.00	49.96	0.00	0.00	0.00	55	58	110.16	43.58	0.00	0.00
1202	50.08	2400	2400	0.17	17563	0	0	6	732	0	0	0.00	1.02	48.91	0.00	0.00	49.92	0.00	0.00	0.00	56	58	110.02	44.05	0.00	0.00
1202	50.07	2400	2400	0.16	17001	0	0	12	693	0	0	0.00	0.07	49.87	0.00	0.00	49.93	0.00	0.00	0.00	54	58	109.98	43.88	0.00	0.00
1201	50.03	2400	2400	0.17	18636	0	0	14	646	0	0	0.00	0.01	49.96	0.00	0.00	49.97	0.00	0.00	0.00	54	57	109.75	43.57	0.00	0.00
1204	50.02	2400	2407	0.16	19694	0	0	7	682	0	0	0.00	0.05	50.09	0.00	0.00	49.98	0.00	0.00	0.00	55	59	109.73	43.99	0.00	0.00
1197	50.02	2400	2393	0.18	20529	0	0	14	714	0	0	0.00	0.38	49.45	0.00	0.00	49.98	0.00	0.00	0.00	54	58	109.48	43.04	0.00	0.00
1201	50.05	2400	2400	0.18	21077	0	0	19	712	0	0	0.00	0.11	49.84	0.00	0.00	49.95	0.00	0.00	0.00	54	59	109.98	42.83	0.00	0.00
1202	50.07	2400	2400	0.18	21794	0	0	21	722	0	0	0.00	0.16	49.78	0.00	0.00	49.93	0.00	0.00	0.00	55	58	109.87	43.02	0.00	0.00
1204	50.16	2400	2400	0.18	21312	0	0	4	1003	0	0	0.00	0.00	49.84	0.00	0.00	49.84	0.00	0.00	0.00	55	58	109.96	42.99	0.00	0.00
1204	50.17	2400	2400	0.18	7997	0	0	65	905	0	0	0.00	6.42	43.41	0.00	0.00	49.83	0.00	0.00	0.00	54	58	109.62	43.05	0.00	0.00
1202	50.06	2400	2400	0.18	5166	0	0	10	712	0	0	0.00	0.04	49.91	0.00	0.00	49.94	0.00	0.00	0.00	54	58	109.45	42.93	0.00	0.00
1209	50.15	2400	2411	0.18	6659	0	0	14	720	0	0	0.00	0.28	49.80	0.00	0.00	49.85	0.00	0.00	0.00	54	57	110.61	43.07	0.00	0.00
1138	47.61	2400	2389	0.19	4952	0	0	27	741	0	0	0.00	0.28	51.88	0.00	0.00	52.39	0.00	0.00	0.00	55	58	108.13	42.55	0.00	0.00
1202	50.07	2400	2400	0.18	5203	0	0	12	706	0	0	0.00	0.02	49.91	0.00	0.00	49.93	0.00	0.00	0.00	55	57	109.92	43.06	0.00	0.00
1201	50.04	2400	2400	0.18	5145	0	0	10	684	0	0	0.00	0.01	49.95	0.00	0.00	49.96	0.00	0.00	0.00	55	57	109.82	43.22	0.00	0.00
1202	50.07	2400	2400	0.18	9276	0	0	19	712	0	0	0.00	0.85	49.08	0.00	0.00	49.93	0.00	0.00	0.00	54	57	110.03	43.08	0.00	0.00
1201	50.04	2400	2400	0.17	5224	0	0	15	797	0	0	0.00	0.01	49.95	0.00	0.00	49.96	0.00	0.00	0.00	54	57	109.49	43.31	0.00	0.00
1202	50.06	2400	2400	0.17	5193	0	0	0	729	0	0	0.00	0.00	49.94	0.00	0.00	49.94	0.00	0.00	0.00	55	58	109.63	43.55	0.00	0.00
1202	50.08	2400	2400	0.18	15404	0	0	3	720	0	0	0.00	0.00	49.93	0.00	0.00	49.92	0.00	0.00	0.00	55	57	109.96	43.27	0.00	0.00
1201	50.06	2400	2400	0.18	25294	0	0	15	710	0	0	0.00	0.12	49.83	0.00	0.00	49.94	0.00	0.00	0.00	55	57	109.56	43.12	0.00	0.00
1201	50.04	2400	2400	0.16	23048	0	0	16	707	0	0	0.00	0.13	49.84	0.00	0.00	49.96	0.00	0.00	0.00	54	58	108.77	43.02	0.00	0.00
1202	50.07	2400	2400	0.15	20431	0	0	0	666	0	0	0.00	0.00	49.93	0.00	0.00	49.93	0.00	0.00	0.00	54	57	108.34	43.35	0.00	0.00
1201	50.03	2400	2400	0.16	21645	0	0	14	714	0	0	0.00	0.01	49.97	0.00	0.00	49.97	0.00	0.00	0.00	55	58	109.01	43.15	0.00	0.00
1203	50.13	2400	2400	0.17	2488	0	0	3	500	0	0	0.00	0.18	49.70	0.00	0.00	49.87	0.00	0.00	0.00	55	57	108.86	43.02	0.00	0.00
