Avg_MHz	Busy%	Bzy_MHz	TSC_MHz	IPC	IRQ	SMI	POLL	C1	C1E	C3	C6	POLL%	C1%	C1E%	C3%	C6%	CPU%c1	CPU%c3	CPU%c6	CPU%c7	CoreTmp	PkgTmp	PkgWatt	RAMWatt	PKG_%	RAM_%
2390	99.41	2400	2404	0.15	319710	0	0	139	297	0	0	0.00	0.00	0.59	0.00	0.00	0.59	0.00	0.00	0.00	54	57	113.78	41.54	0.00	0.00
2394	99.75	2400	2400	0.16	306377	0	0	201	731	0	0	0.00	0.04	0.22	0.00	0.00	0.25	0.00	0.00	0.00	54	56	114.73	41.75	0.00	0.00
2400	100.00	2400	2400	0.16	142396	0	0	78	183	0	0	0.00	0.00	0.00	0.00	0.00	0.00	0.00	0.00	0.00	54	56	115.06	42.10	0.00	0.00
2401	100.00	2400	2401	0.19	175184	0	0	28	396	0	0	0.00	0.00	0.00	0.00	0.00	0.00	0.00	0.00	0.00	56	57	117.57	43.12	0.00	0.00
2401	99.99	2400	2401	0.24	501961	0	0	25	327	0	0	0.00	0.00	0.01	0.00	0.00	0.01	0.00	0.00	0.00	55	58	124.38	45.28	0.00	0.00
2400	100.00	2400	2400	0.23	44889	0	0	0	175	0	0	0.00	0.00	0.00	0.00	0.00	0.00	0.00	0.00	0.00	56	57	124.62	45.00	0.00	0.00
1837	76.39	2400	2404	0.35	8192	0	0	7	242	0	0	0.00	1.46	22.19	0.00	0.00	23.61	0.00	0.00	0.00	54	57	116.99	42.41	0.00	0.00
1158	48.21	2400	2402	0.45	24725	0	0	250	329	0	0	0.00	5.91	45.92	0.00	0.00	51.79	0.00	0.00	0.00	55	57	111.75	41.44	0.00	0.00
779	32.45	2400	2400	0.16	3082	0	0	0	675	0	0	0.00	0.00	67.56	0.00	0.00	67.55	0.00	0.00	0.00	54	57	84.72	35.58	0.00	0.00
751	31.31	2399	2401	0.14	42577	0	0	50	737	0	0	0.00	0.00	68.72	0.00	0.00	68.69	0.00	0.00	0.00	54	57	82.66	35.74	0.00	0.00
751	31.32	2399	2400	0.18	33171	0	0	63	639	0	0	0.00	4.14	64.53	0.00	0.00	68.68	0.00	0.00	0.00	55	56	84.73	36.12	0.00	0.00
731	30.47	2400	2400	0.24	28355	0	0	22	696	0	0	0.00	0.68	68.84	0.00	0.00	69.53	0.00	0.00	0.00	53	57	90.38	36.63	0.00	0.00
677	28.19	2399	2401	0.17	3586	0	0	8	747	0	0	0.00	0.10	71.74	0.00	0.00	71.81	0.00	0.00	0.00	55	56	83.31	36.06	0.00	0.00
677	28.19	2399	2400	0.16	7052	0	0	116	618	0	0	0.00	1.41	70.40	0.00	0.00	71.81	0.00	0.00	0.00	53	57	82.98	35.96	0.00	0.00
636	26.51	2400	2400	0.24	3033	0	0	83	593	0	0	0.00	1.02	72.47	0.00	0.00	73.49	0.00	0.00	0.00	54	56	87.57	36.43	0.00	0.00
1635	68.38	2400	2391	0.28	7613	0	0	27	480	0	0	0.00	0.71	30.80	0.00	0.00	31.62	0.00	0.00	0.00	53	56	106.54	40.77	0.00	0.00
2400	100.00	2400	2400	0.20	17243	0	0	24	91	0	0	0.00	0.00	0.00	0.00	0.00	0.00	0.00	0.00	0.00	54	56	119.84	44.05	0.00	0.00
2400	100.00	2400	2400	0.20	29500	0	0	15	105	0	0	0.00	0.00	0.00	0.00	0.00	0.00	0.00	0.00	0.00	55	57	120.41	44.38	0.00	0.00
2400	100.00	2400	2400	0.20	8326	0	0	0	0	0	0	0.00	0.00	0.00	0.00	0.00	0.00	0.00	0.00	0.00	55	57	120.00	44.03	0.00	0.00
2400	100.00	2400	2400	0.20	26091	0	0	0	0	0	0	0.00	0.00	0.00	0.00	0.00	0.00	0.00	0.00	0.00	55	57	120.12	44.21	0.00	0.00
2298	95.51	2400	2406	0.26	7959	0	0	6	65	0	0	0.00	0.17	4.32	0.00	0.00	4.49	0.00	0.00	0.00	54	57	118.00	42.87	0.00	0.00
1239	51.61	2400	2401	0.13	18677	0	0	10	578	0	0	0.00	2.95	45.45	0.00	0.00	48.39	0.00	0.00	0.00	54	58	90.60	36.42	0.00	0.00
1201	50.04	2400	2400	0.17	4479	0	0	2	583	0	0	0.00	0.02	49.93	0.00	0.00	49.96	0.00	0.00	0.00	54	57	95.24	38.16	0.00	0.00
1146	47.74	2400	2401	0.12	5077	0	0	16	630	0	0	0.00	0.23	52.05	0.00	0.00	52.26	0.00	0.00	0.00	53	57	85.98	36.54	0.00	0.00
1117	46.55	2400	2400	0.16	4184	0	0	216	367	0	0	0.00	2.63	50.81	0.00	0.00	53.45	0.00	0.00	0.00	55	56	91.23	37.26	0.00	0.00
1051	43.80	2400	2401	0.11	17628	0	0	4	576	0	0	0.00	0.05	56.17	0.00	0.00	56.20	0.00	0.00	0.00	54	57	83.54	36.25	0.00	0.00
1047	43.64	2400	2400	0.19	3962	0	0	4	612	0	0	0.00	0.20	56.16	0.00	0.00	56.36	0.00	0.00	0.00	53	57	92.94	37.56	0.00	0.00
963	40.12	2400	2400	0.18	3627	0	0	0	616	0	0	0.00	0.00	59.89	0.00	0.00	59.88	0.00	0.00	0.00	53	57	90.13	37.24	0.00	0.00
901	37.55	2399	2400	0.14	3749	0	0	12	651	0	0	0.00	0.02	62.43	0.00	0.00	62.45	0.00	0.00	0.00	54	57	84.09	36.51	0.00	0.00
902	37.56	2400	2401	0.13	3394	0	0	180	433	0	0	0.00	2.14	60.31	0.00	0.00	62.44	0.00	0.00	0.00	55	57	84.21	36.37	0.00	0.00
887	36.99	2400	2400	0.19	3464	0	0	178	450	0	0	0.00	2.10	60.91	0.00	0.00	63.01	0.00	0.00	0.00	54	56	88.45	36.96	0.00	0.00
773	32.21	2400	2401	0.25	4251	0	0	292	489	0	0	0.00	3.25	64.56	0.00	0.00	67.79	0.00	0.00	0.00	55	57	86.20	36.72	0.00	0.00
1993	83.41	2400	2390	0.23	15554	0	0	26	372	0	0	0.00	0.28	16.24	0.00	0.00	16.59	0.00	0.00	0.00	55	57	108.41	40.21	0.00	0.00
2398	100.00	2400	2398	0.15	8260	0	0	0	1	0	0	0.00	0.00	0.00	0.00	0.00	0.00	0.00	0.00	0.00	55	57	113.62	41.76	0.00	0.00
2401	100.00	2400	2401	0.14	15010	0	0	0	0	0	0	0.00	0.00	0.00	0.00	0.00	0.00	0.00	0.00	0.00	54	57	113.46	41.68	0.00	0.00
2399	100.00	2400	2399	0.14	8459	0	0	0	1	0	0	0.00	0.00	0.00	0.00	0.00	0.00	0.00	0.00	0.00	55	57	113.06	41.67	0.00	0.00
2401	100.00	2400	2401	0.14	43471	0	0	0	0	0	0	0.00	0.00	0.00	0.00	0.00	0.00	0.00	0.00	0.00	55	57	113.41	41.71	0.00	0.00
2382	99.25	2400	2400	0.14	9175	0	0	6	69	0	0	0.00	0.00	0.75	0.00	0.00	0.75	0.00	0.00	0.00	54	57	113.14	41.40	0.00	0.00
2400	100.00	2400	2400	0.14	8312	0	0	0	1	0	0	0.00	0.00	0.00	0.00	0.00	0.00	0.00	0.00	0.00	55	57	113.44	41.86	0.00	0.00
2399	100.00	2400	2399	0.14	18371	0	0	33	39	0	0	0.00	0.00	0.00	0.00	0.00	0.00	0.00	0.00	0.00	55	56	113.31	41.61	0.00	0.00
2400	100.00	2400	2400	0.14	8353	0	0	0	0	0	0	0.00	0.00	0.00	0.00	0.00	0.00	0.00	0.00	0.00	54	57	112.88	41.35	0.00	0.00
2265	94.01	2400	2409	0.23	28091	0	0	20	154	0	0	0.00	0.67	5.35	0.00	0.00	5.99	0.00	0.00	0.00	55	57	113.12	40.67	0.00	0.00
1201	50.05	2400	2400	0.14	7227	0	0	55	668	0	0	0.00	0.11	49.85	0.00	0.00	49.95	0.00	0.00	0.00	55	57	89.89	37.52	0.00	0.00
1151	47.93	2400	2401	0.21	11203	0	0	161	711	0	0	0.00	0.86	51.22	0.00	0.00	52.07	0.00	0.00	0.00	54	56	95.99	38.15	0.00	0.00
1051	43.80	2400	2400	0.14	3938	0	0	6	588	0	0	0.00	0.05	56.16	0.00	0.00	56.20	0.00	0.00	0.00	54	57	85.26	37.06	0.00	0.00
1032	43.02	2400	2400	0.18	10553	0	0	190	399	0	0	0.00	2.27	54.71	0.00	0.00	56.98	0.00	0.00	0.00	55	58	89.34	37.39	0.00	0.00
942	39.26	2400	2401	0.22	5639	0	0	181	611	0	0	0.00	2.50	58.26	0.00	0.00	60.74	0.00	0.00	0.00	55	57	89.59	37.39	0.00	0.00
1764	73.83	2400	2390	0.25	6351	0	0	37	531	0	0	0.00	0.42	25.64	0.00	0.00	26.17	0.00	0.00	0.00	55	57	104.72	39.50	0.00	0.00
2399	99.95	2400	2400	0.13	14894	0	0	2	10	0	0	0.00	0.00	0.05	0.00	0.00	0.05	0.00	0.00	0.00	54	57	112.38	41.20	0.00	0.00
2401	99.99	2400	2401	0.13	8251	0	0	0	1	0	0	0.00	0.00	0.01	0.00	0.00	0.01	0.00	0.00	0.00	54	57	112.47	41.19	0.00	0.00
2398	100.00	2400	2398	0.14	29336	0	0	29	60	0	0	0.00	0.00	0.00	0.00	0.00	0.00	0.00	0.00	0.00	55	56	112.41	41.17	0.00	0.00
2400	100.00	2400	2400	0.13	8277	0	0	0	0	0	0	0.00	0.00	0.00	0.00	0.00	0.00	0.00	0.00	0.00	55	57	112.27	41.04	0.00	0.00
2400	100.00	2400	2400	0.13	14791	0	0	1	0	0	0	0.00	0.00	0.00	0.00	0.00	0.00	0.00	0.00	0.00	55	57	112.51	41.25	0.00	0.00
2398	99.93	2400	2400	0.13	15960	0	0	62	95	0	0	0.00	0.01	0.06	0.00	0.00	0.07	0.00	0.00	0.00	56	57	112.39	41.15	0.00	0.00
2400	100.00	2400	2400	0.13	9776	0	0	0	1	0	0	0.00	0.00	0.00	0.00	0.00	0.00	0.00	0.00	0.00	54	57	112.48	41.13	0.00	0.00
2399	99.99	2400	2400	0.13	9780	0	0	0	1	0	0	0.00	0.00	0.01	0.00	0.00	0.01	0.00	0.00	0.00	55	56	112.43	41.33	0.00	0.00
2399	100.00	2400	2399	0.13	12781	0	0	0	0	0	0	0.00	0.00	0.00	0.00	0.00	0.00	0.00	0.00	0.00	54	57	112.38	41.17	0.00	0.00
2395	99.80	2400	2400	0.13	8256	0	0	0	17	0	0	0.00	0.00	0.20	0.00	0.00	0.20	0.00	0.00	0.00	55	57	112.37	41.36	0.00	0.00
2400	100.00	2400	2400	0.13	8363	0	0	0	1	0	0	0.00	0.00	0.00	0.00	0.00	0.00	0.00	0.00	0.00	55	57	112.20	41.23	0.00	0.00
2372	98.75	2400	2402	0.15	8188	0	0	0	95	0	0	0.00	0.00	1.25	0.00	0.00	1.25	0.00	0.00	0.00	55	57	112.89	41.07	0.00	0.00
1368	56.78	2400	2409	0.32	4921	0	0	274	166	0	0	0.00	7.74	35.65	0.00	0.00	43.22	0.00	0.00	0.00	54	57	96.64	37.63	0.00	0.00
2348	98.27	2400	2389	0.17	10759	0	0	27	163	0	0	0.00	0.22	1.50	0.00	0.00	1.73	0.00	0.00	0.00	55	57	112.09	40.82	0.00	0.00
2399	100.00	2400	2399	0.13	8370	0	0	0	0	0	0	0.00	0.00	0.00	0.00	0.00	0.00	0.00	0.00	0.00	55	57	112.38	41.21	0.00	0.00
2401	100.00	2400	2401	0.14	29153	0	0	0	0	0	0	0.00	0.00	0.00	0.00	0.00	0.00	0.00	0.00	0.00	55	57	112.71	41.35	0.00	0.00
2400	100.00	2400	2400	0.13	8326	0	0	0	0	0	0	0.00	0.00	0.00	0.00	0.00	0.00	0.00	0.00	0.00	55	57	112.41	41.32	0.00	0.00
2401	100.00	2400	2401	0.14	8628	0	0	3	1	0	0	0.00	0.00	0.00	0.00	0.00	0.00	0.00	0.00	0.00	55	58	112.87	41.30	0.00	0.00
2398	99.99	2400	2398	0.13	8415	0	0	0	1	0	0	0.00	0.00	0.01	0.00	0.00	0.01	0.00	0.00	0.00	55	59	112.28	41.09	0.00	0.00
2400	100.00	2400	2400	0.14	8303	0	0	0	1	0	0	0.00	0.00	0.00	0.00	0.00	0.00	0.00	0.00	0.00	55	57	112.80	41.44	0.00	0.00
2400	100.00	2400	2400	0.13	8346	0	0	0	0	0	0	0.00	0.00	0.00	0.00	0.00	0.00	0.00	0.00	0.00	55	57	112.69	41.15	0.00	0.00
2401	100.00	2400	2401	0.13	8280	0	0	0	0	0	0	0.00	0.00	0.00	0.00	0.00	0.00	0.00	0.00	0.00	55	58	112.68	41.25	0.00	0.00
2399	100.00	2400	2399	0.13	8351	0	0	0	0	0	0	0.00	0.00	0.00	0.00	0.00	0.00	0.00	0.00	0.00	55	58	112.48	41.17	0.00	0.00
2394	99.71	2400	2401	0.14	8343	0	0	0	25	0	0	0.00	0.00	0.29	0.00	0.00	0.29	0.00	0.00	0.00	55	58	112.89	41.33	0.00	0.00
1588	66.10	2400	2402	0.26	5605	0	0	178	179	0	0	0.00	7.67	26.26	0.00	0.00	33.90	0.00	0.00	0.00	53	57	99.51	38.13	0.00	0.00
1161	48.34	2400	2402	0.16	4367	0	0	144	513	0	0	0.00	1.67	50.03	0.00	0.00	51.66	0.00	0.00	0.00	52	57	91.48	37.55	0.00	0.00
1094	45.58	2400	2401	0.18	4052	0	0	115	463	0	0	0.00	1.36	53.10	0.00	0.00	54.42	0.00	0.00	0.00	52	57	92.15	37.74	0.00	0.00
1208	50.47	2400	2394	0.30	8600	0	0	164	377	0	0	0.00	1.81	47.59	0.00	0.00	49.53	0.00	0.00	0.00	54	56	94.99	37.60	0.00	0.00
2400	100.00	2400	2400	0.14	8351	0	0	0	1	0	0	0.00	0.00	0.00	0.00	0.00	0.00	0.00	0.00	0.00	54	56	112.82	41.38	0.00	0.00
2400	100.00	2400	2400	0.14	8351	0	0	0	0	0	0	0.00	0.00	0.00	0.00	0.00	0.00	0.00	0.00	0.00	55	57	112.76	41.34	0.00	0.00
2399	100.00	2400	2399	0.14	8358	0	0	0	0	0	0	0.00	0.00	0.00	0.00	0.00	0.00	0.00	0.00	0.00	54	57	112.81	41.38	0.00	0.00
2401	100.00	2400	2401	0.14	8280	0	0	0	0	0	0	0.00	0.00	0.00	0.00	0.00	0.00	0.00	0.00	0.00	55	57	112.73	41.37	0.00	0.00
2398	100.00	2400	2398	0.14	12414	0	0	0	0	0	0	0.00	0.00	0.00	0.00	0.00	0.00	0.00	0.00	0.00	55	57	112.82	41.44	0.00	0.00
2401	100.00	2400	2401	0.14	8337	0	0	0	0	0	0	0.00	0.00	0.00	0.00	0.00	0.00	0.00	0.00	0.00	56	57	112.78	41.45	0.00	0.00
2400	100.00	2400	2400	0.14	22582	0	0	0	0	0	0	0.00	0.00	0.00	0.00	0.00	0.00	0.00	0.00	0.00	55	57	113.13	41.45	0.00	0.00
2400	100.00	2400	2400	0.14	8338	0	0	0	0	0	0	0.00	0.00	0.00	0.00	0.00	0.00	0.00	0.00	0.00	56	57	113.07	41.47	0.00	0.00
2400	100.00	2400	2400	0.14	17264	0	0	4	49	0	0	0.00	0.00	0.00	0.00	0.00	0.00	0.00	0.00	0.00	55	57	113.19	41.35	0.00	0.00
2397	99.83	2400	2401	0.15	27536	0	0	0	15	0	0	0.00	0.00	0.17	0.00	0.00	0.17	0.00	0.00	0.00	56	58	113.60	41.59	0.00	0.00
1609	66.96	2400	2403	0.25	5728	0	0	181	204	0	0	0.00	6.71	26.37	0.00	0.00	33.04	0.00	0.00	0.00	53	56	99.51	37.86	0.00	0.00
1200	50.00	2400	2400	0.11	4369	0	0	283	258	0	0	0.00	3.26	46.75	0.00	0.00	50.00	0.00	0.00	0.00	52	56	88.88	36.92	0.00	0.00
1165	48.54	2400	2399	0.15	4309	0	0	136	456	0	0	0.00	1.60	49.85	0.00	0.00	51.46	0.00	0.00	0.00	52	57	91.25	37.35	0.00	0.00
1088	45.28	2400	2402	0.16	4039	0	0	274	318	0	0	0.00	3.78	50.98	0.00	0.00	54.72	0.00	0.00	0.00	52	56	91.14	37.28	0.00	0.00
1020	42.45	2400	2402	0.21	9997	0	0	127	500	0	0	0.00	3.17	54.43	0.00	0.00	57.55	0.00	0.00	0.00	53	56	91.58	37.01	0.00	0.00
1559	65.14	2400	2393	0.26	5668	0	0	121	330	0	0	0.00	2.88	31.88	0.00	0.00	34.86	0.00	0.00	0.00	54	57	101.77	38.59	0.00	0.00
2400	100.00	2400	2400	0.15	36699	0	0	21	93	0	0	0.00	0.00	0.00	0.00	0.00	0.00	0.00	0.00	0.00	54	57	113.93	41.74	0.00	0.00
2400	100.00	2400	2400	0.15	8325	0	0	0	0	0	0	0.00	0.00	0.00	0.00	0.00	0.00	0.00	0.00	0.00	55	57	113.89	41.91	0.00	0.00
2400	100.00	2400	2400	0.15	8333	0	0	0	0	0	0	0.00	0.00	0.00	0.00	0.00	0.00	0.00	0.00	0.00	54	57	114.09	41.96	0.00	0.00
2400	100.00	2400	2400	0.15	21081	0	0	136	112	0	0	0.00	0.00	0.00	0.00	0.00	0.00	0.00	0.00	0.00	54	58	114.05	41.67	0.00	0.00
2400	100.00	2400	2400	0.15	8287	0	0	0	0	0	0	0.00	0.00	0.00	0.00	0.00	0.00	0.00	0.00	0.00	54	58	114.27	41.79	0.00	0.00
2399	99.99	2400	2400	0.15	8342	0	0	1	1	0	0	0.00	0.00	0.01	0.00	0.00	0.01	0.00	0.00	0.00	55	57	114.21	41.91	0.00	0.00
2399	100.00	2400	2399	0.15	8311	0	0	0	0	0	0	0.00	0.00	0.00	0.00	0.00	0.00	0.00	0.00	0.00	55	58	113.87	41.75	0.00	0.00
2401	100.00	2400	2401	0.15	8404	0	0	0	1	0	0	0.00	0.00	0.00	0.00	0.00	0.00	0.00	0.00	0.00	55	57	114.27	41.93	0.00	0.00
1728	71.94	2400	2402	0.26	5966	0	0	176	145	0	0	0.00	5.54	22.55	0.00	0.00	28.06	0.00	0.00	0.00	53	57	102.17	38.53	0.00	0.00
1201	50.03	2400	2400	0.13	4565	0	0	189	540	0	0	0.00	1.95	48.02	0.00	0.00	49.97	0.00	0.00	0.00	53	57	90.94	37.29	0.00	0.00
1159	48.26	2400	2402	0.16	4254	0	0	103	468	0	0	0.00	1.15	50.62	0.00	0.00	51.74	0.00	0.00	0.00	53	57	92.12	37.49	0.00	0.00
1117	46.53	2400	2400	0.18	2784	0	0	35	445	0	0	0.00	3.23	50.26	0.00	0.00	53.47	0.00	0.00	0.00	53	57	93.17	37.62	0.00	0.00
