Avg_MHz	Busy%	Bzy_MHz	TSC_MHz	IPC	IRQ	SMI	POLL	C1	C1E	C3	C6	POLL%	C1%	C1E%	C3%	C6%	CPU%c1	CPU%c3	CPU%c6	CPU%c7	CoreTmp	PkgTmp	PkgWatt	RAMWatt	PKG_%	RAM_%
76	3.17	2397	2401	0.39	684	0	0	46	411	0	0	0.00	3.18	93.69	0.00	0.00	96.83	0.00	0.00	0.00	47	53	66.36	34.30	0.00	0.00
76	3.17	2397	2403	0.40	736	0	0	44	479	0	0	0.00	5.40	91.56	0.00	0.00	96.83	0.00	0.00	0.00	47	51	70.81	34.39	0.00	0.00
76	3.16	2397	2400	0.40	625	0	0	39	385	0	0	0.00	3.13	93.70	0.00	0.00	96.84	0.00	0.00	0.00	47	52	66.32	34.29	0.00	0.00
76	3.18	2397	2400	0.39	716	0	0	54	471	0	0	0.00	3.22	93.61	0.00	0.00	96.82	0.00	0.00	0.00	47	51	66.28	34.29	0.00	0.00
76	3.17	2396	2400	0.40	646	0	0	42	407	0	0	0.00	4.02	92.82	0.00	0.00	96.83	0.00	0.00	0.00	47	53	66.31	34.33	0.00	0.00
76	3.16	2397	2400	0.40	685	0	0	39	436	0	0	0.00	3.12	93.71	0.00	0.00	96.84	0.00	0.00	0.00	48	52	66.28	34.31	0.00	0.00
76	3.17	2396	2400	0.40	659	0	0	47	433	0	0	0.00	3.83	93.00	0.00	0.00	96.83	0.00	0.00	0.00	47	51	67.63	34.16	0.00	0.00
76	3.16	2397	2400	0.39	678	0	0	39	434	0	0	0.00	3.13	93.70	0.00	0.00	96.84	0.00	0.00	0.00	47	51	66.28	34.37	0.00	0.00
76	3.16	2396	2400	0.40	657	0	0	35	423	0	0	0.00	3.12	93.73	0.00	0.00	96.84	0.00	0.00	0.00	47	52	66.30	34.40	0.00	0.00
76	3.16	2397	2400	0.39	679	0	0	41	430	0	0	0.00	3.88	92.95	0.00	0.00	96.84	0.00	0.00	0.00	47	51	66.22	34.17	0.00	0.00
76	3.16	2397	2400	0.40	616	0	0	34	378	0	0	0.00	3.12	93.72	0.00	0.00	96.84	0.00	0.00	0.00	46	52	66.32	34.12	0.00	0.00
76	3.16	2397	2400	0.40	662	0	0	44	423	0	0	0.00	4.19	92.65	0.00	0.00	96.84	0.00	0.00	0.00	47	51	66.27	34.25	0.00	0.00
76	3.16	2397	2400	0.39	648	0	0	38	411	0	0	0.00	3.12	93.71	0.00	0.00	96.84	0.00	0.00	0.00	47	51	66.27	34.42	0.00	0.00
77	3.22	2397	2400	0.42	960	0	0	166	606	0	0	0.00	42.47	54.32	0.00	0.00	96.78	0.00	0.00	0.00	47	52	71.46	34.39	0.00	0.00
77	3.22	2396	2400	0.42	912	0	0	38	683	0	0	0.00	3.13	93.65	0.00	0.00	96.78	0.00	0.00	0.00	46	51	66.44	34.19	0.00	0.00
76	3.16	2397	2400	0.40	668	0	0	47	429	0	0	0.00	3.59	93.25	0.00	0.00	96.84	0.00	0.00	0.00	46	52	66.31	34.27	0.00	0.00
76	3.16	2397	2400	0.39	622	0	0	35	393	0	0	0.00	3.12	93.71	0.00	0.00	96.84	0.00	0.00	0.00	47	52	66.27	34.26	0.00	0.00
77	3.23	2396	2400	0.42	673	0	0	46	429	0	0	0.00	3.42	93.35	0.00	0.00	96.77	0.00	0.00	0.00	46	51	66.33	34.32	0.00	0.00
76	3.17	2396	2400	0.40	682	0	0	33	432	0	0	0.00	3.13	93.71	0.00	0.00	96.83	0.00	0.00	0.00	47	52	66.27	34.37	0.00	0.00
76	3.16	2397	2400	0.39	661	0	0	54	420	0	0	0.00	3.78	93.04	0.00	0.00	96.84	0.00	0.00	0.00	46	53	66.24	34.52	0.00	0.00
76	3.16	2396	2400	0.40	616	0	0	37	377	0	0	0.00	3.12	93.73	0.00	0.00	96.84	0.00	0.00	0.00	47	52	66.27	34.14	0.00	0.00
76	3.17	2397	2399	0.40	731	0	0	45	498	0	0	0.00	3.16	93.65	0.00	0.00	96.83	0.00	0.00	0.00	46	51	66.32	34.33	0.00	0.00
76	3.16	2397	2401	0.40	617	0	0	33	385	0	0	0.00	3.12	93.74	0.00	0.00	96.84	0.00	0.00	0.00	46	52	66.33	34.30	0.00	0.00
76	3.16	2397	2400	0.40	642	0	0	40	402	0	0	0.00	3.12	93.70	0.00	0.00	96.84	0.00	0.00	0.00	47	51	66.22	34.16	0.00	0.00
76	3.17	2397	2400	0.39	625	0	0	42	390	0	0	0.00	4.09	92.74	0.00	0.00	96.83	0.00	0.00	0.00	46	52	68.19	34.30	0.00	0.00
76	3.16	2396	2400	0.39	675	0	0	40	431	0	0	0.00	3.12	93.73	0.00	0.00	96.84	0.00	0.00	0.00	47	51	66.26	34.31	0.00	0.00
76	3.16	2397	2400	0.40	623	0	0	34	400	0	0	0.00	3.12	93.70	0.00	0.00	96.84	0.00	0.00	0.00	47	52	66.25	34.12	0.00	0.00
76	3.16	2396	2400	0.40	706	0	0	57	461	0	0	0.00	4.10	92.75	0.00	0.00	96.84	0.00	0.00	0.00	47	51	67.53	34.23	0.00	0.00
76	3.16	2396	2400	0.39	654	0	0	39	423	0	0	0.00	3.14	93.68	0.00	0.00	96.84	0.00	0.00	0.00	47	53	66.27	34.24	0.00	0.00
76	3.16	2396	2400	0.40	666	0	0	42	422	0	0	0.00	3.15	93.70	0.00	0.00	96.84	0.00	0.00	0.00	47	52	66.28	34.29	0.00	0.00
76	3.16	2397	2400	0.40	622	0	0	38	389	0	0	0.00	3.12	93.70	0.00	0.00	96.84	0.00	0.00	0.00	47	52	66.25	34.38	0.00	0.00
76	3.17	2397	2400	0.40	771	0	0	39	533	0	0	0.00	3.12	93.72	0.00	0.00	96.83	0.00	0.00	0.00	47	52	66.26	34.32	0.00	0.00
76	3.16	2396	2400	0.40	643	0	0	35	404	0	0	0.00	3.12	93.72	0.00	0.00	96.84	0.00	0.00	0.00	47	52	66.27	34.32	0.00	0.00
76	3.17	2396	2400	0.39	767	0	0	44	512	0	0	0.00	3.22	93.62	0.00	0.00	96.83	0.00	0.00	0.00	47	52	66.26	34.25	0.00	0.00
76	3.17	2397	2400	0.40	698	0	0	34	460	0	0	0.00	3.12	93.70	0.00	0.00	96.83	0.00	0.00	0.00	47	51	66.28	34.23	0.00	0.00
76	3.16	2397	2400	0.39	691	0	0	41	443	0	0	0.00	3.12	93.73	0.00	0.00	96.84	0.00	0.00	0.00	47	50	66.29	34.29	0.00	0.00
76	3.17	2398	2400	0.40	666	0	0	38	439	0	0	0.00	4.56	92.26	0.00	0.00	96.83	0.00	0.00	0.00	46	51	69.02	34.39	0.00	0.00
76	3.16	2397	2400	0.40	707	0	0	44	463	0	0	0.00	3.14	93.69	0.00	0.00	96.84	0.00	0.00	0.00	46	52	66.32	34.35	0.00	0.00
76	3.16	2397	2400	0.39	622	0	0	34	387	0	0	0.00	3.12	93.72	0.00	0.00	96.84	0.00	0.00	0.00	46	52	66.26	34.31	0.00	0.00
76	3.16	2397	2400	0.40	633	0	0	35	394	0	0	0.00	3.12	93.72	0.00	0.00	96.84	0.00	0.00	0.00	46	51	66.26	34.24	0.00	0.00
76	3.16	2397	2400	0.40	612	0	0	38	391	0	0	0.00	3.12	93.71	0.00	0.00	96.84	0.00	0.00	0.00	46	51	66.29	34.29	0.00	0.00
76	3.16	2396	2400	0.40	692	0	0	40	454	0	0	0.00	3.12	93.71	0.00	0.00	96.84	0.00	0.00	0.00	46	51	66.47	34.41	0.00	0.00
76	3.16	2396	2400	0.39	634	0	0	38	399	0	0	0.00	3.12	93.73	0.00	0.00	96.84	0.00	0.00	0.00	46	51	66.26	34.29	0.00	0.00
76	3.16	2397	2400	0.40	655	0	0	40	415	0	0	0.00	3.52	93.31	0.00	0.00	96.84	0.00	0.00	0.00	46	51	67.02	34.19	0.00	0.00
76	3.17	2397	2400	0.39	629	0	0	34	402	0	0	0.00	3.13	93.69	0.00	0.00	96.83	0.00	0.00	0.00	46	51	66.28	34.31	0.00	0.00
76	3.16	2396	2400	0.40	736	0	0	35	494	0	0	0.00	3.12	93.72	0.00	0.00	96.84	0.00	0.00	0.00	46	52	66.25	34.23	0.00	0.00
76	3.17	2396	2400	0.40	694	0	0	33	469	0	0	0.00	3.12	93.72	0.00	0.00	96.83	0.00	0.00	0.00	46	51	66.29	34.31	0.00	0.00
76	3.16	2397	2400	0.40	676	0	0	40	438	0	0	0.00	3.12	93.72	0.00	0.00	96.84	0.00	0.00	0.00	46	51	66.95	34.40	0.00	0.00
76	3.17	2396	2400	0.40	639	0	0	40	408	0	0	0.00	3.69	93.14	0.00	0.00	96.83	0.00	0.00	0.00	46	51	66.24	34.33	0.00	0.00
76	3.16	2397	2400	0.39	723	0	0	45	476	0	0	0.00	3.15	93.67	0.00	0.00	96.84	0.00	0.00	0.00	46	51	66.34	34.28	0.00	0.00
76	3.16	2396	2401	0.40	623	0	0	35	391	0	0	0.00	3.12	93.73	0.00	0.00	96.84	0.00	0.00	0.00	46	50	66.27	34.09	0.00	0.00
76	3.16	2397	2400	0.39	709	0	0	39	486	0	0	0.00	3.12	93.70	0.00	0.00	96.84	0.00	0.00	0.00	46	51	67.76	34.28	0.00	0.00
76	3.16	2397	2400	0.40	712	0	0	45	476	0	0	0.00	5.89	90.96	0.00	0.00	96.84	0.00	0.00	0.00	47	51	71.68	34.35	0.00	0.00
76	3.16	2398	2400	0.40	662	0	0	43	419	0	0	0.00	3.15	93.68	0.00	0.00	96.84	0.00	0.00	0.00	46	51	66.29	34.14	0.00	0.00
76	3.17	2397	2400	0.39	662	0	0	44	418	0	0	0.00	3.62	93.21	0.00	0.00	96.83	0.00	0.00	0.00	46	52	67.21	34.34	0.00	0.00
76	3.16	2397	2400	0.40	615	0	0	33	390	0	0	0.00	3.12	93.73	0.00	0.00	96.84	0.00	0.00	0.00	47	52	66.25	34.20	0.00	0.00
76	3.17	2396	2400	0.40	725	0	0	43	486	0	0	0.00	3.12	93.70	0.00	0.00	96.83	0.00	0.00	0.00	48	50	66.26	34.15	0.00	0.00
76	3.16	2397	2400	0.40	676	0	0	42	445	0	0	0.00	3.12	93.73	0.00	0.00	96.84	0.00	0.00	0.00	46	51	66.28	34.29	0.00	0.00
76	3.16	2396	2400	0.40	673	0	0	43	430	0	0	0.00	3.89	92.94	0.00	0.00	96.84	0.00	0.00	0.00	46	51	66.27	34.23	0.00	0.00
76	3.16	2398	2400	0.39	648	0	0	39	416	0	0	0.00	3.12	93.70	0.00	0.00	96.84	0.00	0.00	0.00	46	50	66.23	34.33	0.00	0.00
76	3.16	2396	2400	0.39	652	0	0	39	410	0	0	0.00	3.12	93.72	0.00	0.00	96.84	0.00	0.00	0.00	46	52	66.25	34.17	0.00	0.00
76	3.16	2396	2400	0.40	703	0	0	38	481	0	0	0.00	3.12	93.72	0.00	0.00	96.84	0.00	0.00	0.00	46	50	66.28	34.34	0.00	0.00
76	3.17	2396	2400	0.40	654	0	0	41	412	0	0	0.00	3.17	93.67	0.00	0.00	96.83	0.00	0.00	0.00	46	50	66.37	34.26	0.00	0.00
76	3.16	2397	2400	0.39	652	0	0	38	424	0	0	0.00	3.12	93.70	0.00	0.00	96.84	0.00	0.00	0.00	47	52	66.23	34.26	0.00	0.00
76	3.17	2396	2400	0.40	690	0	0	37	448	0	0	0.00	3.12	93.71	0.00	0.00	96.83	0.00	0.00	0.00	46	53	66.63	34.17	0.00	0.00
76	3.16	2397	2400	0.40	700	0	0	37	468	0	0	0.00	3.12	93.72	0.00	0.00	96.84	0.00	0.00	0.00	46	51	66.26	34.25	0.00	0.00
76	3.16	2397	2400	0.40	653	0	0	37	426	0	0	0.00	5.30	91.53	0.00	0.00	96.84	0.00	0.00	0.00	46	50	70.52	34.29	0.00	0.00
76	3.16	2398	2400	0.40	661	0	0	42	423	0	0	0.00	3.19	93.64	0.00	0.00	96.84	0.00	0.00	0.00	47	51	66.31	34.31	0.00	0.00
76	3.16	2396	2401	0.39	674	0	0	41	431	0	0	0.00	4.08	92.78	0.00	0.00	96.84	0.00	0.00	0.00	46	52	68.14	34.30	0.00	0.00
76	3.16	2397	2400	0.40	648	0	0	31	422	0	0	0.00	3.12	93.70	0.00	0.00	96.84	0.00	0.00	0.00	46	51	66.24	34.38	0.00	0.00
76	3.16	2397	2400	0.39	646	0	0	38	405	0	0	0.00	3.12	93.71	0.00	0.00	96.84	0.00	0.00	0.00	46	51	66.23	34.29	0.00	0.00
76	3.16	2397	2400	0.40	655	0	0	51	431	0	0	0.00	5.41	91.43	0.00	0.00	96.84	0.00	0.00	0.00	46	51	66.24	34.34	0.00	0.00
77	3.21	2397	2400	0.41	847	0	0	140	527	0	0	0.00	34.02	62.77	0.00	0.00	96.79	0.00	0.00	0.00	46	51	70.48	34.27	0.00	0.00
76	3.17	2397	2400	0.40	741	0	0	61	504	0	0	0.00	6.24	90.59	0.00	0.00	96.83	0.00	0.00	0.00	46	51	67.76	34.23	0.00	0.00
77	3.22	2395	2400	0.40	875	0	0	39	643	0	0	0.00	3.12	93.66	0.00	0.00	96.78	0.00	0.00	0.00	46	50	66.42	34.26	0.00	0.00
76	3.16	2396	2400	0.40	628	0	0	37	399	0	0	0.00	3.12	93.73	0.00	0.00	96.84	0.00	0.00	0.00	46	51	66.26	34.22	0.00	0.00
76	3.16	2396	2400	0.40	667	0	0	38	420	0	0	0.00	3.12	93.71	0.00	0.00	96.84	0.00	0.00	0.00	46	51	66.27	34.17	0.00	0.00
76	3.17	2397	2400	0.39	767	0	0	47	532	0	0	0.00	3.98	92.84	0.00	0.00	96.83	0.00	0.00	0.00	46	52	66.31	34.24	0.00	0.00
76	3.16	2397	2400	0.40	655	0	0	46	404	0	0	0.00	4.30	92.55	0.00	0.00	96.84	0.00	0.00	0.00	46	51	66.34	34.21	0.00	0.00
76	3.16	2397	2400	0.40	664	0	0	39	433	0	0	0.00	3.12	93.72	0.00	0.00	96.84	0.00	0.00	0.00	47	50	66.25	34.26	0.00	0.00
76	3.16	2397	2400	0.39	612	0	0	32	370	0	0	0.00	3.12	93.72	0.00	0.00	96.84	0.00	0.00	0.00	46	51	66.27	34.32	0.00	0.00
76	3.16	2397	2400	0.40	714	0	0	43	492	0	0	0.00	5.68	91.15	0.00	0.00	96.84	0.00	0.00	0.00	46	52	71.26	34.34	0.00	0.00
76	3.17	2396	2400	0.40	694	0	0	35	459	0	0	0.00	3.12	93.72	0.00	0.00	96.83	0.00	0.00	0.00	46	52	66.26	34.18	0.00	0.00
76	3.16	2397	2400	0.40	652	0	0	42	424	0	0	0.00	3.12	93.71	0.00	0.00	96.84	0.00	0.00	0.00	46	50	66.24	34.39	0.00	0.00
76	3.17	2396	2400	0.40	671	0	0	39	428	0	0	0.00	3.12	93.71	0.00	0.00	96.83	0.00	0.00	0.00	47	51	66.31	34.34	0.00	0.00
76	3.17	2396	2400	0.39	710	0	0	40	489	0	0	0.00	3.12	93.72	0.00	0.00	96.83	0.00	0.00	0.00	46	51	66.26	34.22	0.00	0.00
76	3.16	2397	2400	0.39	651	0	0	38	406	0	0	0.00	3.12	93.70	0.00	0.00	96.84	0.00	0.00	0.00	46	50	66.20	34.32	0.00	0.00
76	3.16	2397	2400	0.40	650	0	0	40	429	0	0	0.00	4.11	92.72	0.00	0.00	96.84	0.00	0.00	0.00	47	51	66.23	34.18	0.00	0.00
76	3.16	2396	2400	0.40	632	0	0	40	388	0	0	0.00	3.78	93.07	0.00	0.00	96.84	0.00	0.00	0.00	46	51	66.29	34.29	0.00	0.00
76	3.16	2396	2400	0.39	687	0	0	33	460	0	0	0.00	3.12	93.71	0.00	0.00	96.84	0.00	0.00	0.00	46	51	66.25	34.30	0.00	0.00
76	3.17	2397	2400	0.40	657	0	0	41	414	0	0	0.00	3.12	93.72	0.00	0.00	96.83	0.00	0.00	0.00	46	51	66.26	34.25	0.00	0.00
76	3.16	2397	2400	0.40	668	0	0	39	435	0	0	0.00	3.12	93.71	0.00	0.00	96.84	0.00	0.00	0.00	46	51	66.34	34.14	0.00	0.00
76	3.17	2396	2400	0.40	644	0	0	39	412	0	0	0.00	3.12	93.71	0.00	0.00	96.83	0.00	0.00	0.00	46	51	66.26	34.22	0.00	0.00
76	3.16	2398	2400	0.40	655	0	0	39	421	0	0	0.00	3.88	92.95	0.00	0.00	96.84	0.00	0.00	0.00	46	51	66.28	34.34	0.00	0.00
76	3.17	2397	2400	0.39	649	0	0	39	403	0	0	0.00	3.12	93.72	0.00	0.00	96.83	0.00	0.00	0.00	46	50	66.27	34.28	0.00	0.00
76	3.17	2398	2400	0.40	708	0	0	44	481	0	0	0.00	6.05	90.77	0.00	0.00	96.83	0.00	0.00	0.00	47	51	71.89	34.09	0.00	0.00
76	3.17	2396	2400	0.39	689	0	0	45	454	0	0	0.00	3.17	93.67	0.00	0.00	96.83	0.00	0.00	0.00	46	51	66.33	34.29	0.00	0.00
76	3.17	2396	2400	0.40	704	0	0	35	484	0	0	0.00	3.12	93.73	0.00	0.00	96.83	0.00	0.00	0.00	46	51	66.25	34.29	0.00	0.00
76	3.16	2397	2400	0.40	641	0	0	35	402	0	0	0.00	3.12	93.71	0.00	0.00	96.84	0.00	0.00	0.00	46	51	66.26	34.31	0.00	0.00
76	3.16	2397	2400	0.39	625	0	0	40	396	0	0	0.00	3.12	93.71	0.00	0.00	96.84	0.00	0.00	0.00	46	52	66.23	34.33	0.00	0.00
76	3.16	2396	2400	0.40	627	0	0	38	383	0	0	0.00	3.12	93.72	0.00	0.00	96.84	0.00	0.00	0.00	47	50	66.27	34.28	0.00	0.00
76	3.16	2397	2400	0.40	688	0	0	37	460	0	0	0.00	3.12	93.72	0.00	0.00	96.84	0.00	0.00	0.00	46	51	66.31	34.28	0.00	0.00
83	3.47	2396	2399	0.48	875	0	0	65	674	0	0	0.00	3.18	93.32	0.00	0.00	96.53	0.00	0.00	0.00	46	51	67.08	34.35	0.00	0.00
85	3.53	2398	2401	0.58	813	0	0	99	572	0	0	0.00	9.28	87.23	0.00	0.00	96.47	0.00	0.00	0.00	47	51	66.72	34.29	0.00	0.00
76	3.17	2397	2400	0.40	676	0	0	40	423	0	0	0.00	3.15	93.68	0.00	0.00	96.83	0.00	0.00	0.00	46	51	66.26	34.38	0.00	0.00
76	3.16	2396	2400	0.39	731	0	0	37	495	0	0	0.00	3.12	93.71	0.00	0.00	96.84	0.00	0.00	0.00	46	50	66.22	34.20	0.00	0.00
76	3.16	2396	2400	0.40	623	0	0	37	377	0	0	0.00	3.12	93.71	0.00	0.00	96.84	0.00	0.00	0.00	46	50	67.37	34.29	0.00	0.00
76	3.17	2396	2397	0.40	607	0	0	34	433	0	0	0.00	3.22	93.48	0.00	0.00	96.83	0.00	0.00	0.00	46	52	66.14	34.26	0.00	0.00
