Avg_MHz	Busy%	Bzy_MHz	TSC_MHz	IPC	IRQ	SMI	POLL	C1	C1E	C3	C6	POLL%	C1%	C1E%	C3%	C6%	CPU%c1	CPU%c3	CPU%c6	CPU%c7	CoreTmp	PkgTmp	PkgWatt	RAMWatt	PKG_%	RAM_%
1202	50.03	2400	2402	0.20	11775	0	0	30	715	0	0	0.00	0.96	49.05	0.00	0.00	49.97	0.00	0.00	0.00	52	55	111.52	44.12	0.00	0.00
1202	50.08	2400	2400	0.20	13694	0	0	12	764	0	0	0.00	2.04	47.89	0.00	0.00	49.92	0.00	0.00	0.00	52	55	111.59	44.13	0.00	0.00
1201	50.05	2400	2400	0.20	10330	0	0	22	715	0	0	0.00	0.57	49.37	0.00	0.00	49.95	0.00	0.00	0.00	51	55	111.37	44.22	0.00	0.00
1201	50.04	2400	2400	0.20	11029	0	0	13	719	0	0	0.00	0.17	49.80	0.00	0.00	49.96	0.00	0.00	0.00	52	55	111.58	44.30	0.00	0.00
1202	50.07	2400	2400	0.20	6759	0	0	4	739	0	0	0.00	0.00	49.93	0.00	0.00	49.93	0.00	0.00	0.00	52	55	111.43	43.56	0.00	0.00
1202	50.06	2400	2400	0.21	5283	0	0	17	807	0	0	0.00	0.00	49.94	0.00	0.00	49.94	0.00	0.00	0.00	53	55	111.58	43.99	0.00	0.00
1200	50.00	2400	2400	0.21	4952	0	0	14	766	0	0	0.00	1.21	48.80	0.00	0.00	50.00	0.00	0.00	0.00	52	57	111.63	43.54	0.00	0.00
1200	50.01	2400	2400	0.21	4871	0	0	18	769	0	0	0.00	2.92	47.06	0.00	0.00	49.99	0.00	0.00	0.00	54	55	111.57	43.33	0.00	0.00
1202	50.07	2400	2400	0.21	4935	0	0	10	745	0	0	0.00	1.26	48.68	0.00	0.00	49.93	0.00	0.00	0.00	53	56	111.59	43.39	0.00	0.00
1200	50.00	2400	2400	0.21	4949	0	0	17	699	0	0	0.00	0.02	49.98	0.00	0.00	50.00	0.00	0.00	0.00	53	57	111.70	43.51	0.00	0.00
1201	50.05	2400	2400	0.20	5007	0	0	10	734	0	0	0.00	0.06	49.89	0.00	0.00	49.95	0.00	0.00	0.00	52	56	111.63	43.97	0.00	0.00
1201	50.05	2400	2400	0.21	5107	0	0	20	745	0	0	0.00	0.06	49.90	0.00	0.00	49.95	0.00	0.00	0.00	53	56	111.59	43.60	0.00	0.00
1201	50.03	2400	2400	0.20	5583	0	0	24	751	0	0	0.00	0.02	49.96	0.00	0.00	49.97	0.00	0.00	0.00	53	55	111.92	44.50	0.00	0.00
1201	50.05	2400	2400	0.21	31056	0	0	29	741	0	0	0.00	1.63	48.33	0.00	0.00	49.95	0.00	0.00	0.00	53	56	111.84	43.62	0.00	0.00
1202	50.08	2400	2400	0.22	49322	0	0	14	774	0	0	0.00	0.06	49.86	0.00	0.00	49.92	0.00	0.00	0.00	52	56	111.96	43.38	0.00	0.00
1200	50.03	2400	2400	0.21	25837	0	0	12	747	0	0	0.00	0.03	49.94	0.00	0.00	49.97	0.00	0.00	0.00	53	57	111.80	44.12	0.00	0.00
1201	50.06	2400	2400	0.21	5106	0	0	10	772	0	0	0.00	0.07	49.88	0.00	0.00	49.94	0.00	0.00	0.00	53	56	111.97	44.01	0.00	0.00
1202	50.06	2400	2400	0.21	19994	0	0	10	812	0	0	0.00	0.00	49.94	0.00	0.00	49.94	0.00	0.00	0.00	53	57	112.01	43.97	0.00	0.00
1201	50.04	2400	2400	0.22	25462	0	0	12	675	0	0	0.00	0.79	49.19	0.00	0.00	49.96	0.00	0.00	0.00	53	57	111.92	43.66	0.00	0.00
1201	50.05	2400	2400	0.22	28437	0	0	10	708	0	0	0.00	0.00	49.94	0.00	0.00	49.95	0.00	0.00	0.00	54	57	112.03	43.32	0.00	0.00
1201	50.05	2400	2400	0.23	98736	0	0	14	752	0	0	0.00	1.59	48.36	0.00	0.00	49.95	0.00	0.00	0.00	53	57	111.86	43.27	0.00	0.00
1200	50.02	2400	2400	0.21	15371	0	0	8	776	0	0	0.00	0.05	49.92	0.00	0.00	49.98	0.00	0.00	0.00	53	57	111.84	43.60	0.00	0.00
1201	50.03	2400	2400	0.21	5137	0	0	4	712	0	0	0.00	0.00	49.96	0.00	0.00	49.97	0.00	0.00	0.00	52	56	111.93	43.38	0.00	0.00
1202	50.07	2400	2400	0.20	30304	0	0	6	706	0	0	0.00	1.17	48.77	0.00	0.00	49.93	0.00	0.00	0.00	53	57	111.39	43.49	0.00	0.00
1201	50.03	2400	2400	0.20	16877	0	0	8	725	0	0	0.00	0.01	49.96	0.00	0.00	49.97	0.00	0.00	0.00	53	57	111.50	43.90	0.00	0.00
1201	50.05	2400	2400	0.21	33445	0	0	4	651	0	0	0.00	0.00	49.96	0.00	0.00	49.95	0.00	0.00	0.00	54	58	111.72	43.44	0.00	0.00
1201	50.06	2400	2400	0.21	5254	0	0	12	689	0	0	0.00	0.63	49.32	0.00	0.00	49.94	0.00	0.00	0.00	54	56	111.81	43.36	0.00	0.00
1198	49.91	2400	2400	0.21	6196	0	0	16	706	0	0	0.00	2.89	47.20	0.00	0.00	50.09	0.00	0.00	0.00	54	57	111.51	43.41	0.00	0.00
1201	50.03	2400	2400	0.21	5068	0	0	18	677	0	0	0.00	0.90	49.07	0.00	0.00	49.97	0.00	0.00	0.00	53	57	111.76	43.48	0.00	0.00
1201	50.04	2400	2400	0.21	6668	0	0	4	683	0	0	0.00	0.00	49.96	0.00	0.00	49.96	0.00	0.00	0.00	53	57	111.63	43.38	0.00	0.00
1201	50.02	2400	2400	0.22	98579	0	0	43	719	0	0	0.00	0.62	49.36	0.00	0.00	49.98	0.00	0.00	0.00	53	57	111.44	43.29	0.00	0.00
1201	50.05	2400	2400	0.22	87630	0	0	15	694	0	0	0.00	0.00	49.95	0.00	0.00	49.95	0.00	0.00	0.00	53	56	110.82	42.98	0.00	0.00
1201	50.03	2400	2400	0.21	71298	0	0	14	736	0	0	0.00	0.06	49.91	0.00	0.00	49.97	0.00	0.00	0.00	53	58	110.59	42.93	0.00	0.00
1202	50.09	2400	2400	0.20	20669	0	0	16	705	0	0	0.00	0.13	49.79	0.00	0.00	49.91	0.00	0.00	0.00	54	56	110.31	42.82	0.00	0.00
1201	50.05	2400	2400	0.20	56063	0	0	14	679	0	0	0.00	0.01	49.94	0.00	0.00	49.95	0.00	0.00	0.00	53	56	110.19	42.73	0.00	0.00
1201	50.02	2400	2400	0.20	40485	0	0	83	707	0	0	0.00	13.58	36.40	0.00	0.00	49.98	0.00	0.00	0.00	54	57	110.28	42.80	0.00	0.00
1202	50.07	2400	2400	0.19	5458	0	0	14	771	0	0	0.00	1.41	48.53	0.00	0.00	49.93	0.00	0.00	0.00	54	57	109.84	42.92	0.00	0.00
1201	50.06	2400	2400	0.21	87036	0	0	9	713	0	0	0.00	0.00	49.94	0.00	0.00	49.94	0.00	0.00	0.00	54	57	109.80	42.73	0.00	0.00
1201	50.06	2400	2399	0.18	5078	0	0	8	660	0	0	0.00	0.00	49.93	0.00	0.00	49.94	0.00	0.00	0.00	54	56	109.18	42.61	0.00	0.00
1202	50.06	2400	2401	0.19	6467	0	0	15	673	0	0	0.00	1.68	48.27	0.00	0.00	49.94	0.00	0.00	0.00	53	58	109.59	42.71	0.00	0.00
1200	50.02	2400	2399	0.18	4951	0	0	14	689	0	0	0.00	0.03	49.94	0.00	0.00	49.98	0.00	0.00	0.00	54	58	109.26	42.83	0.00	0.00
1202	50.07	2400	2400	0.16	4915	0	0	6	664	0	0	0.00	0.05	49.89	0.00	0.00	49.93	0.00	0.00	0.00	54	56	108.70	43.13	0.00	0.00
1202	50.05	2400	2401	0.18	25139	0	0	27	619	0	0	0.00	0.09	49.88	0.00	0.00	49.95	0.00	0.00	0.00	53	57	109.14	42.92	0.00	0.00
1202	50.07	2400	2400	0.20	87296	0	0	6	633	0	0	0.00	0.79	49.13	0.00	0.00	49.93	0.00	0.00	0.00	53	57	109.35	42.87	0.00	0.00
1200	49.97	2400	2401	0.18	64939	0	0	14	613	0	0	0.00	0.02	50.02	0.00	0.00	50.03	0.00	0.00	0.00	53	57	108.96	42.48	0.00	0.00
1201	50.03	2400	2400	0.20	75380	0	0	11	663	0	0	0.00	0.01	49.96	0.00	0.00	49.97	0.00	0.00	0.00	54	57	109.09	42.34	0.00	0.00
1201	50.03	2400	2400	0.20	59708	0	0	13	694	0	0	0.00	0.11	49.86	0.00	0.00	49.97	0.00	0.00	0.00	53	57	108.94	42.60	0.00	0.00
1201	50.05	2400	2400	0.19	27740	0	0	5	704	0	0	0.00	0.24	49.71	0.00	0.00	49.95	0.00	0.00	0.00	53	57	109.08	42.80	0.00	0.00
1200	50.00	2400	2399	0.18	20170	0	0	16	658	0	0	0.00	0.02	49.97	0.00	0.00	50.00	0.00	0.00	0.00	53	57	108.65	42.94	0.00	0.00
1200	50.00	2400	2401	0.19	4921	0	0	11	681	0	0	0.00	0.01	50.00	0.00	0.00	50.00	0.00	0.00	0.00	54	57	109.00	42.39	0.00	0.00
1201	50.03	2400	2400	0.19	4920	0	0	7	729	0	0	0.00	0.09	49.89	0.00	0.00	49.97	0.00	0.00	0.00	53	56	109.25	42.57	0.00	0.00
1204	50.15	2400	2400	0.18	45218	0	0	56	961	0	0	0.00	5.41	44.45	0.00	0.00	49.85	0.00	0.00	0.00	54	57	108.81	43.00	0.00	0.00
1201	50.05	2400	2399	0.19	49519	0	0	16	685	0	0	0.00	0.75	49.19	0.00	0.00	49.95	0.00	0.00	0.00	54	56	108.80	42.55	0.00	0.00
1202	50.11	2400	2398	0.19	24289	0	0	36	874	0	0	0.00	1.19	48.66	0.00	0.00	49.89	0.00	0.00	0.00	54	56	109.09	42.96	0.00	0.00
1202	50.05	2400	2402	0.19	4995	0	0	7	640	0	0	0.00	0.18	49.83	0.00	0.00	49.95	0.00	0.00	0.00	54	57	109.38	42.80	0.00	0.00
1201	50.06	2400	2400	0.20	21631	0	0	5	664	0	0	0.00	0.04	49.90	0.00	0.00	49.94	0.00	0.00	0.00	53	56	109.42	42.86	0.00	0.00
1205	50.21	2400	2400	0.19	6928	0	0	19	716	0	0	0.00	0.78	49.02	0.00	0.00	49.79	0.00	0.00	0.00	53	56	109.46	42.55	0.00	0.00
1202	50.07	2400	2400	0.19	4967	0	0	17	672	0	0	0.00	2.91	47.04	0.00	0.00	49.93	0.00	0.00	0.00	54	57	109.31	42.73	0.00	0.00
1201	50.05	2400	2400	0.18	4596	0	0	9	550	0	0	0.00	0.00	49.96	0.00	0.00	49.95	0.00	0.00	0.00	54	57	109.06	42.73	0.00	0.00
1126	46.92	2400	2400	0.20	4483	0	0	13	656	0	0	0.00	0.00	53.07	0.00	0.00	53.08	0.00	0.00	0.00	55	57	107.93	42.22	0.00	0.00
1132	47.18	2400	2400	0.20	4718	0	0	59	654	0	0	0.00	0.03	52.78	0.00	0.00	52.82	0.00	0.00	0.00	54	57	107.91	42.19	0.00	0.00
1201	50.04	2400	2400	0.19	5459	0	0	11	671	0	0	0.00	0.76	49.21	0.00	0.00	49.96	0.00	0.00	0.00	53	57	109.38	42.80	0.00	0.00
1201	50.05	2400	2400	0.19	7887	0	0	13	643	0	0	0.00	0.05	49.90	0.00	0.00	49.95	0.00	0.00	0.00	53	57	109.23	42.73	0.00	0.00
1201	50.07	2400	2399	0.19	20522	0	0	3	578	0	0	0.00	0.00	49.92	0.00	0.00	49.93	0.00	0.00	0.00	53	56	109.20	42.67	0.00	0.00
1200	50.00	2400	2401	0.20	63841	0	0	16	764	0	0	0.00	0.01	50.01	0.00	0.00	50.00	0.00	0.00	0.00	55	57	109.29	42.65	0.00	0.00
1200	50.02	2400	2400	0.19	20729	0	0	9	684	0	0	0.00	0.05	49.93	0.00	0.00	49.98	0.00	0.00	0.00	53	57	109.24	42.95	0.00	0.00
1200	50.01	2400	2400	0.19	4923	0	0	12	735	0	0	0.00	0.06	49.94	0.00	0.00	49.99	0.00	0.00	0.00	54	57	109.36	42.85	0.00	0.00
1201	50.07	2400	2399	0.19	4841	0	0	10	682	0	0	0.00	0.19	49.74	0.00	0.00	49.93	0.00	0.00	0.00	54	57	109.23	42.97	0.00	0.00
1200	50.00	2400	2401	0.18	4845	0	0	4	667	0	0	0.00	0.00	50.01	0.00	0.00	50.00	0.00	0.00	0.00	54	57	109.19	42.87	0.00	0.00
1201	50.06	2400	2400	0.19	4890	0	0	9	695	0	0	0.00	0.05	49.89	0.00	0.00	49.94	0.00	0.00	0.00	54	58	109.41	42.97	0.00	0.00
1201	50.02	2400	2400	0.19	31477	0	0	4	610	0	0	0.00	0.00	49.98	0.00	0.00	49.98	0.00	0.00	0.00	53	57	109.38	42.71	0.00	0.00
1200	50.00	2400	2400	0.19	38667	0	0	6	680	0	0	0.00	0.01	49.99	0.00	0.00	50.00	0.00	0.00	0.00	53	57	109.33	42.80	0.00	0.00
1200	49.99	2400	2400	0.20	84030	0	0	6	657	0	0	0.00	0.01	50.00	0.00	0.00	50.01	0.00	0.00	0.00	53	57	109.22	42.75	0.00	0.00
1201	50.03	2400	2400	0.19	38779	0	0	12	671	0	0	0.00	0.01	49.96	0.00	0.00	49.97	0.00	0.00	0.00	53	58	109.20	42.81	0.00	0.00
1201	50.02	2400	2400	0.18	4818	0	0	11	709	0	0	0.00	0.02	49.96	0.00	0.00	49.98	0.00	0.00	0.00	54	57	109.18	42.96	0.00	0.00
1201	50.02	2400	2400	0.20	79897	0	0	13	691	0	0	0.00	0.69	49.30	0.00	0.00	49.98	0.00	0.00	0.00	54	57	109.49	42.76	0.00	0.00
1201	50.07	2400	2400	0.19	4687	0	0	10	648	0	0	0.00	0.17	49.77	0.00	0.00	49.93	0.00	0.00	0.00	54	56	109.41	43.22	0.00	0.00
1201	50.05	2400	2400	0.18	66414	0	0	20	639	0	0	0.00	0.14	49.82	0.00	0.00	49.95	0.00	0.00	0.00	54	57	109.33	43.32	0.00	0.00
1200	50.01	2400	2400	0.19	4708	0	0	12	596	0	0	0.00	0.10	49.89	0.00	0.00	49.99	0.00	0.00	0.00	54	57	109.37	42.87	0.00	0.00
1202	50.07	2400	2400	0.20	92190	0	0	10	633	0	0	0.00	0.36	49.57	0.00	0.00	49.93	0.00	0.00	0.00	54	58	109.52	42.63	0.00	0.00
1171	50.06	2400	2339	0.19	28824	0	0	9	675	0	0	0.00	0.02	48.66	0.00	0.00	49.94	0.00	0.00	0.00	54	57	105.27	41.27	0.00	0.00
1201	50.03	2400	2400	0.19	5158	0	0	12	692	0	0	0.00	0.01	49.96	0.00	0.00	49.97	0.00	0.00	0.00	54	57	109.37	42.75	0.00	0.00
1203	50.00	2400	2406	0.19	4933	0	0	19	655	0	0	0.00	0.74	49.39	0.00	0.00	50.00	0.00	0.00	0.00	54	58	109.89	42.92	0.00	0.00
1196	49.82	2400	2401	0.19	5105	0	0	9	682	0	0	0.00	0.00	50.20	0.00	0.00	50.18	0.00	0.00	0.00	54	57	109.41	42.55	0.00	0.00
1193	49.86	2400	2394	0.19	28379	0	0	28	622	0	0	0.00	0.28	49.73	0.00	0.00	50.14	0.00	0.00	0.00	53	57	108.57	42.60	0.00	0.00
1202	50.07	2400	2400	0.18	5469	0	0	13	667	0	0	0.00	0.09	49.84	0.00	0.00	49.93	0.00	0.00	0.00	54	57	109.26	42.91	0.00	0.00
1201	50.03	2400	2400	0.18	4976	0	0	16	682	0	0	0.00	0.73	49.24	0.00	0.00	49.97	0.00	0.00	0.00	54	57	109.32	43.39	0.00	0.00
1201	50.04	2400	2400	0.18	5150	0	0	12	661	0	0	0.00	0.23	49.74	0.00	0.00	49.96	0.00	0.00	0.00	53	57	109.38	43.31	0.00	0.00
1201	50.03	2400	2400	0.17	4923	0	0	10	639	0	0	0.00	0.01	49.97	0.00	0.00	49.97	0.00	0.00	0.00	54	56	109.00	43.12	0.00	0.00
1208	50.07	2400	2413	0.17	34726	0	0	13	721	0	0	0.00	0.15	50.05	0.00	0.00	49.93	0.00	0.00	0.00	54	57	109.83	43.80	0.00	0.00
1192	49.91	2400	2387	0.18	4992	0	0	12	637	0	0	0.00	0.04	49.80	0.00	0.00	50.09	0.00	0.00	0.00	54	58	108.45	43.17	0.00	0.00
1201	50.06	2400	2400	0.18	26924	0	0	8	672	0	0	0.00	0.49	49.46	0.00	0.00	49.94	0.00	0.00	0.00	54	58	109.24	43.41	0.00	0.00
1201	50.04	2400	2400	0.19	36562	0	0	5	644	0	0	0.00	0.00	49.96	0.00	0.00	49.96	0.00	0.00	0.00	54	57	109.48	42.76	0.00	0.00
1201	50.06	2400	2400	0.20	63433	0	0	14	623	0	0	0.00	0.05	49.90	0.00	0.00	49.94	0.00	0.00	0.00	54	57	109.52	42.89	0.00	0.00
1202	50.06	2400	2400	0.19	5402	0	0	4	724	0	0	0.00	0.00	49.94	0.00	0.00	49.94	0.00	0.00	0.00	54	57	109.43	42.85	0.00	0.00
1201	50.05	2400	2400	0.19	27144	0	0	8	670	0	0	0.00	0.00	49.96	0.00	0.00	49.95	0.00	0.00	0.00	54	57	109.35	43.07	0.00	0.00
1200	50.00	2400	2400	0.18	6569	0	0	11	699	0	0	0.00	0.01	49.98	0.00	0.00	50.00	0.00	0.00	0.00	54	57	109.19	42.83	0.00	0.00
1200	50.02	2400	2400	0.19	5123	0	0	102	643	0	0	0.00	25.77	24.21	0.00	0.00	49.98	0.00	0.00	0.00	54	57	109.35	42.78	0.00	0.00
1204	50.06	2400	2406	0.19	5103	0	0	26	639	0	0	0.00	0.18	49.89	0.00	0.00	49.94	0.00	0.00	0.00	54	58	109.99	43.14	0.00	0.00
1201	50.00	2400	2401	0.19	5101	0	0	23	625	0	0	0.00	0.03	49.99	0.00	0.00	50.00	0.00	0.00	0.00	54	57	109.48	43.05	0.00	0.00
1197	50.04	2400	2393	0.19	5137	0	0	10	670	0	0	0.00	0.01	49.81	0.00	0.00	49.96	0.00	0.00	0.00	53	57	109.09	42.77	0.00	0.00
1205	50.05	2400	2407	0.18	4982	0	0	5	677	0	0	0.00	0.01	50.10	0.00	0.00	49.95	0.00	0.00	0.00	54	57	109.76	43.31	0.00	0.00
1155	48.07	2400	2402	0.19	4971	0	0	15	674	0	0	0.00	0.01	51.97	0.00	0.00	51.93	0.00	0.00	0.00	54	57	108.54	42.53	0.00	0.00
