Avg_MHz	Busy%	Bzy_MHz	TSC_MHz	IPC	IRQ	SMI	POLL	C1	C1E	C3	C6	POLL%	C1%	C1E%	C3%	C6%	CPU%c1	CPU%c3	CPU%c6	CPU%c7	CoreTmp	PkgTmp	PkgWatt	RAMWatt	PKG_%	RAM_%
1202	50.06	2400	2402	0.18	5135	0	0	24	623	0	0	0.00	2.00	47.98	0.00	0.00	49.94	0.00	0.00	0.00	55	58	111.90	43.67	0.00	0.00
1202	50.06	2400	2401	0.19	4992	0	0	5	652	0	0	0.00	0.00	49.96	0.00	0.00	49.94	0.00	0.00	0.00	55	59	112.49	43.36	0.00	0.00
1198	49.93	2400	2399	0.19	25726	0	0	21	695	0	0	0.00	0.85	49.21	0.00	0.00	50.07	0.00	0.00	0.00	55	58	112.04	43.25	0.00	0.00
1202	50.06	2400	2400	0.19	5561	0	0	12	685	0	0	0.00	0.05	49.90	0.00	0.00	49.94	0.00	0.00	0.00	55	58	112.08	43.37	0.00	0.00
1200	50.03	2400	2399	0.20	20737	0	0	15	660	0	0	0.00	0.03	49.93	0.00	0.00	49.97	0.00	0.00	0.00	57	58	112.18	43.23	0.00	0.00
1202	50.07	2400	2400	0.17	21790	0	0	8	647	0	0	0.00	0.08	49.86	0.00	0.00	49.93	0.00	0.00	0.00	55	58	111.31	43.33	0.00	0.00
1203	50.13	2400	2400	0.18	5376	0	0	83	921	0	0	0.00	15.69	34.18	0.00	0.00	49.87	0.00	0.00	0.00	55	59	111.82	43.60	0.00	0.00
1202	50.08	2400	2401	0.19	21210	0	0	32	707	0	0	0.00	3.76	46.18	0.00	0.00	49.92	0.00	0.00	0.00	56	58	111.77	43.26	0.00	0.00
1203	50.15	2400	2400	0.19	21124	0	0	12	922	0	0	0.00	0.02	49.84	0.00	0.00	49.85	0.00	0.00	0.00	56	58	111.93	43.29	0.00	0.00
1201	50.06	2400	2400	0.19	22187	0	0	7	632	0	0	0.00	0.00	49.94	0.00	0.00	49.94	0.00	0.00	0.00	55	58	111.50	43.23	0.00	0.00
1201	50.02	2400	2400	0.19	4929	0	0	9	583	0	0	0.00	0.01	49.98	0.00	0.00	49.98	0.00	0.00	0.00	55	58	111.50	43.11	0.00	0.00
1203	50.14	2400	2400	0.19	22821	0	0	37	744	0	0	0.00	2.87	46.99	0.00	0.00	49.86	0.00	0.00	0.00	55	59	111.64	42.91	0.00	0.00
1202	50.06	2400	2400	0.19	23456	0	0	20	670	0	0	0.00	0.69	49.26	0.00	0.00	49.94	0.00	0.00	0.00	56	58	111.30	42.88	0.00	0.00
1201	50.07	2400	2400	0.18	14638	0	0	12	671	0	0	0.00	0.06	49.87	0.00	0.00	49.93	0.00	0.00	0.00	55	59	111.44	42.99	0.00	0.00
1201	50.06	2400	2399	0.18	4878	0	0	14	603	0	0	0.00	0.05	49.88	0.00	0.00	49.94	0.00	0.00	0.00	55	59	111.29	43.44	0.00	0.00
1202	50.08	2400	2401	0.18	21619	0	0	24	708	0	0	0.00	0.32	49.63	0.00	0.00	49.92	0.00	0.00	0.00	54	58	111.05	43.42	0.00	0.00
1201	50.06	2400	2400	0.19	24090	0	0	16	701	0	0	0.00	0.37	49.57	0.00	0.00	49.94	0.00	0.00	0.00	55	58	111.01	42.45	0.00	0.00
1202	50.07	2400	2400	0.18	24619	0	0	23	679	0	0	0.00	0.35	49.59	0.00	0.00	49.93	0.00	0.00	0.00	55	58	110.76	43.06	0.00	0.00
1200	49.99	2400	2400	0.19	5060	0	0	23	675	0	0	0.00	0.03	49.98	0.00	0.00	50.01	0.00	0.00	0.00	56	58	111.00	42.55	0.00	0.00
1201	50.04	2400	2400	0.18	28619	0	0	21	683	0	0	0.00	1.15	48.82	0.00	0.00	49.96	0.00	0.00	0.00	56	59	110.57	43.15	0.00	0.00
1201	50.05	2400	2400	0.18	25566	0	0	8	605	0	0	0.00	0.00	49.95	0.00	0.00	49.95	0.00	0.00	0.00	55	58	110.47	42.76	0.00	0.00
1201	50.06	2400	2400	0.18	22210	0	0	17	657	0	0	0.00	0.22	49.73	0.00	0.00	49.94	0.00	0.00	0.00	55	59	110.28	42.91	0.00	0.00
1201	50.03	2400	2400	0.18	4960	0	0	12	662	0	0	0.00	0.76	49.22	0.00	0.00	49.97	0.00	0.00	0.00	56	58	110.56	42.78	0.00	0.00
1201	50.05	2400	2400	0.17	22781	0	0	1	666	0	0	0.00	0.00	49.95	0.00	0.00	49.95	0.00	0.00	0.00	55	58	110.00	42.98	0.00	0.00
1198	49.92	2400	2400	0.17	7178	0	0	9	663	0	0	0.00	0.01	50.07	0.00	0.00	50.08	0.00	0.00	0.00	55	59	109.89	42.82	0.00	0.00
1202	50.06	2400	2401	0.18	29356	0	0	0	620	0	0	0.00	0.00	49.96	0.00	0.00	49.94	0.00	0.00	0.00	55	58	110.47	42.68	0.00	0.00
1201	50.03	2400	2400	0.18	4973	0	0	10	693	0	0	0.00	0.00	49.96	0.00	0.00	49.97	0.00	0.00	0.00	55	59	110.01	42.46	0.00	0.00
1202	50.07	2400	2400	0.18	26317	0	0	4	725	0	0	0.00	0.00	49.94	0.00	0.00	49.93	0.00	0.00	0.00	56	58	110.36	42.61	0.00	0.00
1202	50.09	2400	2400	0.19	27480	0	0	7	807	0	0	0.00	0.00	49.91	0.00	0.00	49.91	0.00	0.00	0.00	55	57	110.59	42.17	0.00	0.00
1202	50.08	2400	2400	0.19	21154	0	0	15	718	0	0	0.00	0.01	49.91	0.00	0.00	49.92	0.00	0.00	0.00	56	58	110.53	42.41	0.00	0.00
1201	50.03	2400	2400	0.19	5044	0	0	22	719	0	0	0.00	0.04	49.94	0.00	0.00	49.97	0.00	0.00	0.00	56	59	110.69	42.30	0.00	0.00
1202	50.08	2400	2400	0.20	21660	0	0	17	789	0	0	0.00	1.38	48.54	0.00	0.00	49.92	0.00	0.00	0.00	55	58	110.65	42.44	0.00	0.00
1201	50.05	2400	2400	0.18	4919	0	0	22	651	0	0	0.00	4.26	45.70	0.00	0.00	49.95	0.00	0.00	0.00	55	58	110.33	42.72	0.00	0.00
1201	50.05	2400	2399	0.17	20657	0	0	9	665	0	0	0.00	0.05	49.89	0.00	0.00	49.95	0.00	0.00	0.00	55	58	109.81	42.75	0.00	0.00
1201	50.02	2400	2401	0.18	4954	0	0	18	742	0	0	0.00	0.06	49.94	0.00	0.00	49.98	0.00	0.00	0.00	55	58	109.93	42.58	0.00	0.00
1201	50.04	2400	2400	0.19	21428	0	0	9	755	0	0	0.00	1.20	48.76	0.00	0.00	49.96	0.00	0.00	0.00	55	58	110.52	42.41	0.00	0.00
1201	50.06	2400	2400	0.18	4977	0	0	8	690	0	0	0.00	1.69	48.26	0.00	0.00	49.94	0.00	0.00	0.00	55	58	110.37	42.50	0.00	0.00
1202	50.08	2400	2400	0.19	6836	0	0	9	690	0	0	0.00	0.04	49.89	0.00	0.00	49.92	0.00	0.00	0.00	55	58	110.42	42.28	0.00	0.00
1201	50.06	2400	2400	0.19	4950	0	0	17	662	0	0	0.00	0.00	49.94	0.00	0.00	49.94	0.00	0.00	0.00	55	57	110.56	42.30	0.00	0.00
1201	50.05	2400	2400	0.19	4996	0	0	16	655	0	0	0.00	0.08	49.88	0.00	0.00	49.95	0.00	0.00	0.00	55	59	110.55	42.41	0.00	0.00
1201	50.05	2400	2400	0.19	4883	0	0	11	589	0	0	0.00	0.00	49.95	0.00	0.00	49.95	0.00	0.00	0.00	55	57	110.55	42.41	0.00	0.00
1200	50.01	2400	2400	0.19	5140	0	0	25	738	0	0	0.00	0.02	49.98	0.00	0.00	49.99	0.00	0.00	0.00	55	57	110.45	42.31	0.00	0.00
1201	50.06	2400	2400	0.18	4971	0	0	18	673	0	0	0.00	0.82	49.12	0.00	0.00	49.94	0.00	0.00	0.00	55	57	110.21	42.46	0.00	0.00
1202	50.06	2400	2400	0.18	4937	0	0	4	645	0	0	0.00	0.00	49.95	0.00	0.00	49.94	0.00	0.00	0.00	55	58	110.35	42.67	0.00	0.00
1201	50.06	2400	2400	0.19	8762	0	0	16	683	0	0	0.00	0.50	49.43	0.00	0.00	49.94	0.00	0.00	0.00	55	58	110.50	42.54	0.00	0.00
1200	50.00	2400	2400	0.19	5365	0	0	10	677	0	0	0.00	0.02	49.99	0.00	0.00	50.00	0.00	0.00	0.00	55	57	110.55	42.29	0.00	0.00
1201	50.06	2400	2400	0.19	5020	0	0	12	657	0	0	0.00	0.06	49.88	0.00	0.00	49.94	0.00	0.00	0.00	55	58	110.67	42.32	0.00	0.00
1201	50.05	2400	2400	0.19	5111	0	0	17	728	0	0	0.00	2.71	47.23	0.00	0.00	49.95	0.00	0.00	0.00	56	58	110.47	42.51	0.00	0.00
1200	50.02	2400	2400	0.19	4893	0	0	10	679	0	0	0.00	0.80	49.19	0.00	0.00	49.98	0.00	0.00	0.00	55	57	110.63	42.55	0.00	0.00
1202	50.07	2400	2400	0.19	28090	0	0	1	758	0	0	0.00	0.00	49.94	0.00	0.00	49.93	0.00	0.00	0.00	56	57	110.54	41.96	0.00	0.00
1201	50.03	2400	2400	0.19	30692	0	0	12	756	0	0	0.00	0.01	49.96	0.00	0.00	49.97	0.00	0.00	0.00	55	57	110.31	42.51	0.00	0.00
1201	50.04	2400	2400	0.19	5525	0	0	18	897	0	0	0.00	1.52	48.44	0.00	0.00	49.96	0.00	0.00	0.00	55	58	110.38	42.82	0.00	0.00
1201	50.06	2400	2400	0.19	28147	0	0	13	619	0	0	0.00	3.77	46.18	0.00	0.00	49.94	0.00	0.00	0.00	55	58	110.56	42.40	0.00	0.00
1200	50.01	2400	2400	0.19	4901	0	0	20	635	0	0	0.00	0.02	49.97	0.00	0.00	49.99	0.00	0.00	0.00	55	57	110.67	42.39	0.00	0.00
1201	50.03	2400	2400	0.19	31267	0	0	9	733	0	0	0.00	0.00	49.97	0.00	0.00	49.97	0.00	0.00	0.00	55	59	110.47	42.16	0.00	0.00
1201	50.05	2400	2400	0.19	25292	0	0	14	721	0	0	0.00	0.05	49.90	0.00	0.00	49.95	0.00	0.00	0.00	55	57	110.58	42.28	0.00	0.00
1201	50.05	2400	2400	0.17	4980	0	0	8	724	0	0	0.00	0.00	49.94	0.00	0.00	49.95	0.00	0.00	0.00	54	59	109.76	42.92	0.00	0.00
1201	50.04	2400	2400	0.16	25159	0	0	18	721	0	0	0.00	1.16	48.80	0.00	0.00	49.96	0.00	0.00	0.00	56	58	109.16	42.80	0.00	0.00
1197	49.87	2400	2401	0.17	5101	0	0	9	687	0	0	0.00	0.04	50.11	0.00	0.00	50.13	0.00	0.00	0.00	55	57	109.42	42.78	0.00	0.00
1201	50.06	2400	2399	0.18	5208	0	0	14	847	0	0	0.00	1.65	48.28	0.00	0.00	49.94	0.00	0.00	0.00	55	59	110.31	42.46	0.00	0.00
1201	50.07	2400	2400	0.17	21735	0	0	0	705	0	0	0.00	0.00	49.93	0.00	0.00	49.93	0.00	0.00	0.00	55	57	109.69	43.03	0.00	0.00
1202	50.07	2400	2401	0.17	4990	0	0	7	677	0	0	0.00	0.29	49.66	0.00	0.00	49.93	0.00	0.00	0.00	55	59	109.85	42.92	0.00	0.00
1201	50.06	2400	2400	0.17	23827	0	0	8	639	0	0	0.00	0.03	49.91	0.00	0.00	49.94	0.00	0.00	0.00	55	58	109.84	43.02	0.00	0.00
1201	50.04	2400	2400	0.17	4965	0	0	4	674	0	0	0.00	0.00	49.97	0.00	0.00	49.96	0.00	0.00	0.00	56	58	109.90	42.53	0.00	0.00
1201	50.05	2400	2400	0.19	30066	0	0	16	686	0	0	0.00	0.01	49.95	0.00	0.00	49.95	0.00	0.00	0.00	55	58	110.56	42.49	0.00	0.00
1204	50.17	2400	2400	0.19	29870	0	0	9	906	0	0	0.00	0.00	49.84	0.00	0.00	49.83	0.00	0.00	0.00	56	57	110.46	42.42	0.00	0.00
1201	50.05	2400	2400	0.19	5137	0	0	19	792	0	0	0.00	0.63	49.33	0.00	0.00	49.95	0.00	0.00	0.00	55	58	110.49	42.37	0.00	0.00
1201	50.06	2400	2400	0.19	22659	0	0	17	681	0	0	0.00	0.01	49.94	0.00	0.00	49.94	0.00	0.00	0.00	54	57	110.58	42.37	0.00	0.00
1204	50.16	2400	2400	0.19	5300	0	0	68	850	0	0	0.00	12.78	37.06	0.00	0.00	49.84	0.00	0.00	0.00	55	58	110.45	42.55	0.00	0.00
1201	50.03	2400	2400	0.18	4967	0	0	16	681	0	0	0.00	0.09	49.89	0.00	0.00	49.97	0.00	0.00	0.00	54	59	110.26	43.08	0.00	0.00
1200	50.02	2400	2400	0.19	5012	0	0	8	732	0	0	0.00	0.01	49.97	0.00	0.00	49.98	0.00	0.00	0.00	54	58	110.20	42.61	0.00	0.00
1200	50.01	2400	2400	0.18	19804	0	0	29	752	0	0	0.00	0.96	49.03	0.00	0.00	49.99	0.00	0.00	0.00	55	57	110.24	42.72	0.00	0.00
1200	50.01	2400	2400	0.19	4932	0	0	4	664	0	0	0.00	0.00	49.99	0.00	0.00	49.99	0.00	0.00	0.00	55	60	110.59	42.49	0.00	0.00
1201	50.05	2400	2400	0.19	4983	0	0	6	679	0	0	0.00	0.00	49.95	0.00	0.00	49.95	0.00	0.00	0.00	55	57	110.59	42.58	0.00	0.00
1201	50.03	2400	2400	0.18	4979	0	0	16	709	0	0	0.00	0.18	49.78	0.00	0.00	49.97	0.00	0.00	0.00	54	57	110.25	42.54	0.00	0.00
1201	50.03	2400	2400	0.18	30398	0	0	13	651	0	0	0.00	0.01	49.97	0.00	0.00	49.97	0.00	0.00	0.00	55	58	110.24	42.72	0.00	0.00
1201	50.04	2400	2400	0.17	4920	0	0	14	671	0	0	0.00	0.80	49.17	0.00	0.00	49.96	0.00	0.00	0.00	55	57	110.11	43.00	0.00	0.00
1200	50.01	2400	2400	0.19	30410	0	0	7	712	0	0	0.00	0.01	49.99	0.00	0.00	49.99	0.00	0.00	0.00	56	57	110.41	42.82	0.00	0.00
1202	50.06	2400	2400	0.19	23730	0	0	5	679	0	0	0.00	0.00	49.94	0.00	0.00	49.94	0.00	0.00	0.00	55	58	110.55	42.48	0.00	0.00
1202	50.06	2400	2400	0.20	5007	0	0	19	637	0	0	0.00	0.97	48.98	0.00	0.00	49.94	0.00	0.00	0.00	54	57	110.67	42.43	0.00	0.00
1183	50.05	2400	2364	0.20	30719	0	0	8	617	0	0	0.00	0.00	49.21	0.00	0.00	49.95	0.00	0.00	0.00	55	58	108.67	41.68	0.00	0.00
1190	50.06	2400	2377	0.18	5123	0	0	6	736	0	0	0.00	0.00	49.46	0.00	0.00	49.94	0.00	0.00	0.00	54	58	108.50	42.13	0.00	0.00
1199	50.02	2400	2397	0.18	24702	0	0	7	642	0	0	0.00	0.01	49.91	0.00	0.00	49.98	0.00	0.00	0.00	54	58	110.08	42.77	0.00	0.00
1209	50.07	2400	2414	0.19	30521	0	0	12	729	0	0	0.00	0.05	50.19	0.00	0.00	49.93	0.00	0.00	0.00	55	57	111.19	42.93	0.00	0.00
1193	50.00	2400	2386	0.19	5114	0	0	10	637	0	0	0.00	0.00	49.71	0.00	0.00	50.00	0.00	0.00	0.00	54	58	109.74	42.22	0.00	0.00
1201	50.03	2400	2400	0.20	21224	0	0	21	663	0	0	0.00	0.06	49.91	0.00	0.00	49.97	0.00	0.00	0.00	55	57	110.73	42.63	0.00	0.00
1201	50.05	2400	2400	0.20	5302	0	0	17	736	0	0	0.00	0.31	49.64	0.00	0.00	49.95	0.00	0.00	0.00	56	58	110.84	42.53	0.00	0.00
1202	50.07	2400	2400	0.20	20384	0	0	17	635	0	0	0.00	0.10	49.84	0.00	0.00	49.93	0.00	0.00	0.00	55	57	110.93	42.62	0.00	0.00
1201	50.05	2400	2400	0.18	5230	0	0	12	732	0	0	0.00	0.30	49.65	0.00	0.00	49.95	0.00	0.00	0.00	55	58	110.06	42.76	0.00	0.00
1201	50.03	2400	2400	0.19	5220	0	0	18	685	0	0	0.00	0.12	49.85	0.00	0.00	49.97	0.00	0.00	0.00	55	58	110.68	42.66	0.00	0.00
1202	50.06	2400	2400	0.18	20722	0	0	7	664	0	0	0.00	0.02	49.93	0.00	0.00	49.94	0.00	0.00	0.00	54	57	109.98	42.94	0.00	0.00
1201	50.02	2400	2400	0.19	5211	0	0	12	662	0	0	0.00	0.07	49.91	0.00	0.00	49.98	0.00	0.00	0.00	55	57	110.68	42.82	0.00	0.00
1201	50.03	2400	2400	0.19	5186	0	0	10	646	0	0	0.00	0.01	49.96	0.00	0.00	49.97	0.00	0.00	0.00	54	58	110.75	42.63	0.00	0.00
1201	50.02	2400	2400	0.19	5243	0	0	14	690	0	0	0.00	0.05	49.93	0.00	0.00	49.98	0.00	0.00	0.00	55	58	110.53	42.75	0.00	0.00
1201	50.04	2400	2400	0.19	20754	0	0	13	668	0	0	0.00	0.01	49.96	0.00	0.00	49.96	0.00	0.00	0.00	55	57	110.50	42.55	0.00	0.00
1128	46.89	2400	2405	0.18	4872	0	0	26	759	0	0	0.00	0.01	53.21	0.00	0.00	53.11	0.00	0.00	0.00	55	57	108.67	42.88	0.00	0.00
1195	49.92	2400	2395	0.17	5150	0	0	29	688	0	0	0.00	2.05	47.93	0.00	0.00	50.08	0.00	0.00	0.00	54	58	109.37	42.89	0.00	0.00
1201	50.06	2400	2400	0.18	5099	0	0	6	615	0	0	0.00	0.00	49.95	0.00	0.00	49.94	0.00	0.00	0.00	54	58	110.27	43.08	0.00	0.00
1202	50.07	2400	2401	0.18	19702	0	0	7	692	0	0	0.00	0.00	49.95	0.00	0.00	49.93	0.00	0.00	0.00	54	58	110.67	43.17	0.00	0.00
1200	49.99	2400	2401	0.20	5131	0	0	30	643	0	0	0.00	0.20	49.84	0.00	0.00	50.01	0.00	0.00	0.00	56	57	110.94	42.45	0.00	0.00
1209	49.99	2400	2418	0.20	3519	0	0	22	516	0	0	0.00	0.38	50.02	0.00	0.00	50.01	0.00	0.00	0.00	54	57	111.82	42.91	0.00	0.00
