Avg_MHz	Busy%	Bzy_MHz	TSC_MHz	IPC	IRQ	SMI	POLL	C1	C1E	C3	C6	POLL%	C1%	C1E%	C3%	C6%	CPU%c1	CPU%c3	CPU%c6	CPU%c7	CoreTmp	PkgTmp	PkgWatt	RAMWatt	PKG_%	RAM_%
1142	47.75	2400	2390	0.27	7135	0	0	1187	3023	0	0	0.00	1.55	50.28	0.00	0.00	52.25	0.00	0.00	0.00	49	52	98.96	38.13	0.00	0.00
1174	48.72	2400	2409	0.27	7187	0	0	776	2536	0	0	0.00	0.32	50.94	0.00	0.00	51.28	0.00	0.00	0.00	49	52	101.53	38.93	0.00	0.00
1131	46.97	2400	2408	0.29	33624	0	0	821	2574	0	0	0.00	0.64	52.35	0.00	0.00	53.03	0.00	0.00	0.00	49	52	100.40	38.65	0.00	0.00
1177	49.46	2400	2379	0.27	6038	0	0	300	1563	0	0	0.00	0.10	49.77	0.00	0.00	50.54	0.00	0.00	0.00	49	52	100.66	38.89	0.00	0.00
1186	49.11	2399	2415	0.27	5869	0	0	452	2067	0	0	0.00	0.19	50.80	0.00	0.00	50.89	0.00	0.00	0.00	48	52	102.60	39.33	0.00	0.00
1167	48.89	2400	2387	0.28	5947	0	0	492	1960	0	0	0.00	1.61	49.00	0.00	0.00	51.11	0.00	0.00	0.00	48	52	101.22	38.78	0.00	0.00
1185	49.22	2400	2408	0.28	10492	0	0	590	1817	0	0	0.00	0.25	50.49	0.00	0.00	50.78	0.00	0.00	0.00	49	52	103.05	39.59	0.00	0.00
1178	48.98	2400	2406	0.31	53169	0	0	505	1979	0	0	0.00	0.99	49.96	0.00	0.00	51.02	0.00	0.00	0.00	49	53	103.15	39.50	0.00	0.00
1165	48.55	2400	2400	0.33	81478	0	0	455	1902	0	0	0.00	0.36	50.91	0.00	0.00	51.45	0.00	0.00	0.00	50	52	102.98	39.38	0.00	0.00
1172	49.04	2399	2391	0.28	37553	0	0	334	1738	0	0	0.00	1.84	48.83	0.00	0.00	50.96	0.00	0.00	0.00	49	52	103.88	40.22	0.00	0.00
1195	49.62	2400	2408	0.24	10943	0	0	286	1899	0	0	0.00	0.16	50.37	0.00	0.00	50.38	0.00	0.00	0.00	50	53	106.00	41.56	0.00	0.00
1182	49.28	2400	2398	0.26	20441	0	0	324	1662	0	0	0.00	0.18	50.45	0.00	0.00	50.72	0.00	0.00	0.00	50	53	105.09	40.95	0.00	0.00
1184	49.18	2400	2407	0.26	14147	0	0	250	1640	0	0	0.00	0.09	50.81	0.00	0.00	50.82	0.00	0.00	0.00	49	53	105.48	41.21	0.00	0.00
1181	49.20	2400	2402	0.26	16384	0	0	317	1752	0	0	0.00	0.17	50.62	0.00	0.00	50.80	0.00	0.00	0.00	50	53	105.80	41.34	0.00	0.00
1176	49.07	2400	2396	0.27	13368	0	0	191	1357	0	0	0.00	0.94	49.82	0.00	0.00	50.93	0.00	0.00	0.00	50	53	104.12	40.60	0.00	0.00
1191	49.73	2400	2395	0.26	9098	0	0	106	1415	0	0	0.00	0.03	50.07	0.00	0.00	50.27	0.00	0.00	0.00	50	52	104.70	40.65	0.00	0.00
1183	49.42	2400	2395	0.24	19657	0	0	262	1522	0	0	0.00	0.13	50.29	0.00	0.00	50.58	0.00	0.00	0.00	50	53	105.40	41.64	0.00	0.00
1196	49.35	2400	2424	0.25	11269	0	0	165	1341	0	0	0.00	0.11	50.97	0.00	0.00	50.65	0.00	0.00	0.00	50	54	106.42	41.81	0.00	0.00
1177	49.32	2400	2386	0.25	7181	0	0	265	1577	0	0	0.00	0.18	50.13	0.00	0.00	50.68	0.00	0.00	0.00	50	54	104.08	40.78	0.00	0.00
1193	49.49	2400	2410	0.25	6969	0	0	291	1411	0	0	0.00	0.20	50.44	0.00	0.00	50.51	0.00	0.00	0.00	50	53	105.71	41.45	0.00	0.00
1182	49.49	2400	2388	0.25	8976	0	0	187	1480	0	0	0.00	0.04	50.17	0.00	0.00	50.51	0.00	0.00	0.00	50	53	104.48	40.92	0.00	0.00
1184	49.34	2400	2399	0.25	11092	0	0	158	1427	0	0	0.00	0.08	50.53	0.00	0.00	50.66	0.00	0.00	0.00	50	54	105.79	41.50	0.00	0.00
1182	49.44	2400	2391	0.25	8351	0	0	148	1373	0	0	0.00	0.08	50.25	0.00	0.00	50.56	0.00	0.00	0.00	50	53	104.88	41.07	0.00	0.00
1193	49.26	2400	2422	0.25	11570	0	0	186	1281	0	0	0.00	0.13	51.03	0.00	0.00	50.74	0.00	0.00	0.00	50	54	106.43	41.88	0.00	0.00
1181	49.53	2400	2385	0.24	7661	0	0	208	1433	0	0	0.00	1.04	49.07	0.00	0.00	50.47	0.00	0.00	0.00	50	54	104.60	41.20	0.00	0.00
1197	49.80	2400	2403	0.24	6749	0	0	183	1664	0	0	0.00	0.10	50.14	0.00	0.00	50.20	0.00	0.00	0.00	50	54	105.44	41.31	0.00	0.00
1173	48.84	2400	2401	0.25	7816	0	0	422	1793	0	0	0.00	0.22	50.93	0.00	0.00	51.16	0.00	0.00	0.00	50	53	104.43	40.84	0.00	0.00
1194	49.78	2400	2398	0.25	10679	0	0	228	1735	0	0	0.00	0.05	50.10	0.00	0.00	50.22	0.00	0.00	0.00	50	53	105.23	41.14	0.00	0.00
1198	49.90	2400	2400	0.25	6958	0	0	170	1904	0	0	0.00	0.01	50.07	0.00	0.00	50.10	0.00	0.00	0.00	50	54	105.96	41.40	0.00	0.00
1160	48.18	2400	2408	0.27	6838	0	0	444	1701	0	0	0.00	0.79	51.14	0.00	0.00	51.82	0.00	0.00	0.00	51	53	103.50	40.52	0.00	0.00
1152	48.22	2400	2389	0.27	6399	0	0	506	1812	0	0	0.00	1.14	50.35	0.00	0.00	51.78	0.00	0.00	0.00	50	53	102.65	40.11	0.00	0.00
1183	49.35	2400	2398	0.24	7278	0	0	230	1494	0	0	0.00	0.19	50.36	0.00	0.00	50.65	0.00	0.00	0.00	50	53	105.05	41.41	0.00	0.00
1186	49.27	2400	2408	0.25	6938	0	0	285	1766	0	0	0.00	0.12	50.76	0.00	0.00	50.73	0.00	0.00	0.00	50	54	105.91	41.25	0.00	0.00
1190	49.45	2400	2406	0.25	7311	0	0	197	1665	0	0	0.00	0.13	50.51	0.00	0.00	50.55	0.00	0.00	0.00	51	54	105.13	41.21	0.00	0.00
1185	49.40	2400	2398	0.25	6949	0	0	245	1601	0	0	0.00	1.35	49.19	0.00	0.00	50.60	0.00	0.00	0.00	50	54	105.26	41.25	0.00	0.00
1184	49.33	2400	2401	0.25	7599	0	0	267	1623	0	0	0.00	1.44	49.22	0.00	0.00	50.67	0.00	0.00	0.00	51	53	105.16	41.36	0.00	0.00
1178	49.19	2400	2395	0.25	8323	0	0	286	1771	0	0	0.00	0.95	49.72	0.00	0.00	50.81	0.00	0.00	0.00	50	54	104.74	40.88	0.00	0.00
1185	49.36	2400	2401	0.25	7817	0	0	300	1666	0	0	0.00	0.16	50.47	0.00	0.00	50.64	0.00	0.00	0.00	50	55	105.27	41.03	0.00	0.00
1181	49.09	2400	2405	0.24	6847	0	0	386	1524	0	0	0.00	2.47	48.51	0.00	0.00	50.91	0.00	0.00	0.00	51	53	105.03	41.65	0.00	0.00
1178	49.37	2400	2386	0.24	6968	0	0	325	1641	0	0	0.00	0.19	50.10	0.00	0.00	50.63	0.00	0.00	0.00	52	54	104.50	41.30	0.00	0.00
1193	49.78	2400	2397	0.23	7136	0	0	186	1746	0	0	0.00	1.02	49.13	0.00	0.00	50.22	0.00	0.00	0.00	51	55	106.09	42.00	0.00	0.00
1190	49.67	2400	2395	0.23	8091	0	0	223	1788	0	0	0.00	0.08	50.11	0.00	0.00	50.33	0.00	0.00	0.00	51	54	105.36	41.51	0.00	0.00
1194	49.33	2400	2421	0.23	7761	0	0	293	1844	0	0	0.00	2.27	48.82	0.00	0.00	50.67	0.00	0.00	0.00	52	54	106.73	42.13	0.00	0.00
1167	49.06	2400	2379	0.24	7527	0	0	501	1618	0	0	0.00	1.82	48.65	0.00	0.00	50.94	0.00	0.00	0.00	51	54	103.51	40.96	0.00	0.00
1182	49.12	2400	2407	0.24	7018	0	0	519	1798	0	0	0.00	0.31	50.68	0.00	0.00	50.88	0.00	0.00	0.00	51	54	105.55	41.70	0.00	0.00
1202	49.86	2400	2411	0.23	7441	0	0	300	1821	0	0	0.00	10.40	39.96	0.00	0.00	50.14	0.00	0.00	0.00	52	54	107.00	42.63	0.00	0.00
1181	49.74	2400	2375	0.22	6860	0	0	276	1737	0	0	0.00	0.18	49.54	0.00	0.00	50.26	0.00	0.00	0.00	51	55	104.96	41.70	0.00	0.00
1186	49.06	2400	2418	0.23	7733	0	0	445	1912	0	0	0.00	1.41	49.88	0.00	0.00	50.94	0.00	0.00	0.00	51	55	105.99	42.27	0.00	0.00
1187	49.35	2400	2406	0.23	6894	0	0	335	1582	0	0	0.00	0.96	49.79	0.00	0.00	50.65	0.00	0.00	0.00	51	55	106.20	42.11	0.00	0.00
1186	49.42	2400	2400	0.23	7660	0	0	351	1770	0	0	0.00	0.12	50.43	0.00	0.00	50.58	0.00	0.00	0.00	52	54	105.52	41.60	0.00	0.00
1190	49.55	2400	2402	0.23	7017	0	0	306	1690	0	0	0.00	1.32	49.15	0.00	0.00	50.45	0.00	0.00	0.00	52	55	105.69	41.71	0.00	0.00
1173	49.44	2400	2374	0.23	6756	0	0	321	1617	0	0	0.00	0.29	49.68	0.00	0.00	50.56	0.00	0.00	0.00	52	55	104.00	41.01	0.00	0.00
1205	49.90	2400	2414	0.22	8048	0	0	216	1690	0	0	0.00	0.03	50.35	0.00	0.00	50.10	0.00	0.00	0.00	51	54	106.99	42.32	0.00	0.00
1132	47.27	2400	2395	0.26	6121	0	0	985	1875	0	0	0.00	1.04	51.53	0.00	0.00	52.73	0.00	0.00	0.00	52	54	102.21	40.22	0.00	0.00
1106	45.87	2400	2412	0.30	5559	0	0	1469	2116	0	0	0.00	0.76	53.56	0.00	0.00	54.13	0.00	0.00	0.00	51	54	100.35	39.22	0.00	0.00
1166	48.44	2400	2407	0.26	6233	0	0	734	2019	0	0	0.00	0.43	51.23	0.00	0.00	51.56	0.00	0.00	0.00	52	55	103.90	40.73	0.00	0.00
1182	49.16	2400	2404	0.25	6324	0	0	679	2019	0	0	0.00	0.24	50.65	0.00	0.00	50.84	0.00	0.00	0.00	51	55	104.40	40.89	0.00	0.00
1182	49.21	2400	2401	0.24	6326	0	0	505	1950	0	0	0.00	0.92	49.84	0.00	0.00	50.79	0.00	0.00	0.00	52	55	104.78	41.12	0.00	0.00
1151	48.40	2400	2379	0.24	6702	0	0	626	2019	0	0	0.00	0.34	50.77	0.00	0.00	51.60	0.00	0.00	0.00	51	55	102.71	40.39	0.00	0.00
1194	49.58	2400	2408	0.22	9703	0	0	429	1879	0	0	0.00	0.13	50.43	0.00	0.00	50.42	0.00	0.00	0.00	51	55	106.20	42.17	0.00	0.00
1182	49.31	2400	2397	0.23	6620	0	0	606	1817	0	0	0.00	0.23	50.38	0.00	0.00	50.69	0.00	0.00	0.00	52	55	104.91	41.72	0.00	0.00
1198	49.80	2400	2405	0.22	14119	0	0	207	1758	0	0	0.00	0.03	50.26	0.00	0.00	50.20	0.00	0.00	0.00	52	54	106.68	42.15	0.00	0.00
1168	48.66	2400	2400	0.24	6544	0	0	491	1896	0	0	0.00	0.50	50.81	0.00	0.00	51.34	0.00	0.00	0.00	51	55	104.46	41.06	0.00	0.00
1176	49.53	2400	2375	0.24	7081	0	0	227	1710	0	0	0.00	1.14	48.79	0.00	0.00	50.47	0.00	0.00	0.00	52	55	104.41	40.81	0.00	0.00
1206	49.81	2400	2422	0.24	7877	0	0	143	1838	0	0	0.00	0.02	50.63	0.00	0.00	50.19	0.00	0.00	0.00	52	55	107.67	42.19	0.00	0.00
1180	49.15	2400	2400	0.25	6574	0	0	349	1648	0	0	0.00	1.05	49.77	0.00	0.00	50.85	0.00	0.00	0.00	53	55	104.97	40.84	0.00	0.00
1198	49.74	2400	2408	0.25	7382	0	0	181	1563	0	0	0.00	0.03	50.35	0.00	0.00	50.26	0.00	0.00	0.00	53	55	106.26	41.41	0.00	0.00
1129	47.23	2400	2391	0.28	5968	0	0	849	1654	0	0	0.00	0.62	51.90	0.00	0.00	52.77	0.00	0.00	0.00	53	55	101.64	39.41	0.00	0.00
1186	49.79	2400	2381	0.24	7849	0	0	213	1888	0	0	0.00	1.57	48.22	0.00	0.00	50.21	0.00	0.00	0.00	52	54	105.54	41.38	0.00	0.00
1207	49.91	2400	2419	0.24	6739	0	0	216	1698	0	0	0.00	0.01	50.45	0.00	0.00	50.09	0.00	0.00	0.00	53	55	107.28	41.98	0.00	0.00
1168	49.02	2400	2383	0.23	7088	0	0	379	2074	0	0	0.00	1.18	49.41	0.00	0.00	50.98	0.00	0.00	0.00	53	55	104.48	41.42	0.00	0.00
1204	49.79	2400	2418	0.23	6874	0	0	203	1733	0	0	0.00	1.41	49.16	0.00	0.00	50.21	0.00	0.00	0.00	52	55	107.42	42.22	0.00	0.00
1181	49.26	2400	2398	0.25	7243	0	0	414	1776	0	0	0.00	0.69	49.98	0.00	0.00	50.74	0.00	0.00	0.00	52	55	105.06	41.19	0.00	0.00
1195	49.75	2400	2401	0.24	7129	0	0	179	1793	0	0	0.00	0.07	50.19	0.00	0.00	50.25	0.00	0.00	0.00	53	56	106.14	41.40	0.00	0.00
1187	49.31	2400	2408	0.25	6736	0	0	340	1821	0	0	0.00	0.14	50.70	0.00	0.00	50.69	0.00	0.00	0.00	53	56	105.95	41.60	0.00	0.00
1185	49.60	2400	2388	0.25	6851	0	0	271	2163	0	0	0.00	0.10	50.04	0.00	0.00	50.40	0.00	0.00	0.00	53	55	105.02	40.78	0.00	0.00
1196	49.75	2400	2404	0.25	6766	0	0	208	1798	0	0	0.00	0.06	50.25	0.00	0.00	50.25	0.00	0.00	0.00	53	55	106.59	41.43	0.00	0.00
1174	49.07	2400	2393	0.26	6673	0	0	488	1724	0	0	0.00	0.30	50.43	0.00	0.00	50.93	0.00	0.00	0.00	53	55	104.13	40.69	0.00	0.00
1191	49.68	2400	2398	0.25	6687	0	0	167	1696	0	0	0.00	0.12	50.13	0.00	0.00	50.32	0.00	0.00	0.00	51	55	105.46	41.06	0.00	0.00
1201	49.74	2400	2414	0.25	6702	0	0	151	1796	0	0	0.00	0.02	50.49	0.00	0.00	50.26	0.00	0.00	0.00	52	54	106.74	41.37	0.00	0.00
1176	49.43	2400	2379	0.25	6599	0	0	238	1912	0	0	0.00	2.62	47.49	0.00	0.00	50.57	0.00	0.00	0.00	52	56	104.38	40.72	0.00	0.00
1187	49.35	2400	2405	0.24	6652	0	0	303	1947	0	0	0.00	0.11	50.61	0.00	0.00	50.65	0.00	0.00	0.00	52	55	105.66	41.39	0.00	0.00
1201	49.93	2400	2405	0.24	7146	0	0	191	2032	0	0	0.00	2.32	47.82	0.00	0.00	50.07	0.00	0.00	0.00	53	57	106.28	41.51	0.00	0.00
1199	49.71	2400	2411	0.25	6707	0	0	205	1546	0	0	0.00	0.03	50.43	0.00	0.00	50.29	0.00	0.00	0.00	53	55	106.46	41.47	0.00	0.00
1186	49.74	2400	2384	0.24	6955	0	0	139	1720	0	0	0.00	0.10	49.79	0.00	0.00	50.26	0.00	0.00	0.00	52	55	105.24	41.32	0.00	0.00
1168	48.81	2400	2394	0.27	6577	0	0	770	1857	0	0	0.00	0.35	50.64	0.00	0.00	51.19	0.00	0.00	0.00	53	56	103.51	40.10	0.00	0.00
1198	49.57	2400	2417	0.26	6622	0	0	244	1632	0	0	0.00	0.09	50.64	0.00	0.00	50.43	0.00	0.00	0.00	53	56	105.75	41.12	0.00	0.00
1175	48.92	2400	2403	0.26	7191	0	0	272	1772	0	0	0.00	0.16	50.92	0.00	0.00	51.08	0.00	0.00	0.00	54	55	105.07	40.77	0.00	0.00
1184	49.18	2400	2408	0.26	6405	0	0	421	1712	0	0	0.00	0.26	50.64	0.00	0.00	50.82	0.00	0.00	0.00	52	57	105.41	41.19	0.00	0.00
1171	49.30	2400	2376	0.25	6492	0	0	353	1487	0	0	0.00	0.30	49.81	0.00	0.00	50.70	0.00	0.00	0.00	53	55	103.51	40.36	0.00	0.00
1181	49.04	2400	2409	0.26	6571	0	0	260	1633	0	0	0.00	0.19	50.88	0.00	0.00	50.96	0.00	0.00	0.00	53	55	105.02	40.70	0.00	0.00
1198	49.73	2400	2409	0.26	7504	0	0	221	1666	0	0	0.00	0.06	50.31	0.00	0.00	50.27	0.00	0.00	0.00	53	55	105.82	40.76	0.00	0.00
1172	49.00	2400	2391	0.27	6224	0	0	528	1780	0	0	0.00	0.31	50.40	0.00	0.00	51.00	0.00	0.00	0.00	52	57	103.27	39.87	0.00	0.00
1158	48.36	2400	2395	0.28	6257	0	0	901	2020	0	0	0.00	0.59	50.88	0.00	0.00	51.64	0.00	0.00	0.00	52	55	102.44	39.75	0.00	0.00
1186	49.31	2400	2405	0.25	6575	0	0	296	1833	0	0	0.00	1.27	49.48	0.00	0.00	50.69	0.00	0.00	0.00	52	56	105.13	41.01	0.00	0.00
1205	49.87	2400	2416	0.25	6627	0	0	179	1827	0	0	0.00	5.05	45.36	0.00	0.00	50.13	0.00	0.00	0.00	52	56	107.23	41.65	0.00	0.00
1144	48.02	2400	2382	0.29	5936	0	0	993	2192	0	0	0.00	0.43	51.09	0.00	0.00	51.98	0.00	0.00	0.00	51	55	101.11	39.22	0.00	0.00
1166	48.20	2400	2419	0.27	6323	0	0	568	1920	0	0	0.00	0.32	51.82	0.00	0.00	51.80	0.00	0.00	0.00	52	56	104.52	40.48	0.00	0.00
1177	49.23	2400	2391	0.26	6840	0	0	476	1890	0	0	0.00	0.24	50.28	0.00	0.00	50.77	0.00	0.00	0.00	53	56	104.22	40.54	0.00	0.00
1126	47.05	2400	2392	0.30	5859	0	0	1128	2119	0	0	0.00	0.83	51.85	0.00	0.00	52.95	0.00	0.00	0.00	52	57	100.59	38.76	0.00	0.00
1164	48.61	2400	2394	0.28	6497	0	0	708	1928	0	0	0.00	0.41	50.76	0.00	0.00	51.39	0.00	0.00	0.00	52	56	103.28	39.90	0.00	0.00
1200	49.83	2400	2409	0.25	6744	0	0	190	1883	0	0	0.00	0.69	49.61	0.00	0.00	50.17	0.00	0.00	0.00	52	56	106.19	41.17	0.00	0.00
1174	48.87	2400	2401	0.26	6494	0	0	399	1887	0	0	0.00	0.27	50.83	0.00	0.00	51.13	0.00	0.00	0.00	52	56	104.57	40.64	0.00	0.00
1198	49.91	2400	2400	0.24	7063	0	0	167	2056	0	0	0.00	0.48	49.56	0.00	0.00	50.09	0.00	0.00	0.00	53	55	106.12	41.28	0.00	0.00
1182	49.30	2400	2397	0.25	6587	0	0	265	1725	0	0	0.00	0.21	50.38	0.00	0.00	50.70	0.00	0.00	0.00	52	56	105.06	41.10	0.00	0.00
1175	49.15	2400	2392	0.25	6859	0	0	235	2014	0	0	0.00	0.88	49.74	0.00	0.00	50.85	0.00	0.00	0.00	52	56	104.36	40.46	0.00	0.00
1202	49.72	2400	2418	0.25	6743	0	0	158	1852	0	0	0.00	0.08	50.53	0.00	0.00	50.28	0.00	0.00	0.00	53	56	106.86	41.52	0.00	0.00
1142	47.88	2400	2386	0.28	6031	0	0	1042	2111	0	0	0.00	0.67	51.09	0.00	0.00	52.12	0.00	0.00	0.00	53	56	101.78	39.43	0.00	0.00
1182	49.27	2400	2400	0.25	6508	0	0	213	1746	0	0	0.00	0.15	50.53	0.00	0.00	50.73	0.00	0.00	0.00	52	57	105.13	40.73	0.00	0.00
1199	49.83	2400	2406	0.25	6746	0	0	183	2002	0	0	0.00	0.18	50.07	0.00	0.00	50.17	0.00	0.00	0.00	52	56	106.02	41.09	0.00	0.00
1171	48.83	2400	2399	0.27	6279	0	0	517	1792	0	0	0.00	0.31	50.77	0.00	0.00	51.17	0.00	0.00	0.00	52	56	104.41	40.58	0.00	0.00
1185	49.18	2400	2409	0.26	6622	0	0	389	1688	0	0	0.00	0.91	50.04	0.00	0.00	50.82	0.00	0.00	0.00	52	57	104.90	40.77	0.00	0.00
1191	49.46	2400	2408	0.26	6595	0	0	268	1738	0	0	0.00	0.23	50.41	0.00	0.00	50.54	0.00	0.00	0.00	53	56	105.90	41.00	0.00	0.00
1180	49.48	2400	2384	0.26	6492	0	0	306	1877	0	0	0.00	0.12	49.99	0.00	0.00	50.52	0.00	0.00	0.00	53	56	104.01	40.14	0.00	0.00
1195	49.73	2400	2403	0.26	6561	0	0	260	1622	0	0	0.00	0.07	50.18	0.00	0.00	50.27	0.00	0.00	0.00	53	56	105.40	40.58	0.00	0.00
1169	48.68	2400	2402	0.27	6363	0	0	478	1704	0	0	0.00	0.99	50.28	0.00	0.00	51.32	0.00	0.00	0.00	52	56	104.17	40.25	0.00	0.00
1186	49.36	2400	2402	0.26	6584	0	0	261	1749	0	0	0.00	1.00	49.60	0.00	0.00	50.64	0.00	0.00	0.00	52	56	105.09	40.73	0.00	0.00
1190	49.60	2400	2400	0.26	6466	0	0	204	1855	0	0	0.00	0.08	50.25	0.00	0.00	50.40	0.00	0.00	0.00	53	56	105.24	40.76	0.00	0.00
1196	49.87	2400	2398	0.25	6730	0	0	155	1830	0	0	0.00	0.03	49.99	0.00	0.00	50.13	0.00	0.00	0.00	52	56	105.83	41.02	0.00	0.00
1138	47.61	2400	2391	0.28	6050	0	0	807	1852	0	0	0.00	0.64	51.47	0.00	0.00	52.39	0.00	0.00	0.00	52	56	102.20	39.61	0.00	0.00
1200	49.74	2400	2412	0.25	6681	0	0	201	1921	0	0	0.00	0.02	50.45	0.00	0.00	50.26	0.00	0.00	0.00	52	56	106.58	41.47	0.00	0.00
1176	49.05	2400	2397	0.26	6560	0	0	329	1787	0	0	0.00	1.29	49.54	0.00	0.00	50.95	0.00	0.00	0.00	52	56	104.64	40.61	0.00	0.00
1198	49.76	2400	2408	0.24	6656	0	0	261	1910	0	0	0.00	0.10	50.26	0.00	0.00	50.24	0.00	0.00	0.00	52	56	106.54	41.79	0.00	0.00
1186	49.39	2400	2402	0.24	6577	0	0	240	1891	0	0	0.00	0.25	50.35	0.00	0.00	50.61	0.00	0.00	0.00	52	56	105.43	41.15	0.00	0.00
1149	48.20	2400	2384	0.29	6138	0	0	1098	2301	0	0	0.00	0.51	50.87	0.00	0.00	51.80	0.00	0.00	0.00	52	56	101.44	39.15	0.00	0.00
1193	49.68	2400	2400	0.25	6862	0	0	202	1643	0	0	0.00	0.10	50.17	0.00	0.00	50.32	0.00	0.00	0.00	52	55	106.01	40.98	0.00	0.00
