Avg_MHz	Busy%	Bzy_MHz	TSC_MHz	IPC	IRQ	SMI	POLL	C1	C1E	C3	C6	POLL%	C1%	C1E%	C3%	C6%	CPU%c1	CPU%c3	CPU%c6	CPU%c7	CoreTmp	PkgTmp	PkgWatt	RAMWatt	PKG_%	RAM_%
76	3.15	2400	2407	1.36	849	0	0	40	486	0	0	0.00	3.14	93.99	0.00	0.00	96.85	0.00	0.00	0.00	46	53	74.95	35.04	0.00	0.00
76	3.17	2400	2400	1.52	729	0	0	83	495	0	0	0.00	3.12	93.72	0.00	0.00	96.83	0.00	0.00	0.00	47	51	75.41	35.19	0.00	0.00
76	3.17	2400	2400	1.56	711	0	0	53	440	0	0	0.00	3.12	93.71	0.00	0.00	96.83	0.00	0.00	0.00	46	51	75.60	35.34	0.00	0.00
76	3.17	2400	2400	1.56	778	0	0	56	531	0	0	0.00	3.12	93.71	0.00	0.00	96.83	0.00	0.00	0.00	46	53	75.58	35.51	0.00	0.00
76	3.17	2400	2400	1.56	765	0	0	35	522	0	0	0.00	3.12	93.70	0.00	0.00	96.83	0.00	0.00	0.00	46	52	75.56	35.27	0.00	0.00
76	3.17	2400	2400	1.57	834	0	0	42	570	0	0	0.00	3.17	93.67	0.00	0.00	96.83	0.00	0.00	0.00	46	51	75.57	35.53	0.00	0.00
76	3.17	2400	2400	1.56	736	0	0	48	502	0	0	0.00	3.12	93.71	0.00	0.00	96.83	0.00	0.00	0.00	47	51	75.62	35.49	0.00	0.00
76	3.17	2400	2400	1.56	779	0	0	38	519	0	0	0.00	3.12	93.71	0.00	0.00	96.83	0.00	0.00	0.00	46	52	75.59	35.42	0.00	0.00
76	3.18	2400	2400	1.56	799	0	0	38	567	0	0	0.00	3.12	93.70	0.00	0.00	96.82	0.00	0.00	0.00	47	51	75.60	35.33	0.00	0.00
76	3.17	2400	2400	1.56	814	0	0	71	557	0	0	0.00	3.13	93.70	0.00	0.00	96.83	0.00	0.00	0.00	47	52	75.58	35.21	0.00	0.00
76	3.17	2400	2400	1.56	719	0	0	54	474	0	0	0.00	3.12	93.71	0.00	0.00	96.83	0.00	0.00	0.00	46	51	75.62	35.44	0.00	0.00
76	3.17	2400	2400	1.56	811	0	0	49	566	0	0	0.00	4.50	92.33	0.00	0.00	96.83	0.00	0.00	0.00	48	51	75.60	35.31	0.00	0.00
76	3.17	2400	2400	1.57	775	0	0	51	528	0	0	0.00	4.63	92.20	0.00	0.00	96.83	0.00	0.00	0.00	46	51	75.60	35.38	0.00	0.00
91	3.79	2400	2400	1.59	1171	0	0	129	934	0	0	0.00	3.25	92.95	0.00	0.00	96.21	0.00	0.00	0.00	47	52	76.16	35.60	0.00	0.00
76	3.17	2400	2400	1.56	723	0	0	44	488	0	0	0.00	3.17	93.67	0.00	0.00	96.83	0.00	0.00	0.00	47	51	75.62	35.29	0.00	0.00
76	3.17	2400	2400	1.56	862	0	0	45	603	0	0	0.00	3.17	93.66	0.00	0.00	96.83	0.00	0.00	0.00	47	50	75.57	35.41	0.00	0.00
76	3.17	2400	2400	1.56	692	0	0	54	459	0	0	0.00	3.12	93.71	0.00	0.00	96.83	0.00	0.00	0.00	47	52	75.63	35.43	0.00	0.00
76	3.17	2400	2400	1.56	735	0	0	61	477	0	0	0.00	3.22	93.61	0.00	0.00	96.83	0.00	0.00	0.00	47	51	75.60	35.41	0.00	0.00
76	3.18	2400	2400	1.56	778	0	0	42	548	0	0	0.00	3.12	93.69	0.00	0.00	96.82	0.00	0.00	0.00	48	51	75.58	35.38	0.00	0.00
76	3.17	2400	2400	1.57	857	0	0	46	606	0	0	0.00	3.12	93.72	0.00	0.00	96.83	0.00	0.00	0.00	47	51	75.62	35.40	0.00	0.00
76	3.17	2400	2400	1.56	686	0	0	47	440	0	0	0.00	3.12	93.71	0.00	0.00	96.83	0.00	0.00	0.00	47	51	75.60	35.46	0.00	0.00
76	3.17	2400	2400	1.56	776	0	0	38	539	0	0	0.00	3.12	93.71	0.00	0.00	96.83	0.00	0.00	0.00	47	52	75.64	35.41	0.00	0.00
77	3.19	2400	2400	1.56	754	0	0	47	515	0	0	0.00	5.43	91.37	0.00	0.00	96.81	0.00	0.00	0.00	48	52	75.59	35.32	0.00	0.00
76	3.17	2400	2400	1.56	802	0	0	54	550	0	0	0.00	3.12	93.71	0.00	0.00	96.83	0.00	0.00	0.00	46	51	75.56	35.38	0.00	0.00
76	3.17	2400	2400	1.56	740	0	0	48	500	0	0	0.00	3.12	93.71	0.00	0.00	96.83	0.00	0.00	0.00	46	51	75.62	35.23	0.00	0.00
76	3.17	2400	2400	1.57	792	0	0	46	553	0	0	0.00	3.17	93.65	0.00	0.00	96.83	0.00	0.00	0.00	47	52	75.62	35.50	0.00	0.00
76	3.17	2400	2400	1.56	812	0	0	50	581	0	0	0.00	3.12	93.71	0.00	0.00	96.83	0.00	0.00	0.00	46	51	75.63	35.32	0.00	0.00
76	3.17	2400	2400	1.57	728	0	0	45	482	0	0	0.00	3.12	93.71	0.00	0.00	96.83	0.00	0.00	0.00	47	51	75.61	35.33	0.00	0.00
76	3.18	2400	2400	1.56	718	0	0	47	482	0	0	0.00	3.12	93.70	0.00	0.00	96.82	0.00	0.00	0.00	46	52	75.61	35.48	0.00	0.00
76	3.17	2400	2400	1.56	772	0	0	37	530	0	0	0.00	3.12	93.71	0.00	0.00	96.83	0.00	0.00	0.00	46	51	75.59	35.36	0.00	0.00
76	3.17	2400	2400	1.57	688	0	0	52	441	0	0	0.00	3.12	93.71	0.00	0.00	96.83	0.00	0.00	0.00	47	50	75.65	35.42	0.00	0.00
76	3.17	2400	2400	1.57	779	0	0	55	539	0	0	0.00	3.46	93.37	0.00	0.00	96.83	0.00	0.00	0.00	46	51	75.64	35.46	0.00	0.00
76	3.17	2400	2400	1.56	720	0	0	35	494	0	0	0.00	3.12	93.71	0.00	0.00	96.83	0.00	0.00	0.00	47	51	75.60	35.45	0.00	0.00
76	3.18	2400	2400	1.57	824	0	0	52	585	0	0	0.00	3.12	93.70	0.00	0.00	96.82	0.00	0.00	0.00	47	50	75.62	35.37	0.00	0.00
76	3.17	2400	2400	1.56	702	0	0	48	473	0	0	0.00	3.12	93.71	0.00	0.00	96.83	0.00	0.00	0.00	46	51	75.60	35.30	0.00	0.00
76	3.17	2400	2400	1.57	788	0	0	54	546	0	0	0.00	3.12	93.71	0.00	0.00	96.83	0.00	0.00	0.00	46	51	75.61	35.35	0.00	0.00
76	3.17	2400	2400	1.56	749	0	0	42	525	0	0	0.00	4.02	92.81	0.00	0.00	96.83	0.00	0.00	0.00	47	51	75.67	35.42	0.00	0.00
76	3.17	2400	2400	1.57	729	0	0	57	486	0	0	0.00	3.12	93.71	0.00	0.00	96.83	0.00	0.00	0.00	46	52	75.62	35.32	0.00	0.00
76	3.18	2400	2400	1.57	719	0	0	62	492	0	0	0.00	3.17	93.65	0.00	0.00	96.82	0.00	0.00	0.00	47	50	75.61	35.31	0.00	0.00
76	3.17	2400	2400	1.57	780	0	0	38	542	0	0	0.00	3.12	93.71	0.00	0.00	96.83	0.00	0.00	0.00	46	51	75.59	35.25	0.00	0.00
76	3.17	2400	2400	1.56	771	0	0	46	545	0	0	0.00	3.12	93.70	0.00	0.00	96.83	0.00	0.00	0.00	47	51	75.64	35.36	0.00	0.00
76	3.17	2400	2400	1.57	736	0	0	59	501	0	0	0.00	3.12	93.71	0.00	0.00	96.83	0.00	0.00	0.00	46	51	75.62	35.53	0.00	0.00
76	3.17	2400	2400	1.57	708	0	0	48	478	0	0	0.00	3.12	93.71	0.00	0.00	96.83	0.00	0.00	0.00	47	52	75.64	35.37	0.00	0.00
76	3.17	2400	2400	1.57	783	0	0	35	544	0	0	0.00	3.12	93.70	0.00	0.00	96.83	0.00	0.00	0.00	47	51	75.60	35.28	0.00	0.00
76	3.17	2400	2400	1.56	781	0	0	50	545	0	0	0.00	3.12	93.71	0.00	0.00	96.83	0.00	0.00	0.00	47	51	75.61	35.38	0.00	0.00
76	3.17	2400	2400	1.56	730	0	0	58	480	0	0	0.00	3.17	93.66	0.00	0.00	96.83	0.00	0.00	0.00	47	51	75.61	35.27	0.00	0.00
76	3.17	2400	2400	1.56	742	0	0	38	512	0	0	0.00	3.57	93.26	0.00	0.00	96.83	0.00	0.00	0.00	46	50	75.61	35.43	0.00	0.00
76	3.17	2400	2400	1.57	811	0	0	36	562	0	0	0.00	3.12	93.71	0.00	0.00	96.83	0.00	0.00	0.00	47	50	75.63	35.30	0.00	0.00
78	3.23	2400	2400	1.56	945	0	0	100	696	0	0	0.00	3.23	93.53	0.00	0.00	96.77	0.00	0.00	0.00	46	50	75.62	35.44	0.00	0.00
79	3.30	2400	2400	1.55	992	0	0	74	729	0	0	0.00	3.11	93.59	0.00	0.00	96.70	0.00	0.00	0.00	46	51	75.77	35.34	0.00	0.00
76	3.18	2400	2400	1.56	761	0	0	69	510	0	0	0.00	3.12	93.72	0.00	0.00	96.82	0.00	0.00	0.00	47	51	75.60	35.45	0.00	0.00
76	3.17	2400	2400	1.57	749	0	0	60	503	0	0	0.00	3.12	93.71	0.00	0.00	96.83	0.00	0.00	0.00	46	51	75.62	35.37	0.00	0.00
76	3.17	2400	2400	1.57	729	0	0	50	504	0	0	0.00	3.12	93.70	0.00	0.00	96.83	0.00	0.00	0.00	47	51	75.65	35.48	0.00	0.00
76	3.17	2400	2400	1.57	808	0	0	39	551	0	0	0.00	3.12	93.70	0.00	0.00	96.83	0.00	0.00	0.00	46	50	75.61	35.46	0.00	0.00
76	3.18	2400	2400	1.56	781	0	0	82	535	0	0	0.00	3.12	93.70	0.00	0.00	96.82	0.00	0.00	0.00	46	51	75.62	35.42	0.00	0.00
76	3.17	2400	2400	1.56	780	0	0	56	528	0	0	0.00	3.17	93.66	0.00	0.00	96.83	0.00	0.00	0.00	46	51	75.57	35.53	0.00	0.00
76	3.17	2400	2400	1.57	725	0	0	52	492	0	0	0.00	3.12	93.70	0.00	0.00	96.83	0.00	0.00	0.00	46	51	75.64	35.48	0.00	0.00
76	3.17	2400	2400	1.57	778	0	0	41	537	0	0	0.00	3.12	93.71	0.00	0.00	96.83	0.00	0.00	0.00	46	50	75.62	35.25	0.00	0.00
76	3.18	2400	2400	1.57	699	0	0	57	455	0	0	0.00	3.12	93.70	0.00	0.00	96.82	0.00	0.00	0.00	46	50	75.66	35.38	0.00	0.00
76	3.17	2400	2400	1.57	768	0	0	44	520	0	0	0.00	3.12	93.71	0.00	0.00	96.83	0.00	0.00	0.00	46	50	75.60	35.47	0.00	0.00
76	3.17	2400	2400	1.56	711	0	0	39	473	0	0	0.00	3.12	93.71	0.00	0.00	96.83	0.00	0.00	0.00	47	51	75.59	35.34	0.00	0.00
76	3.17	2400	2400	1.56	793	0	0	55	558	0	0	0.00	3.12	93.71	0.00	0.00	96.83	0.00	0.00	0.00	47	52	75.62	35.48	0.00	0.00
76	3.17	2400	2400	1.56	744	0	0	81	504	0	0	0.00	3.12	93.71	0.00	0.00	96.83	0.00	0.00	0.00	46	51	75.62	35.61	0.00	0.00
76	3.17	2400	2400	1.56	783	0	0	60	532	0	0	0.00	3.12	93.71	0.00	0.00	96.83	0.00	0.00	0.00	47	51	75.60	35.31	0.00	0.00
76	3.18	2400	2400	1.56	800	0	0	57	545	0	0	0.00	3.12	93.70	0.00	0.00	96.82	0.00	0.00	0.00	46	51	75.63	35.34	0.00	0.00
76	3.17	2400	2400	1.56	746	0	0	58	499	0	0	0.00	3.12	93.71	0.00	0.00	96.83	0.00	0.00	0.00	46	52	75.61	35.53	0.00	0.00
76	3.17	2400	2400	1.57	717	0	0	49	483	0	0	0.00	3.12	93.71	0.00	0.00	96.83	0.00	0.00	0.00	46	52	75.63	35.39	0.00	0.00
76	3.17	2400	2400	1.56	821	0	0	35	588	0	0	0.00	3.12	93.71	0.00	0.00	96.83	0.00	0.00	0.00	45	50	75.60	35.57	0.00	0.00
76	3.18	2400	2400	1.56	765	0	0	54	533	0	0	0.00	3.12	93.70	0.00	0.00	96.82	0.00	0.00	0.00	46	50	75.65	35.38	0.00	0.00
76	3.17	2400	2400	1.57	698	0	0	54	459	0	0	0.00	3.12	93.71	0.00	0.00	96.83	0.00	0.00	0.00	46	50	75.63	35.55	0.00	0.00
76	3.17	2400	2400	1.56	727	0	0	51	499	0	0	0.00	3.12	93.70	0.00	0.00	96.83	0.00	0.00	0.00	46	50	75.58	35.45	0.00	0.00
76	3.17	2400	2400	1.56	793	0	0	34	551	0	0	0.00	3.12	93.71	0.00	0.00	96.83	0.00	0.00	0.00	46	50	75.62	35.27	0.00	0.00
76	3.18	2400	2400	1.56	842	0	0	42	604	0	0	0.00	3.31	93.52	0.00	0.00	96.82	0.00	0.00	0.00	46	50	75.64	35.34	0.00	0.00
76	3.17	2400	2400	1.57	685	0	0	54	447	0	0	0.00	3.95	92.88	0.00	0.00	96.83	0.00	0.00	0.00	46	51	75.61	35.44	0.00	0.00
76	3.17	2400	2400	1.57	728	0	0	34	489	0	0	0.00	3.12	93.70	0.00	0.00	96.83	0.00	0.00	0.00	47	50	75.63	35.50	0.00	0.00
76	3.17	2400	2400	1.56	776	0	0	46	531	0	0	0.00	3.17	93.66	0.00	0.00	96.83	0.00	0.00	0.00	46	50	75.61	35.43	0.00	0.00
76	3.17	2400	2400	1.57	717	0	0	36	470	0	0	0.00	3.12	93.71	0.00	0.00	96.83	0.00	0.00	0.00	46	50	75.61	35.48	0.00	0.00
76	3.17	2400	2400	1.56	727	0	0	47	500	0	0	0.00	3.12	93.71	0.00	0.00	96.83	0.00	0.00	0.00	46	50	75.65	35.51	0.00	0.00
76	3.18	2400	2400	1.56	756	0	0	42	510	0	0	0.00	3.12	93.70	0.00	0.00	96.82	0.00	0.00	0.00	47	50	75.58	35.50	0.00	0.00
76	3.17	2400	2400	1.56	841	0	0	54	594	0	0	0.00	3.12	93.71	0.00	0.00	96.83	0.00	0.00	0.00	45	51	75.65	35.51	0.00	0.00
76	3.17	2400	2400	1.56	695	0	0	51	453	0	0	0.00	3.12	93.71	0.00	0.00	96.83	0.00	0.00	0.00	45	51	75.61	35.49	0.00	0.00
76	3.17	2400	2400	1.56	725	0	0	54	485	0	0	0.00	3.83	93.00	0.00	0.00	96.83	0.00	0.00	0.00	45	51	75.61	35.40	0.00	0.00
76	3.17	2400	2400	1.57	775	0	0	36	546	0	0	0.00	4.10	92.72	0.00	0.00	96.83	0.00	0.00	0.00	45	52	75.62	35.48	0.00	0.00
76	3.17	2400	2400	1.57	730	0	0	60	493	0	0	0.00	3.17	93.66	0.00	0.00	96.83	0.00	0.00	0.00	45	51	75.62	35.34	0.00	0.00
76	3.17	2400	2400	1.57	708	0	0	47	470	0	0	0.00	3.12	93.71	0.00	0.00	96.83	0.00	0.00	0.00	46	50	75.66	35.48	0.00	0.00
76	3.17	2400	2400	1.56	743	0	0	36	515	0	0	0.00	3.12	93.71	0.00	0.00	96.83	0.00	0.00	0.00	46	49	75.60	35.17	0.00	0.00
76	3.17	2400	2400	1.56	791	0	0	49	550	0	0	0.00	3.12	93.70	0.00	0.00	96.83	0.00	0.00	0.00	46	50	75.60	35.38	0.00	0.00
76	3.17	2400	2400	1.57	752	0	0	53	523	0	0	0.00	3.40	93.44	0.00	0.00	96.83	0.00	0.00	0.00	45	50	75.63	35.54	0.00	0.00
76	3.18	2400	2400	1.57	732	0	0	59	498	0	0	0.00	3.12	93.70	0.00	0.00	96.82	0.00	0.00	0.00	46	51	75.66	35.49	0.00	0.00
76	3.17	2400	2400	1.57	763	0	0	39	532	0	0	0.00	3.12	93.71	0.00	0.00	96.83	0.00	0.00	0.00	46	50	75.62	35.41	0.00	0.00
76	3.17	2400	2400	1.56	711	0	0	47	467	0	0	0.00	3.12	93.71	0.00	0.00	96.83	0.00	0.00	0.00	46	50	75.61	35.49	0.00	0.00
76	3.17	2400	2400	1.56	727	0	0	58	490	0	0	0.00	3.79	93.04	0.00	0.00	96.83	0.00	0.00	0.00	46	50	75.65	35.48	0.00	0.00
76	3.17	2400	2400	1.56	748	0	0	39	519	0	0	0.00	3.62	93.21	0.00	0.00	96.83	0.00	0.00	0.00	45	51	75.61	35.49	0.00	0.00
76	3.17	2400	2400	1.57	808	0	0	45	563	0	0	0.00	3.17	93.66	0.00	0.00	96.83	0.00	0.00	0.00	45	50	75.61	35.31	0.00	0.00
76	3.18	2400	2400	1.57	718	0	0	54	474	0	0	0.00	3.26	93.56	0.00	0.00	96.82	0.00	0.00	0.00	46	51	75.63	35.37	0.00	0.00
76	3.17	2400	2400	1.56	749	0	0	47	517	0	0	0.00	3.12	93.71	0.00	0.00	96.83	0.00	0.00	0.00	45	50	75.61	35.32	0.00	0.00
76	3.17	2400	2400	1.57	743	0	0	37	506	0	0	0.00	3.12	93.71	0.00	0.00	96.83	0.00	0.00	0.00	46	50	75.64	35.36	0.00	0.00
76	3.17	2400	2400	1.57	747	0	0	42	530	0	0	0.00	3.12	93.71	0.00	0.00	96.83	0.00	0.00	0.00	46	50	75.59	35.42	0.00	0.00
76	3.18	2400	2400	1.56	761	0	0	49	532	0	0	0.00	3.12	93.70	0.00	0.00	96.82	0.00	0.00	0.00	47	50	75.65	35.32	0.00	0.00
76	3.17	2400	2400	1.56	774	0	0	42	536	0	0	0.00	3.12	93.71	0.00	0.00	96.83	0.00	0.00	0.00	46	50	75.63	35.56	0.00	0.00
76	3.17	2400	2400	1.57	779	0	0	39	543	0	0	0.00	3.12	93.70	0.00	0.00	96.83	0.00	0.00	0.00	46	50	75.60	35.44	0.00	0.00
76	3.17	2400	2400	1.57	750	0	0	59	513	0	0	0.00	4.05	92.78	0.00	0.00	96.83	0.00	0.00	0.00	46	51	75.60	35.27	0.00	0.00
76	3.17	2400	2400	1.56	754	0	0	46	521	0	0	0.00	3.12	93.71	0.00	0.00	96.83	0.00	0.00	0.00	45	50	75.65	35.39	0.00	0.00
76	3.17	2400	2400	1.56	768	0	0	41	532	0	0	0.00	3.12	93.71	0.00	0.00	96.83	0.00	0.00	0.00	46	51	75.62	35.48	0.00	0.00
76	3.17	2400	2400	1.57	796	0	0	55	553	0	0	0.00	3.12	93.70	0.00	0.00	96.83	0.00	0.00	0.00	46	51	75.66	35.26	0.00	0.00
76	3.17	2400	2400	1.56	709	0	0	58	471	0	0	0.00	3.12	93.71	0.00	0.00	96.83	0.00	0.00	0.00	46	50	75.59	35.44	0.00	0.00
77	3.22	2400	2400	1.56	939	0	0	121	637	0	0	0.00	15.44	81.34	0.00	0.00	96.78	0.00	0.00	0.00	46	51	75.64	35.36	0.00	0.00
76	3.17	2400	2400	1.57	822	0	0	46	590	0	0	0.00	3.54	93.30	0.00	0.00	96.83	0.00	0.00	0.00	46	50	75.65	35.51	0.00	0.00
77	3.22	2400	2400	1.56	921	0	0	68	681	0	0	0.00	3.15	93.62	0.00	0.00	96.78	0.00	0.00	0.00	46	51	75.68	35.36	0.00	0.00
76	3.17	2400	2400	1.57	730	0	0	56	496	0	0	0.00	3.12	93.72	0.00	0.00	96.83	0.00	0.00	0.00	46	50	75.62	35.42	0.00	0.00
76	3.17	2400	2400	1.56	744	0	0	38	507	0	0	0.00	3.12	93.71	0.00	0.00	96.83	0.00	0.00	0.00	46	50	75.65	35.49	0.00	0.00
76	3.17	2400	2400	1.57	797	0	0	52	543	0	0	0.00	3.12	93.71	0.00	0.00	96.83	0.00	0.00	0.00	47	50	75.64	35.46	0.00	0.00
76	3.18	2400	2400	1.56	765	0	0	57	538	0	0	0.00	3.43	93.40	0.00	0.00	96.82	0.00	0.00	0.00	46	50	75.67	35.45	0.00	0.00
76	3.17	2400	2400	1.57	736	0	0	54	490	0	0	0.00	3.29	93.54	0.00	0.00	96.83	0.00	0.00	0.00	46	50	75.59	35.40	0.00	0.00
76	3.18	2400	2400	1.56	790	0	0	36	561	0	0	0.00	3.12	93.70	0.00	0.00	96.82	0.00	0.00	0.00	45	50	75.63	35.47	0.00	0.00
76	3.17	2400	2400	1.57	745	0	0	58	506	0	0	0.00	3.12	93.71	0.00	0.00	96.83	0.00	0.00	0.00	46	50	75.64	35.30	0.00	0.00
76	3.17	2400	2400	1.56	729	0	0	50	489	0	0	0.00	3.12	93.71	0.00	0.00	96.83	0.00	0.00	0.00	46	50	75.64	35.48	0.00	0.00
76	3.18	2400	2400	1.57	775	0	0	43	551	0	0	0.00	3.12	93.70	0.00	0.00	96.82	0.00	0.00	0.00	46	51	75.61	35.32	0.00	0.00
76	3.17	2400	2400	1.57	775	0	0	54	535	0	0	0.00	3.17	93.66	0.00	0.00	96.83	0.00	0.00	0.00	46	50	75.67	35.40	0.00	0.00
76	3.17	2400	2400	1.57	718	0	0	52	478	0	0	0.00	3.12	93.71	0.00	0.00	96.83	0.00	0.00	0.00	45	50	75.65	35.52	0.00	0.00
76	3.17	2400	2400	1.57	735	0	0	53	492	0	0	0.00	3.12	93.71	0.00	0.00	96.83	0.00	0.00	0.00	46	49	75.63	35.35	0.00	0.00
77	3.23	2400	2400	1.55	551	0	0	24	480	0	0	0.00	3.16	93.61	0.00	0.00	96.77	0.00	0.00	0.00	46	50	75.67	35.42	0.00	0.00
