Avg_MHz	Busy%	Bzy_MHz	TSC_MHz	IPC	IRQ	SMI	POLL	C1	C1E	C3	C6	POLL%	C1%	C1E%	C3%	C6%	CPU%c1	CPU%c3	CPU%c6	CPU%c7	CoreTmp	PkgTmp	PkgWatt	RAMWatt	PKG_%	RAM_%
76	3.15	2400	2407	1.47	734	0	0	58	446	0	0	0.00	7.42	89.70	0.00	0.00	96.85	0.00	0.00	0.00	44	50	75.76	35.58	0.00	0.00
76	3.18	2400	2400	1.46	863	0	0	53	610	0	0	0.00	3.17	93.66	0.00	0.00	96.82	0.00	0.00	0.00	45	50	75.57	35.62	0.00	0.00
76	3.17	2400	2400	1.47	658	0	0	52	435	0	0	0.00	3.17	93.66	0.00	0.00	96.83	0.00	0.00	0.00	45	50	75.53	35.49	0.00	0.00
76	3.17	2400	2400	1.48	819	0	0	58	558	0	0	0.00	3.12	93.70	0.00	0.00	96.83	0.00	0.00	0.00	45	50	75.54	35.39	0.00	0.00
76	3.17	2400	2400	1.47	701	0	0	50	490	0	0	0.00	3.12	93.71	0.00	0.00	96.83	0.00	0.00	0.00	46	50	75.55	35.19	0.00	0.00
76	3.17	2400	2400	1.47	772	0	0	54	514	0	0	0.00	3.12	93.71	0.00	0.00	96.83	0.00	0.00	0.00	45	50	75.53	35.54	0.00	0.00
76	3.17	2400	2400	1.47	729	0	0	36	530	0	0	0.00	3.77	93.06	0.00	0.00	96.83	0.00	0.00	0.00	45	50	75.53	35.35	0.00	0.00
76	3.18	2400	2400	1.47	888	0	0	53	629	0	0	0.00	3.12	93.70	0.00	0.00	96.82	0.00	0.00	0.00	45	50	75.57	35.54	0.00	0.00
76	3.17	2400	2400	1.47	677	0	0	53	458	0	0	0.00	6.04	90.80	0.00	0.00	96.83	0.00	0.00	0.00	45	51	75.57	35.59	0.00	0.00
76	3.17	2400	2400	1.47	815	0	0	43	558	0	0	0.00	3.12	93.70	0.00	0.00	96.83	0.00	0.00	0.00	45	50	75.53	35.40	0.00	0.00
76	3.17	2400	2400	1.47	762	0	0	45	541	0	0	0.00	3.17	93.66	0.00	0.00	96.83	0.00	0.00	0.00	44	50	75.55	35.55	0.00	0.00
76	3.18	2400	2400	1.47	834	0	0	52	583	0	0	0.00	3.50	93.32	0.00	0.00	96.82	0.00	0.00	0.00	45	50	75.55	35.38	0.00	0.00
76	3.17	2400	2400	1.47	695	0	0	54	478	0	0	0.00	3.12	93.71	0.00	0.00	96.83	0.00	0.00	0.00	45	50	75.54	35.42	0.00	0.00
76	3.17	2400	2400	1.47	814	0	0	41	559	0	0	0.00	5.02	91.80	0.00	0.00	96.83	0.00	0.00	0.00	46	50	75.53	35.57	0.00	0.00
76	3.18	2400	2400	1.47	721	0	0	67	498	0	0	0.00	5.43	91.39	0.00	0.00	96.82	0.00	0.00	0.00	45	51	75.60	35.52	0.00	0.00
76	3.17	2400	2400	1.47	800	0	0	54	541	0	0	0.00	3.12	93.70	0.00	0.00	96.83	0.00	0.00	0.00	45	50	75.54	35.36	0.00	0.00
76	3.18	2400	2400	1.47	713	0	0	43	498	0	0	0.00	3.91	92.91	0.00	0.00	96.82	0.00	0.00	0.00	45	49	75.53	35.31	0.00	0.00
76	3.18	2400	2400	1.47	862	0	0	38	612	0	0	0.00	3.12	93.70	0.00	0.00	96.82	0.00	0.00	0.00	44	50	75.57	35.44	0.00	0.00
76	3.17	2400	2400	1.47	685	0	0	53	466	0	0	0.00	3.91	92.93	0.00	0.00	96.83	0.00	0.00	0.00	44	50	75.58	35.55	0.00	0.00
76	3.18	2400	2400	1.47	839	0	0	41	583	0	0	0.00	3.12	93.70	0.00	0.00	96.82	0.00	0.00	0.00	46	50	75.55	35.47	0.00	0.00
76	3.17	2400	2400	1.48	743	0	0	55	528	0	0	0.00	4.70	92.13	0.00	0.00	96.83	0.00	0.00	0.00	45	51	75.51	35.42	0.00	0.00
76	3.18	2400	2400	1.47	799	0	0	59	554	0	0	0.00	3.16	93.67	0.00	0.00	96.82	0.00	0.00	0.00	45	51	75.58	35.34	0.00	0.00
76	3.17	2400	2400	1.47	669	0	0	59	445	0	0	0.00	3.17	93.66	0.00	0.00	96.83	0.00	0.00	0.00	45	50	75.58	35.57	0.00	0.00
76	3.18	2400	2400	1.47	861	0	0	42	604	0	0	0.00	3.12	93.70	0.00	0.00	96.82	0.00	0.00	0.00	45	50	75.54	35.52	0.00	0.00
76	3.18	2400	2400	1.47	699	0	0	65	478	0	0	0.00	5.22	91.61	0.00	0.00	96.82	0.00	0.00	0.00	45	50	75.56	35.53	0.00	0.00
76	3.17	2400	2400	1.47	807	0	0	57	544	0	0	0.00	3.16	93.67	0.00	0.00	96.83	0.00	0.00	0.00	44	51	75.58	35.39	0.00	0.00
76	3.17	2400	2400	1.47	724	0	0	38	516	0	0	0.00	3.12	93.71	0.00	0.00	96.83	0.00	0.00	0.00	44	50	75.52	35.42	0.00	0.00
76	3.18	2400	2400	1.47	910	0	0	44	645	0	0	0.00	4.83	91.99	0.00	0.00	96.82	0.00	0.00	0.00	44	51	75.55	35.49	0.00	0.00
76	3.17	2400	2400	1.48	686	0	0	56	464	0	0	0.00	3.14	93.69	0.00	0.00	96.83	0.00	0.00	0.00	44	50	75.61	35.61	0.00	0.00
76	3.17	2400	2400	1.47	731	0	0	38	478	0	0	0.00	3.12	93.71	0.00	0.00	96.83	0.00	0.00	0.00	45	50	75.52	35.37	0.00	0.00
76	3.17	2400	2400	1.47	743	0	0	54	520	0	0	0.00	3.17	93.66	0.00	0.00	96.83	0.00	0.00	0.00	45	50	75.53	35.30	0.00	0.00
76	3.18	2400	2400	1.47	816	0	0	58	560	0	0	0.00	3.77	93.06	0.00	0.00	96.82	0.00	0.00	0.00	46	50	75.55	35.37	0.00	0.00
76	3.17	2400	2400	1.48	697	0	0	54	471	0	0	0.00	3.12	93.71	0.00	0.00	96.83	0.00	0.00	0.00	45	49	75.61	35.50	0.00	0.00
76	3.17	2400	2400	1.47	774	0	0	40	528	0	0	0.00	3.12	93.70	0.00	0.00	96.83	0.00	0.00	0.00	46	50	75.54	35.56	0.00	0.00
76	3.18	2400	2400	1.47	718	0	0	59	501	0	0	0.00	3.12	93.70	0.00	0.00	96.82	0.00	0.00	0.00	46	50	75.53	35.47	0.00	0.00
76	3.17	2400	2400	1.47	766	0	0	53	515	0	0	0.00	3.12	93.71	0.00	0.00	96.83	0.00	0.00	0.00	45	50	75.60	35.58	0.00	0.00
76	3.17	2400	2400	1.47	723	0	0	44	519	0	0	0.00	3.80	93.02	0.00	0.00	96.83	0.00	0.00	0.00	45	50	75.57	35.38	0.00	0.00
76	3.17	2400	2400	1.47	820	0	0	41	571	0	0	0.00	3.12	93.71	0.00	0.00	96.83	0.00	0.00	0.00	45	50	75.54	35.38	0.00	0.00
76	3.17	2400	2400	1.47	696	0	0	52	470	0	0	0.00	3.12	93.71	0.00	0.00	96.83	0.00	0.00	0.00	45	49	75.50	35.53	0.00	0.00
76	3.17	2400	2400	1.47	800	0	0	36	553	0	0	0.00	3.12	93.70	0.00	0.00	96.83	0.00	0.00	0.00	44	49	75.60	35.31	0.00	0.00
76	3.17	2400	2400	1.47	747	0	0	54	522	0	0	0.00	3.78	93.05	0.00	0.00	96.83	0.00	0.00	0.00	44	51	75.58	35.53	0.00	0.00
76	3.17	2400	2400	1.48	776	0	0	58	530	0	0	0.00	3.85	92.98	0.00	0.00	96.83	0.00	0.00	0.00	45	51	75.53	35.61	0.00	0.00
76	3.17	2400	2400	1.47	698	0	0	50	472	0	0	0.00	3.12	93.71	0.00	0.00	96.83	0.00	0.00	0.00	45	51	75.58	35.34	0.00	0.00
78	3.24	2400	2400	1.46	1135	0	0	147	829	0	0	0.00	20.79	75.97	0.00	0.00	96.76	0.00	0.00	0.00	44	50	75.64	35.54	0.00	0.00
78	3.24	2400	2400	1.46	1025	0	0	177	737	0	0	0.00	16.42	80.35	0.00	0.00	96.76	0.00	0.00	0.00	45	50	75.58	35.55	0.00	0.00
76	3.17	2400	2400	1.47	749	0	0	57	486	0	0	0.00	3.15	93.70	0.00	0.00	96.83	0.00	0.00	0.00	45	50	75.59	35.41	0.00	0.00
76	3.17	2400	2400	1.47	744	0	0	38	533	0	0	0.00	3.86	92.97	0.00	0.00	96.83	0.00	0.00	0.00	44	50	75.58	35.55	0.00	0.00
76	3.18	2400	2400	1.47	797	0	0	68	530	0	0	0.00	4.51	92.32	0.00	0.00	96.82	0.00	0.00	0.00	44	50	75.54	35.38	0.00	0.00
76	3.17	2400	2400	1.47	762	0	0	58	515	0	0	0.00	3.17	93.66	0.00	0.00	96.83	0.00	0.00	0.00	45	50	75.59	35.40	0.00	0.00
76	3.17	2400	2400	1.47	767	0	0	39	526	0	0	0.00	3.12	93.70	0.00	0.00	96.83	0.00	0.00	0.00	45	51	75.59	35.66	0.00	0.00
76	3.17	2400	2400	1.48	788	0	0	54	572	0	0	0.00	3.53	93.30	0.00	0.00	96.83	0.00	0.00	0.00	45	50	75.52	35.36	0.00	0.00
76	3.18	2400	2400	1.47	805	0	0	56	551	0	0	0.00	3.21	93.62	0.00	0.00	96.82	0.00	0.00	0.00	44	50	75.57	35.61	0.00	0.00
76	3.17	2400	2400	1.47	696	0	0	35	474	0	0	0.00	3.12	93.71	0.00	0.00	96.83	0.00	0.00	0.00	45	50	75.61	35.53	0.00	0.00
76	3.17	2400	2400	1.47	813	0	0	40	558	0	0	0.00	3.17	93.66	0.00	0.00	96.83	0.00	0.00	0.00	45	50	75.56	35.52	0.00	0.00
76	3.18	2400	2400	1.47	693	0	0	54	464	0	0	0.00	3.12	93.70	0.00	0.00	96.82	0.00	0.00	0.00	45	51	75.55	35.45	0.00	0.00
76	3.17	2400	2400	1.47	796	0	0	58	541	0	0	0.00	3.12	93.70	0.00	0.00	96.83	0.00	0.00	0.00	45	51	75.56	35.59	0.00	0.00
76	3.17	2400	2400	1.47	752	0	0	48	537	0	0	0.00	3.13	93.69	0.00	0.00	96.83	0.00	0.00	0.00	45	50	75.58	35.44	0.00	0.00
76	3.17	2400	2400	1.47	730	0	0	54	480	0	0	0.00	4.33	92.50	0.00	0.00	96.83	0.00	0.00	0.00	45	49	75.56	35.56	0.00	0.00
76	3.17	2400	2400	1.47	690	0	0	48	469	0	0	0.00	3.12	93.71	0.00	0.00	96.83	0.00	0.00	0.00	45	51	75.55	35.40	0.00	0.00
76	3.17	2400	2400	1.48	784	0	0	36	533	0	0	0.00	3.12	93.70	0.00	0.00	96.83	0.00	0.00	0.00	46	51	75.59	35.61	0.00	0.00
76	3.17	2400	2400	1.47	796	0	0	49	578	0	0	0.00	3.12	93.71	0.00	0.00	96.83	0.00	0.00	0.00	45	50	75.57	35.38	0.00	0.00
76	3.17	2400	2400	1.47	768	0	0	53	528	0	0	0.00	3.54	93.29	0.00	0.00	96.83	0.00	0.00	0.00	45	50	75.55	35.33	0.00	0.00
76	3.17	2400	2400	1.47	690	0	0	33	474	0	0	0.00	3.12	93.71	0.00	0.00	96.83	0.00	0.00	0.00	46	50	75.58	35.56	0.00	0.00
76	3.18	2400	2400	1.47	854	0	0	35	611	0	0	0.00	3.12	93.70	0.00	0.00	96.82	0.00	0.00	0.00	45	50	75.55	35.59	0.00	0.00
76	3.18	2400	2400	1.47	713	0	0	61	489	0	0	0.00	3.12	93.70	0.00	0.00	96.82	0.00	0.00	0.00	44	50	75.58	35.53	0.00	0.00
76	3.17	2400	2400	1.48	771	0	0	56	514	0	0	0.00	3.12	93.70	0.00	0.00	96.83	0.00	0.00	0.00	45	49	75.55	35.30	0.00	0.00
76	3.17	2400	2400	1.47	715	0	0	38	506	0	0	0.00	3.39	93.45	0.00	0.00	96.83	0.00	0.00	0.00	44	50	75.58	35.60	0.00	0.00
76	3.18	2400	2400	1.47	802	0	0	56	542	0	0	0.00	4.62	92.21	0.00	0.00	96.82	0.00	0.00	0.00	45	50	75.61	35.53	0.00	0.00
76	3.17	2400	2400	1.48	686	0	0	59	455	0	0	0.00	3.17	93.66	0.00	0.00	96.83	0.00	0.00	0.00	45	50	75.54	35.51	0.00	0.00
76	3.17	2400	2400	1.47	774	0	0	42	527	0	0	0.00	3.12	93.70	0.00	0.00	96.83	0.00	0.00	0.00	45	49	75.55	35.51	0.00	0.00
76	3.17	2400	2400	1.47	765	0	0	56	542	0	0	0.00	3.12	93.71	0.00	0.00	96.83	0.00	0.00	0.00	45	50	75.57	35.47	0.00	0.00
76	3.17	2400	2400	1.47	788	0	0	49	542	0	0	0.00	3.15	93.67	0.00	0.00	96.83	0.00	0.00	0.00	45	50	75.60	35.59	0.00	0.00
76	3.17	2400	2400	1.47	692	0	0	41	468	0	0	0.00	3.20	93.63	0.00	0.00	96.83	0.00	0.00	0.00	44	49	75.54	35.35	0.00	0.00
76	3.17	2400	2400	1.47	818	0	0	43	570	0	0	0.00	3.12	93.70	0.00	0.00	96.83	0.00	0.00	0.00	45	50	75.57	35.54	0.00	0.00
76	3.17	2400	2400	1.48	680	0	0	53	449	0	0	0.00	3.17	93.65	0.00	0.00	96.83	0.00	0.00	0.00	45	51	75.56	35.31	0.00	0.00
76	3.17	2400	2400	1.47	782	0	0	55	528	0	0	0.00	3.12	93.71	0.00	0.00	96.83	0.00	0.00	0.00	45	50	75.60	35.54	0.00	0.00
76	3.17	2400	2400	1.47	719	0	0	39	501	0	0	0.00	3.12	93.71	0.00	0.00	96.83	0.00	0.00	0.00	45	50	75.54	35.39	0.00	0.00
77	3.20	2400	2400	1.48	872	0	0	55	630	0	0	0.00	5.94	90.86	0.00	0.00	96.80	0.00	0.00	0.00	45	49	75.60	35.46	0.00	0.00
76	3.17	2400	2400	1.47	712	0	0	52	492	0	0	0.00	3.12	93.71	0.00	0.00	96.83	0.00	0.00	0.00	45	50	75.59	35.49	0.00	0.00
76	3.17	2400	2400	1.47	805	0	0	48	544	0	0	0.00	3.17	93.66	0.00	0.00	96.83	0.00	0.00	0.00	45	49	75.56	35.47	0.00	0.00
76	3.17	2400	2400	1.47	794	0	0	57	570	0	0	0.00	3.12	93.71	0.00	0.00	96.83	0.00	0.00	0.00	46	50	75.55	35.48	0.00	0.00
76	3.17	2400	2400	1.47	793	0	0	57	533	0	0	0.00	3.12	93.70	0.00	0.00	96.83	0.00	0.00	0.00	45	50	75.58	35.52	0.00	0.00
76	3.17	2400	2400	1.47	729	0	0	58	511	0	0	0.00	4.49	92.34	0.00	0.00	96.83	0.00	0.00	0.00	45	50	75.58	35.46	0.00	0.00
76	3.18	2400	2400	1.47	841	0	0	47	583	0	0	0.00	3.16	93.66	0.00	0.00	96.82	0.00	0.00	0.00	45	50	75.54	35.37	0.00	0.00
76	3.17	2400	2400	1.47	694	0	0	57	460	0	0	0.00	3.17	93.66	0.00	0.00	96.83	0.00	0.00	0.00	45	51	75.57	35.59	0.00	0.00
76	3.17	2400	2400	1.47	760	0	0	54	500	0	0	0.00	3.12	93.71	0.00	0.00	96.83	0.00	0.00	0.00	45	50	75.60	35.56	0.00	0.00
76	3.17	2400	2400	1.48	749	0	0	41	518	0	0	0.00	3.12	93.71	0.00	0.00	96.83	0.00	0.00	0.00	44	49	75.54	35.33	0.00	0.00
76	3.17	2400	2400	1.47	812	0	0	64	560	0	0	0.00	3.84	92.99	0.00	0.00	96.83	0.00	0.00	0.00	46	50	75.55	35.35	0.00	0.00
76	3.17	2400	2400	1.47	709	0	0	56	482	0	0	0.00	3.12	93.71	0.00	0.00	96.83	0.00	0.00	0.00	44	50	75.58	35.54	0.00	0.00
76	3.17	2400	2400	1.47	774	0	0	38	527	0	0	0.00	3.12	93.70	0.00	0.00	96.83	0.00	0.00	0.00	44	50	75.59	35.47	0.00	0.00
76	3.17	2400	2400	1.47	802	0	0	54	574	0	0	0.00	3.12	93.70	0.00	0.00	96.83	0.00	0.00	0.00	44	50	75.54	35.53	0.00	0.00
76	3.17	2400	2400	1.47	758	0	0	55	503	0	0	0.00	4.62	92.21	0.00	0.00	96.83	0.00	0.00	0.00	45	50	75.56	35.58	0.00	0.00
76	3.17	2400	2400	1.47	714	0	0	58	492	0	0	0.00	3.76	93.08	0.00	0.00	96.83	0.00	0.00	0.00	45	50	75.52	35.53	0.00	0.00
76	3.18	2400	2400	1.47	805	0	0	48	555	0	0	0.00	3.17	93.64	0.00	0.00	96.82	0.00	0.00	0.00	45	50	75.60	35.55	0.00	0.00
76	3.17	2400	2400	1.47	689	0	0	51	457	0	0	0.00	3.12	93.71	0.00	0.00	96.83	0.00	0.00	0.00	45	49	75.52	35.39	0.00	0.00
76	3.17	2400	2400	1.48	759	0	0	52	508	0	0	0.00	3.12	93.70	0.00	0.00	96.83	0.00	0.00	0.00	44	51	75.53	35.50	0.00	0.00
76	3.17	2400	2400	1.47	696	0	0	41	477	0	0	0.00	3.12	93.71	0.00	0.00	96.83	0.00	0.00	0.00	45	50	75.61	35.56	0.00	0.00
76	3.18	2400	2400	1.47	861	0	0	53	621	0	0	0.00	5.78	91.04	0.00	0.00	96.82	0.00	0.00	0.00	45	50	75.56	35.46	0.00	0.00
76	3.17	2400	2400	1.47	740	0	0	48	511	0	0	0.00	3.12	93.71	0.00	0.00	96.83	0.00	0.00	0.00	45	50	75.52	35.54	0.00	0.00
76	3.17	2400	2400	1.47	768	0	0	41	514	0	0	0.00	3.12	93.71	0.00	0.00	96.83	0.00	0.00	0.00	44	49	75.57	35.34	0.00	0.00
76	3.17	2400	2400	1.48	746	0	0	46	524	0	0	0.00	5.63	91.20	0.00	0.00	96.83	0.00	0.00	0.00	45	50	75.54	35.52	0.00	0.00
76	3.17	2400	2400	1.47	751	0	0	56	487	0	0	0.00	3.16	93.67	0.00	0.00	96.83	0.00	0.00	0.00	44	50	75.54	35.47	0.00	0.00
78	3.23	2400	2400	1.46	1017	0	0	178	737	0	0	0.00	18.67	78.09	0.00	0.00	96.77	0.00	0.00	0.00	45	50	75.56	35.56	0.00	0.00
78	3.24	2400	2400	1.46	1040	0	0	73	802	0	0	0.00	3.17	93.59	0.00	0.00	96.76	0.00	0.00	0.00	45	49	75.64	35.47	0.00	0.00
78	3.23	2400	2400	1.48	807	0	0	77	495	0	0	0.00	5.07	91.71	0.00	0.00	96.77	0.00	0.00	0.00	46	49	75.55	35.37	0.00	0.00
76	3.17	2400	2400	1.47	746	0	0	47	487	0	0	0.00	3.14	93.69	0.00	0.00	96.83	0.00	0.00	0.00	44	50	75.59	35.53	0.00	0.00
76	3.17	2400	2400	1.47	761	0	0	43	530	0	0	0.00	3.12	93.71	0.00	0.00	96.83	0.00	0.00	0.00	44	50	75.57	35.46	0.00	0.00
76	3.18	2400	2400	1.47	809	0	0	66	535	0	0	0.00	5.14	91.68	0.00	0.00	96.82	0.00	0.00	0.00	45	49	75.56	35.45	0.00	0.00
76	3.17	2400	2400	1.47	739	0	0	82	509	0	0	0.00	3.45	93.37	0.00	0.00	96.83	0.00	0.00	0.00	45	49	75.58	35.46	0.00	0.00
76	3.17	2400	2400	1.47	788	0	0	40	533	0	0	0.00	3.12	93.71	0.00	0.00	96.83	0.00	0.00	0.00	44	50	75.52	35.46	0.00	0.00
76	3.17	2400	2400	1.46	750	0	0	49	528	0	0	0.00	3.12	93.70	0.00	0.00	96.83	0.00	0.00	0.00	44	50	75.53	35.43	0.00	0.00
76	3.17	2400	2400	1.47	779	0	0	61	524	0	0	0.00	3.12	93.71	0.00	0.00	96.83	0.00	0.00	0.00	44	50	75.58	35.62	0.00	0.00
76	3.16	2400	2400	1.48	715	0	0	43	494	0	0	0.00	3.86	92.97	0.00	0.00	96.84	0.00	0.00	0.00	45	49	75.53	35.21	0.00	0.00
76	3.18	2400	2400	1.47	747	0	0	62	494	0	0	0.00	3.12	93.71	0.00	0.00	96.82	0.00	0.00	0.00	45	50	75.55	35.42	0.00	0.00
76	3.17	2400	2400	1.47	756	0	0	39	526	0	0	0.00	3.12	93.71	0.00	0.00	96.83	0.00	0.00	0.00	44	50	75.57	35.47	0.00	0.00
76	3.17	2400	2400	1.47	793	0	0	59	531	0	0	0.00	3.12	93.70	0.00	0.00	96.83	0.00	0.00	0.00	45	49	75.58	35.32	0.00	0.00
76	3.17	2400	2400	1.47	692	0	0	73	457	0	0	0.00	3.12	93.71	0.00	0.00	96.83	0.00	0.00	0.00	45	50	75.53	35.57	0.00	0.00
76	3.17	2400	2400	1.46	819	0	0	47	571	0	0	0.00	4.61	92.21	0.00	0.00	96.83	0.00	0.00	0.00	46	50	75.54	35.28	0.00	0.00
76	3.17	2400	2400	1.48	721	0	0	44	498	0	0	0.00	3.12	93.71	0.00	0.00	96.83	0.00	0.00	0.00	45	50	75.53	35.48	0.00	0.00
76	3.17	2400	2400	1.47	763	0	0	53	505	0	0	0.00	3.12	93.71	0.00	0.00	96.83	0.00	0.00	0.00	45	50	75.57	35.45	0.00	0.00
76	3.17	2400	2400	1.47	709	0	0	36	486	0	0	0.00	3.12	93.70	0.00	0.00	96.83	0.00	0.00	0.00	45	51	75.51	35.38	0.00	0.00
76	3.17	2400	2400	1.48	840	0	0	55	585	0	0	0.00	3.12	93.71	0.00	0.00	96.83	0.00	0.00	0.00	44	50	75.56	35.40	0.00	0.00
76	3.17	2400	2400	1.47	744	0	0	58	520	0	0	0.00	4.07	92.76	0.00	0.00	96.83	0.00	0.00	0.00	44	50	75.55	35.29	0.00	0.00
76	3.18	2400	2400	1.47	785	0	0	49	536	0	0	0.00	3.12	93.68	0.00	0.00	96.82	0.00	0.00	0.00	45	50	75.49	35.40	0.00	0.00
76	3.17	2400	2400	1.47	749	0	0	46	536	0	0	0.00	3.12	93.72	0.00	0.00	96.83	0.00	0.00	0.00	46	49	75.58	35.43	0.00	0.00
76	3.17	2400	2400	1.47	728	0	0	50	484	0	0	0.00	3.12	93.71	0.00	0.00	96.83	0.00	0.00	0.00	45	49	75.55	35.49	0.00	0.00
76	3.17	2400	2400	1.47	722	0	0	38	495	0	0	0.00	3.19	93.64	0.00	0.00	96.83	0.00	0.00	0.00	46	50	75.57	35.48	0.00	0.00
76	3.17	2400	2400	1.47	831	0	0	44	574	0	0	0.00	3.79	93.03	0.00	0.00	96.83	0.00	0.00	0.00	46	50	75.55	35.54	0.00	0.00
76	3.17	2400	2400	1.47	732	0	0	56	465	0	0	0.00	3.18	93.65	0.00	0.00	96.83	0.00	0.00	0.00	46	50	75.51	35.48	0.00	0.00
76	3.17	2400	2400	1.46	769	0	0	54	519	0	0	0.00	3.12	93.70	0.00	0.00	96.83	0.00	0.00	0.00	45	49	75.52	35.52	0.00	0.00
76	3.17	2400	2400	1.48	720	0	0	39	496	0	0	0.00	3.17	93.66	0.00	0.00	96.83	0.00	0.00	0.00	45	49	75.55	35.40	0.00	0.00
76	3.17	2400	2400	1.47	768	0	0	51	513	0	0	0.00	3.12	93.71	0.00	0.00	96.83	0.00	0.00	0.00	45	51	75.57	35.52	0.00	0.00
76	3.17	2400	2400	1.47	708	0	0	46	501	0	0	0.00	6.25	90.58	0.00	0.00	96.83	0.00	0.00	0.00	45	50	75.52	35.32	0.00	0.00
77	3.19	2400	2400	1.47	731	0	0	48	509	0	0	0.00	3.17	93.64	0.00	0.00	96.81	0.00	0.00	0.00	45	49	75.58	35.54	0.00	0.00
