Avg_MHz	Busy%	Bzy_MHz	TSC_MHz	IPC	IRQ	SMI	POLL	C1	C1E	C3	C6	POLL%	C1%	C1E%	C3%	C6%	CPU%c1	CPU%c3	CPU%c6	CPU%c7	CoreTmp	PkgTmp	PkgWatt	RAMWatt	PKG_%	RAM_%
76	3.17	2398	2401	0.39	721	0	0	45	448	0	0	0.00	5.46	91.41	0.00	0.00	96.83	0.00	0.00	0.00	46	51	66.40	34.38	0.00	0.00
76	3.16	2397	2400	0.40	618	0	0	35	413	0	0	0.00	3.13	93.70	0.00	0.00	96.84	0.00	0.00	0.00	47	51	66.31	34.45	0.00	0.00
76	3.17	2396	2398	0.40	790	0	0	34	544	0	0	0.00	3.11	93.63	0.00	0.00	96.83	0.00	0.00	0.00	46	51	66.17	34.32	0.00	0.00
76	3.16	2397	2402	0.39	621	0	0	43	401	0	0	0.00	3.13	93.79	0.00	0.00	96.84	0.00	0.00	0.00	47	51	66.45	34.44	0.00	0.00
76	3.17	2397	2398	0.40	677	0	0	37	430	0	0	0.00	3.11	93.64	0.00	0.00	96.83	0.00	0.00	0.00	46	52	66.21	34.29	0.00	0.00
76	3.16	2397	2401	0.41	618	0	0	42	400	0	0	0.00	4.63	92.26	0.00	0.00	96.84	0.00	0.00	0.00	46	51	66.38	34.26	0.00	0.00
76	3.17	2397	2401	0.41	750	0	0	35	501	0	0	0.00	3.13	93.73	0.00	0.00	96.83	0.00	0.00	0.00	46	51	66.36	34.51	0.00	0.00
76	3.17	2397	2400	0.41	798	0	0	155	474	0	0	0.00	13.04	83.79	0.00	0.00	96.83	0.00	0.00	0.00	46	51	66.41	34.44	0.00	0.00
76	3.17	2397	2400	0.39	685	0	0	37	442	0	0	0.00	3.12	93.72	0.00	0.00	96.83	0.00	0.00	0.00	46	51	66.34	34.33	0.00	0.00
76	3.16	2398	2400	0.40	607	0	0	38	406	0	0	0.00	4.89	91.95	0.00	0.00	96.84	0.00	0.00	0.00	47	51	69.70	34.38	0.00	0.00
76	3.17	2397	2399	0.39	714	0	0	43	455	0	0	0.00	3.46	93.31	0.00	0.00	96.83	0.00	0.00	0.00	46	52	66.22	34.29	0.00	0.00
76	3.16	2397	2401	0.40	618	0	0	31	401	0	0	0.00	3.13	93.77	0.00	0.00	96.84	0.00	0.00	0.00	46	52	66.39	34.39	0.00	0.00
76	3.17	2398	2400	0.40	652	0	0	33	412	0	0	0.00	3.12	93.72	0.00	0.00	96.83	0.00	0.00	0.00	47	52	66.30	34.48	0.00	0.00
76	3.16	2398	2400	0.40	629	0	0	34	414	0	0	0.00	3.12	93.71	0.00	0.00	96.84	0.00	0.00	0.00	46	52	66.29	34.37	0.00	0.00
76	3.17	2397	2400	0.39	699	0	0	36	456	0	0	0.00	3.12	93.71	0.00	0.00	96.83	0.00	0.00	0.00	45	50	66.28	34.43	0.00	0.00
77	3.22	2397	2398	0.42	953	0	0	51	726	0	0	0.00	6.52	90.17	0.00	0.00	96.78	0.00	0.00	0.00	46	51	71.01	34.24	0.00	0.00
77	3.22	2396	2400	0.42	950	0	0	48	710	0	0	0.00	3.12	93.65	0.00	0.00	96.78	0.00	0.00	0.00	46	51	66.38	34.33	0.00	0.00
76	3.16	2398	2402	0.41	718	0	0	38	466	0	0	0.00	3.13	93.80	0.00	0.00	96.84	0.00	0.00	0.00	46	52	66.46	34.43	0.00	0.00
76	3.17	2397	2400	0.39	681	0	0	31	451	0	0	0.00	3.12	93.71	0.00	0.00	96.83	0.00	0.00	0.00	45	51	66.27	34.38	0.00	0.00
76	3.16	2397	2400	0.40	614	0	0	33	397	0	0	0.00	3.12	93.73	0.00	0.00	96.84	0.00	0.00	0.00	46	51	66.31	34.36	0.00	0.00
76	3.17	2397	2399	0.40	693	0	0	40	462	0	0	0.00	3.76	93.03	0.00	0.00	96.83	0.00	0.00	0.00	47	51	66.19	34.37	0.00	0.00
76	3.16	2397	2401	0.39	625	0	0	35	408	0	0	0.00	3.13	93.74	0.00	0.00	96.84	0.00	0.00	0.00	46	51	66.38	34.51	0.00	0.00
76	3.17	2397	2400	0.40	673	0	0	42	444	0	0	0.00	4.14	92.70	0.00	0.00	96.83	0.00	0.00	0.00	47	51	68.21	34.32	0.00	0.00
76	3.16	2398	2400	0.40	688	0	0	30	471	0	0	0.00	3.13	93.70	0.00	0.00	96.84	0.00	0.00	0.00	46	51	66.28	34.44	0.00	0.00
76	3.17	2397	2400	0.41	636	0	0	32	411	0	0	0.00	3.12	93.72	0.00	0.00	96.83	0.00	0.00	0.00	46	52	66.29	34.41	0.00	0.00
76	3.17	2397	2398	0.39	779	0	0	42	548	0	0	0.00	4.24	92.51	0.00	0.00	96.83	0.00	0.00	0.00	46	51	66.17	34.14	0.00	0.00
76	3.17	2397	2402	0.41	709	0	0	39	475	0	0	0.00	3.13	93.79	0.00	0.00	96.83	0.00	0.00	0.00	46	51	66.41	34.30	0.00	0.00
76	3.16	2398	2400	0.41	627	0	0	32	405	0	0	0.00	3.12	93.71	0.00	0.00	96.84	0.00	0.00	0.00	46	51	66.27	34.34	0.00	0.00
76	3.17	2398	2400	0.39	639	0	0	35	406	0	0	0.00	3.12	93.71	0.00	0.00	96.83	0.00	0.00	0.00	46	51	66.26	34.30	0.00	0.00
76	3.17	2397	2398	0.40	608	0	0	44	387	0	0	0.00	3.36	93.38	0.00	0.00	96.83	0.00	0.00	0.00	46	50	66.10	34.18	0.00	0.00
76	3.17	2396	2400	0.40	746	0	0	50	498	0	0	0.00	3.21	93.64	0.00	0.00	96.83	0.00	0.00	0.00	46	52	66.32	34.29	0.00	0.00
76	3.16	2398	2400	0.39	668	0	0	39	446	0	0	0.00	3.12	93.73	0.00	0.00	96.84	0.00	0.00	0.00	46	50	66.26	34.39	0.00	0.00
76	3.17	2397	2399	0.40	674	0	0	38	437	0	0	0.00	3.12	93.69	0.00	0.00	96.83	0.00	0.00	0.00	47	51	66.25	34.14	0.00	0.00
76	3.16	2398	2402	0.40	638	0	0	41	412	0	0	0.00	3.13	93.80	0.00	0.00	96.84	0.00	0.00	0.00	46	52	66.37	34.42	0.00	0.00
76	3.17	2397	2398	0.41	683	0	0	38	454	0	0	0.00	4.01	92.74	0.00	0.00	96.83	0.00	0.00	0.00	46	50	66.19	34.44	0.00	0.00
76	3.17	2396	2402	0.41	710	0	0	46	474	0	0	0.00	3.15	93.76	0.00	0.00	96.83	0.00	0.00	0.00	46	50	66.43	34.51	0.00	0.00
76	3.18	2397	2398	0.40	656	0	0	41	430	0	0	0.00	4.64	92.11	0.00	0.00	96.82	0.00	0.00	0.00	46	51	68.40	34.35	0.00	0.00
76	3.16	2398	2402	0.41	669	0	0	41	438	0	0	0.00	5.03	91.89	0.00	0.00	96.84	0.00	0.00	0.00	47	51	69.47	34.34	0.00	0.00
76	3.17	2397	2400	0.39	714	0	0	44	465	0	0	0.00	3.16	93.69	0.00	0.00	96.83	0.00	0.00	0.00	46	51	66.32	34.34	0.00	0.00
76	3.16	2398	2400	0.40	642	0	0	43	411	0	0	0.00	3.16	93.66	0.00	0.00	96.84	0.00	0.00	0.00	46	51	66.33	34.13	0.00	0.00
76	3.17	2397	2400	0.40	725	0	0	40	479	0	0	0.00	3.12	93.71	0.00	0.00	96.83	0.00	0.00	0.00	46	51	66.25	34.27	0.00	0.00
76	3.17	2397	2398	0.39	655	0	0	37	417	0	0	0.00	3.11	93.66	0.00	0.00	96.83	0.00	0.00	0.00	46	51	66.15	34.29	0.00	0.00
76	3.16	2397	2402	0.40	696	0	0	33	446	0	0	0.00	3.13	93.78	0.00	0.00	96.84	0.00	0.00	0.00	46	50	66.39	34.41	0.00	0.00
92	3.84	2396	2399	0.63	1170	0	0	162	977	0	0	0.00	4.19	91.95	0.00	0.00	96.16	0.00	0.00	0.00	46	51	67.61	34.53	0.00	0.00
76	3.17	2398	2399	0.41	650	0	0	46	409	0	0	0.00	3.16	93.61	0.00	0.00	96.83	0.00	0.00	0.00	46	52	66.19	34.33	0.00	0.00
76	3.17	2398	2402	0.41	643	0	0	45	391	0	0	0.00	4.46	92.45	0.00	0.00	96.83	0.00	0.00	0.00	46	52	66.39	34.43	0.00	0.00
76	3.17	2397	2398	0.41	734	0	0	42	486	0	0	0.00	3.11	93.65	0.00	0.00	96.83	0.00	0.00	0.00	46	51	66.17	34.32	0.00	0.00
76	3.16	2397	2402	0.39	695	0	0	44	445	0	0	0.00	3.13	93.78	0.00	0.00	96.84	0.00	0.00	0.00	47	51	66.44	34.33	0.00	0.00
76	3.17	2397	2400	0.39	738	0	0	45	483	0	0	0.00	3.45	93.39	0.00	0.00	96.83	0.00	0.00	0.00	46	51	66.88	34.41	0.00	0.00
76	3.17	2397	2400	0.40	713	0	0	49	463	0	0	0.00	3.59	93.23	0.00	0.00	96.83	0.00	0.00	0.00	46	50	66.29	34.35	0.00	0.00
76	3.17	2397	2398	0.40	666	0	0	40	424	0	0	0.00	3.11	93.63	0.00	0.00	96.83	0.00	0.00	0.00	46	51	66.12	34.34	0.00	0.00
76	3.16	2397	2402	0.39	708	0	0	43	444	0	0	0.00	3.13	93.78	0.00	0.00	96.84	0.00	0.00	0.00	45	51	66.41	34.43	0.00	0.00
76	3.17	2397	2401	0.40	643	0	0	38	410	0	0	0.00	5.25	91.60	0.00	0.00	96.83	0.00	0.00	0.00	47	51	70.44	34.42	0.00	0.00
76	3.19	2398	2400	0.41	689	0	0	68	436	0	0	0.00	7.82	88.99	0.00	0.00	96.81	0.00	0.00	0.00	46	51	66.39	34.56	0.00	0.00
76	3.17	2397	2400	0.41	671	0	0	40	435	0	0	0.00	3.12	93.71	0.00	0.00	96.83	0.00	0.00	0.00	46	51	66.27	34.35	0.00	0.00
76	3.17	2397	2398	0.41	658	0	0	37	415	0	0	0.00	3.11	93.63	0.00	0.00	96.83	0.00	0.00	0.00	47	52	66.16	34.34	0.00	0.00
76	3.17	2397	2400	0.41	659	0	0	43	415	0	0	0.00	3.12	93.72	0.00	0.00	96.83	0.00	0.00	0.00	47	51	66.27	34.32	0.00	0.00
76	3.17	2397	2400	0.39	691	0	0	45	433	0	0	0.00	3.13	93.69	0.00	0.00	96.83	0.00	0.00	0.00	46	51	66.27	34.22	0.00	0.00
76	3.17	2397	2400	0.40	677	0	0	43	428	0	0	0.00	3.13	93.70	0.00	0.00	96.83	0.00	0.00	0.00	45	51	66.24	34.46	0.00	0.00
76	3.16	2397	2402	0.39	668	0	0	44	425	0	0	0.00	4.66	92.28	0.00	0.00	96.84	0.00	0.00	0.00	46	52	66.38	34.31	0.00	0.00
78	3.27	2397	2398	0.41	815	0	0	84	587	0	0	0.00	3.13	93.51	0.00	0.00	96.73	0.00	0.00	0.00	46	51	66.25	34.41	0.00	0.00
76	3.16	2398	2400	0.40	671	0	0	48	420	0	0	0.00	3.17	93.67	0.00	0.00	96.84	0.00	0.00	0.00	46	51	66.26	34.30	0.00	0.00
76	3.17	2396	2400	0.39	767	0	0	46	523	0	0	0.00	3.16	93.67	0.00	0.00	96.83	0.00	0.00	0.00	47	51	66.27	34.47	0.00	0.00
76	3.16	2398	2402	0.40	682	0	0	44	435	0	0	0.00	3.18	93.75	0.00	0.00	96.84	0.00	0.00	0.00	47	51	66.44	34.44	0.00	0.00
76	3.16	2398	2400	0.41	611	0	0	38	375	0	0	0.00	3.17	93.67	0.00	0.00	96.84	0.00	0.00	0.00	46	51	66.36	34.30	0.00	0.00
76	3.17	2397	2400	0.41	708	0	0	44	433	0	0	0.00	3.12	93.71	0.00	0.00	96.83	0.00	0.00	0.00	46	51	66.30	34.40	0.00	0.00
76	3.16	2397	2400	0.41	675	0	0	41	433	0	0	0.00	3.17	93.67	0.00	0.00	96.84	0.00	0.00	0.00	46	51	66.27	34.45	0.00	0.00
76	3.17	2398	2400	0.39	681	0	0	36	455	0	0	0.00	5.77	91.05	0.00	0.00	96.83	0.00	0.00	0.00	46	51	71.45	34.33	0.00	0.00
76	3.16	2398	2400	0.40	638	0	0	37	408	0	0	0.00	3.13	93.71	0.00	0.00	96.84	0.00	0.00	0.00	46	50	66.26	34.31	0.00	0.00
76	3.17	2397	2398	0.39	706	0	0	52	463	0	0	0.00	3.31	93.43	0.00	0.00	96.83	0.00	0.00	0.00	46	51	66.13	34.27	0.00	0.00
76	3.17	2397	2400	0.40	703	0	0	36	457	0	0	0.00	3.12	93.71	0.00	0.00	96.83	0.00	0.00	0.00	46	52	66.26	34.31	0.00	0.00
76	3.16	2397	2402	0.40	681	0	0	46	434	0	0	0.00	3.42	93.49	0.00	0.00	96.84	0.00	0.00	0.00	47	50	66.95	34.38	0.00	0.00
76	3.17	2397	2400	0.39	676	0	0	35	445	0	0	0.00	3.12	93.73	0.00	0.00	96.83	0.00	0.00	0.00	46	52	66.29	34.43	0.00	0.00
76	3.16	2397	2400	0.40	638	0	0	39	399	0	0	0.00	3.12	93.72	0.00	0.00	96.84	0.00	0.00	0.00	46	52	66.28	34.43	0.00	0.00
77	3.22	2397	2400	0.42	859	0	0	131	545	0	0	0.00	33.22	63.56	0.00	0.00	96.78	0.00	0.00	0.00	46	51	69.99	34.43	0.00	0.00
76	3.17	2397	2400	0.41	785	0	0	56	527	0	0	0.00	3.17	93.66	0.00	0.00	96.83	0.00	0.00	0.00	46	51	66.28	34.21	0.00	0.00
76	3.17	2398	2398	0.41	682	0	0	42	439	0	0	0.00	3.16	93.60	0.00	0.00	96.83	0.00	0.00	0.00	46	51	66.21	34.37	0.00	0.00
78	3.25	2397	2402	0.41	2129	0	0	37	419	0	0	0.00	3.12	93.71	0.00	0.00	96.75	0.00	0.00	0.00	46	50	66.49	34.53	0.00	0.00
76	3.17	2397	2400	0.40	655	0	0	36	426	0	0	0.00	3.13	93.71	0.00	0.00	96.83	0.00	0.00	0.00	46	50	66.25	34.31	0.00	0.00
76	3.17	2397	2400	0.39	703	0	0	44	454	0	0	0.00	3.16	93.68	0.00	0.00	96.83	0.00	0.00	0.00	46	52	66.25	34.31	0.00	0.00
76	3.17	2397	2398	0.40	625	0	0	41	392	0	0	0.00	3.11	93.64	0.00	0.00	96.83	0.00	0.00	0.00	46	53	66.10	34.38	0.00	0.00
76	3.16	2397	2402	0.40	714	0	0	48	472	0	0	0.00	3.25	93.66	0.00	0.00	96.84	0.00	0.00	0.00	46	52	66.62	34.41	0.00	0.00
76	3.16	2398	2400	0.39	702	0	0	38	462	0	0	0.00	3.14	93.70	0.00	0.00	96.84	0.00	0.00	0.00	47	51	66.27	34.44	0.00	0.00
76	3.17	2397	2400	0.40	669	0	0	37	426	0	0	0.00	3.12	93.71	0.00	0.00	96.83	0.00	0.00	0.00	45	52	66.30	34.38	0.00	0.00
76	3.17	2397	2400	0.41	623	0	0	33	399	0	0	0.00	3.12	93.72	0.00	0.00	96.83	0.00	0.00	0.00	46	51	66.29	34.35	0.00	0.00
76	3.17	2397	2400	0.41	639	0	0	39	410	0	0	0.00	3.12	93.70	0.00	0.00	96.83	0.00	0.00	0.00	46	51	66.26	34.42	0.00	0.00
76	3.16	2397	2399	0.41	627	0	0	37	393	0	0	0.00	3.12	93.67	0.00	0.00	96.84	0.00	0.00	0.00	47	51	66.15	34.40	0.00	0.00
76	3.16	2398	2401	0.39	674	0	0	36	443	0	0	0.00	3.13	93.76	0.00	0.00	96.84	0.00	0.00	0.00	46	52	66.40	34.47	0.00	0.00
76	3.17	2398	2398	0.40	645	0	0	43	379	0	0	0.00	3.16	93.59	0.00	0.00	96.83	0.00	0.00	0.00	46	51	66.18	34.16	0.00	0.00
76	3.17	2397	2402	0.39	730	0	0	48	487	0	0	0.00	3.77	93.15	0.00	0.00	96.83	0.00	0.00	0.00	45	52	66.41	34.34	0.00	0.00
76	3.17	2397	2398	0.40	631	0	0	34	404	0	0	0.00	3.11	93.64	0.00	0.00	96.83	0.00	0.00	0.00	47	52	66.11	34.30	0.00	0.00
76	3.17	2397	2400	0.40	734	0	0	47	494	0	0	0.00	3.12	93.71	0.00	0.00	96.83	0.00	0.00	0.00	46	51	66.26	34.33	0.00	0.00
76	3.16	2398	2402	0.40	663	0	0	51	416	0	0	0.00	3.16	93.77	0.00	0.00	96.84	0.00	0.00	0.00	46	51	66.41	34.45	0.00	0.00
76	3.17	2397	2400	0.39	684	0	0	37	451	0	0	0.00	3.12	93.71	0.00	0.00	96.83	0.00	0.00	0.00	47	50	66.25	34.25	0.00	0.00
76	3.17	2397	2398	0.41	603	0	0	36	373	0	0	0.00	4.02	92.73	0.00	0.00	96.83	0.00	0.00	0.00	46	50	66.17	34.21	0.00	0.00
76	3.16	2398	2402	0.41	654	0	0	38	419	0	0	0.00	3.13	93.78	0.00	0.00	96.84	0.00	0.00	0.00	47	51	66.37	34.36	0.00	0.00
76	3.17	2397	2400	0.41	731	0	0	43	491	0	0	0.00	3.90	92.94	0.00	0.00	96.83	0.00	0.00	0.00	46	51	67.80	34.26	0.00	0.00
76	3.17	2398	2400	0.39	743	0	0	39	488	0	0	0.00	3.14	93.68	0.00	0.00	96.83	0.00	0.00	0.00	46	51	66.28	34.31	0.00	0.00
76	3.16	2397	2400	0.40	602	0	0	43	383	0	0	0.00	3.16	93.69	0.00	0.00	96.84	0.00	0.00	0.00	46	52	66.30	34.35	0.00	0.00
76	3.17	2398	2400	0.40	707	0	0	40	442	0	0	0.00	3.17	93.65	0.00	0.00	96.83	0.00	0.00	0.00	46	51	66.22	34.34	0.00	0.00
76	3.16	2397	2400	0.39	636	0	0	37	419	0	0	0.00	3.12	93.73	0.00	0.00	96.84	0.00	0.00	0.00	46	51	66.30	34.41	0.00	0.00
76	3.17	2398	2399	0.40	730	0	0	42	463	0	0	0.00	3.12	93.67	0.00	0.00	96.83	0.00	0.00	0.00	46	51	66.20	34.17	0.00	0.00
76	3.16	2397	2401	0.40	659	0	0	43	438	0	0	0.00	3.13	93.75	0.00	0.00	96.84	0.00	0.00	0.00	46	52	66.34	34.10	0.00	0.00
76	3.16	2398	2400	0.41	670	0	0	35	416	0	0	0.00	3.12	93.72	0.00	0.00	96.84	0.00	0.00	0.00	46	51	66.27	34.21	0.00	0.00
76	3.17	2397	2398	0.39	610	0	0	48	387	0	0	0.00	5.86	90.90	0.00	0.00	96.83	0.00	0.00	0.00	46	51	66.14	34.42	0.00	0.00
82	3.47	2380	2380	0.56	384	0	0	30	367	0	0	0.00	3.06	92.68	0.00	0.00	96.53	0.00	0.00	0.00	45	52	65.77	34.31	0.00	0.00
