Avg_MHz	Busy%	Bzy_MHz	TSC_MHz	IPC	IRQ	SMI	POLL	C1	C1E	C3	C6	POLL%	C1%	C1E%	C3%	C6%	CPU%c1	CPU%c3	CPU%c6	CPU%c7	CoreTmp	PkgTmp	PkgWatt	RAMWatt	PKG_%	RAM_%
1	0.04	2095	2401	0.89	569	0	0	21	556	0	0	0.00	3.18	96.81	0.00	0.00	99.96	0.00	0.00	0.00	44	50	63.01	33.18	0.00	0.00
1	0.03	2102	2400	0.96	449	0	0	14	462	0	0	0.00	3.12	96.85	0.00	0.00	99.97	0.00	0.00	0.00	45	49	62.98	33.20	0.00	0.00
1	0.04	2076	2400	1.02	465	0	0	9	497	0	0	0.00	3.12	96.83	0.00	0.00	99.96	0.00	0.00	0.00	45	49	62.96	33.10	0.00	0.00
1	0.04	2094	2400	1.14	449	0	0	17	468	0	0	0.00	3.46	96.50	0.00	0.00	99.96	0.00	0.00	0.00	45	49	62.99	33.06	0.00	0.00
1	0.03	2028	2400	1.03	460	0	0	12	475	0	0	0.00	3.12	96.85	0.00	0.00	99.97	0.00	0.00	0.00	46	49	62.97	33.12	0.00	0.00
1	0.04	2100	2400	0.97	511	0	0	20	516	0	0	0.00	3.12	96.84	0.00	0.00	99.96	0.00	0.00	0.00	45	49	62.97	33.07	0.00	0.00
1	0.04	2097	2400	1.34	481	0	0	19	501	0	0	0.00	4.01	95.94	0.00	0.00	99.96	0.00	0.00	0.00	45	49	62.96	33.10	0.00	0.00
1	0.04	2053	2400	0.99	495	0	0	15	514	0	0	0.00	3.14	96.84	0.00	0.00	99.96	0.00	0.00	0.00	43	49	63.31	33.00	0.00	0.00
1	0.04	2116	2400	1.01	483	0	0	16	510	0	0	0.00	3.17	96.79	0.00	0.00	99.96	0.00	0.00	0.00	45	50	62.97	33.17	0.00	0.00
1	0.03	2153	2400	0.97	439	0	0	13	463	0	0	0.00	3.12	96.85	0.00	0.00	99.97	0.00	0.00	0.00	45	50	62.96	33.03	0.00	0.00
1	0.03	2121	2400	1.07	390	0	0	6	416	0	0	0.00	3.12	96.85	0.00	0.00	99.97	0.00	0.00	0.00	44	49	62.95	33.13	0.00	0.00
1	0.03	2098	2400	0.99	492	0	0	17	506	0	0	0.00	3.12	96.84	0.00	0.00	99.97	0.00	0.00	0.00	44	48	62.96	33.16	0.00	0.00
1	0.03	2169	2400	1.05	442	0	0	14	466	0	0	0.00	3.12	96.84	0.00	0.00	99.97	0.00	0.00	0.00	45	50	62.96	33.12	0.00	0.00
1	0.04	2114	2400	1.08	543	0	0	23	569	0	0	0.00	5.89	94.07	0.00	0.00	99.96	0.00	0.00	0.00	44	50	63.71	33.15	0.00	0.00
1	0.03	2109	2400	1.05	432	0	0	10	454	0	0	0.00	3.12	96.84	0.00	0.00	99.97	0.00	0.00	0.00	46	50	62.95	33.05	0.00	0.00
1	0.03	2141	2400	0.97	469	0	0	15	494	0	0	0.00	5.77	94.21	0.00	0.00	99.97	0.00	0.00	0.00	45	50	68.16	33.14	0.00	0.00
1	0.03	2272	2400	1.03	378	0	0	27	388	0	0	0.00	3.54	96.42	0.00	0.00	99.97	0.00	0.00	0.00	46	50	63.04	33.09	0.00	0.00
1	0.04	2084	2400	0.99	497	0	0	17	515	0	0	0.00	3.12	96.85	0.00	0.00	99.96	0.00	0.00	0.00	44	50	62.96	32.97	0.00	0.00
1	0.03	2115	2400	1.03	467	0	0	16	493	0	0	0.00	3.12	96.83	0.00	0.00	99.97	0.00	0.00	0.00	45	50	62.93	33.23	0.00	0.00
1	0.03	2070	2400	1.00	447	0	0	14	465	0	0	0.00	3.12	96.84	0.00	0.00	99.97	0.00	0.00	0.00	46	50	62.95	33.04	0.00	0.00
1	0.03	2120	2400	1.03	417	0	0	13	433	0	0	0.00	3.12	96.85	0.00	0.00	99.97	0.00	0.00	0.00	45	50	62.95	33.09	0.00	0.00
1	0.03	2062	2400	0.99	494	0	0	14	512	0	0	0.00	3.12	96.84	0.00	0.00	99.97	0.00	0.00	0.00	45	49	62.94	33.18	0.00	0.00
1	0.03	2081	2400	1.06	431	0	0	12	453	0	0	0.00	3.12	96.84	0.00	0.00	99.97	0.00	0.00	0.00	45	50	62.96	33.08	0.00	0.00
1	0.04	2079	2400	1.10	498	0	0	19	518	0	0	0.00	3.12	96.84	0.00	0.00	99.96	0.00	0.00	0.00	45	49	62.98	33.18	0.00	0.00
1	0.03	2252	2400	1.02	349	0	0	13	370	0	0	0.00	3.17	96.81	0.00	0.00	99.97	0.00	0.00	0.00	44	49	63.06	33.08	0.00	0.00
1	0.04	2130	2400	0.99	510	0	0	14	527	0	0	0.00	3.12	96.83	0.00	0.00	99.96	0.00	0.00	0.00	44	50	62.93	33.11	0.00	0.00
1	0.05	2209	2400	1.09	496	0	0	23	522	0	0	0.00	4.86	95.09	0.00	0.00	99.95	0.00	0.00	0.00	45	49	63.00	33.17	0.00	0.00
1	0.03	2271	2400	1.02	377	0	0	25	386	0	0	0.00	3.18	96.79	0.00	0.00	99.97	0.00	0.00	0.00	44	50	63.03	33.02	0.00	0.00
1	0.04	2127	2400	0.97	513	0	0	14	551	0	0	0.00	3.12	96.84	0.00	0.00	99.96	0.00	0.00	0.00	45	50	62.96	33.09	0.00	0.00
1	0.04	2071	2400	1.00	471	0	0	12	490	0	0	0.00	3.12	96.84	0.00	0.00	99.96	0.00	0.00	0.00	45	50	62.98	33.02	0.00	0.00
1	0.03	2142	2400	1.03	380	0	0	13	405	0	0	0.00	3.17	96.79	0.00	0.00	99.97	0.00	0.00	0.00	45	49	63.03	33.21	0.00	0.00
1	0.03	2219	2400	1.00	401	0	0	18	414	0	0	0.00	3.17	96.80	0.00	0.00	99.97	0.00	0.00	0.00	46	50	63.05	33.08	0.00	0.00
1	0.04	2067	2400	1.01	546	0	0	17	566	0	0	0.00	3.12	96.84	0.00	0.00	99.96	0.00	0.00	0.00	44	49	62.94	32.94	0.00	0.00
1	0.04	2106	2400	1.12	506	0	0	18	528	0	0	0.00	3.65	96.32	0.00	0.00	99.96	0.00	0.00	0.00	45	50	63.00	33.13	0.00	0.00
1	0.03	2158	2400	1.04	353	0	0	8	376	0	0	0.00	3.12	96.84	0.00	0.00	99.97	0.00	0.00	0.00	45	49	62.96	33.14	0.00	0.00
1	0.03	2101	2400	1.01	432	0	0	15	451	0	0	0.00	3.12	96.84	0.00	0.00	99.97	0.00	0.00	0.00	44	49	62.95	33.10	0.00	0.00
1	0.04	2096	2400	1.00	498	0	0	14	517	0	0	0.00	3.12	96.84	0.00	0.00	99.96	0.00	0.00	0.00	44	49	62.95	33.12	0.00	0.00
1	0.03	2056	2400	1.05	470	0	0	18	485	0	0	0.00	3.12	96.84	0.00	0.00	99.97	0.00	0.00	0.00	44	49	62.95	33.16	0.00	0.00
1	0.04	2130	2400	0.99	457	0	0	14	481	0	0	0.00	4.66	95.32	0.00	0.00	99.96	0.00	0.00	0.00	45	49	62.96	33.08	0.00	0.00
1	0.03	2129	2400	1.04	429	0	0	17	445	0	0	0.00	3.12	96.85	0.00	0.00	99.97	0.00	0.00	0.00	46	49	62.96	33.13	0.00	0.00
1	0.04	2093	2400	0.99	493	0	0	11	516	0	0	0.00	3.12	96.84	0.00	0.00	99.96	0.00	0.00	0.00	46	49	62.95	33.07	0.00	0.00
1	0.03	2032	2400	1.05	449	0	0	12	465	0	0	0.00	3.12	96.84	0.00	0.00	99.97	0.00	0.00	0.00	45	50	62.95	33.13	0.00	0.00
1	0.03	2077	2400	1.00	435	0	0	17	459	0	0	0.00	3.17	96.80	0.00	0.00	99.97	0.00	0.00	0.00	45	49	62.96	33.13	0.00	0.00
1	0.04	2120	2400	1.16	463	0	0	16	490	0	0	0.00	3.12	96.83	0.00	0.00	99.96	0.00	0.00	0.00	45	49	62.98	32.99	0.00	0.00
1	0.04	2119	2400	0.97	486	0	0	9	515	0	0	0.00	3.29	96.69	0.00	0.00	99.96	0.00	0.00	0.00	45	49	63.25	33.15	0.00	0.00
1	0.03	2181	2400	1.05	433	0	0	14	450	0	0	0.00	3.16	96.81	0.00	0.00	99.97	0.00	0.00	0.00	45	50	63.03	33.09	0.00	0.00
1	0.03	2161	2400	1.01	385	0	0	14	406	0	0	0.00	3.12	96.83	0.00	0.00	99.97	0.00	0.00	0.00	45	49	62.94	32.98	0.00	0.00
1	0.03	2104	2400	1.04	433	0	0	15	453	0	0	0.00	3.12	96.85	0.00	0.00	99.97	0.00	0.00	0.00	45	49	62.94	33.09	0.00	0.00
1	0.04	2081	2400	0.99	478	0	0	13	508	0	0	0.00	3.12	96.85	0.00	0.00	99.96	0.00	0.00	0.00	45	50	62.98	33.22	0.00	0.00
1	0.03	2086	2400	1.03	465	0	0	13	487	0	0	0.00	3.12	96.83	0.00	0.00	99.97	0.00	0.00	0.00	45	50	62.96	33.26	0.00	0.00
1	0.04	2113	2400	0.99	443	0	0	19	456	0	0	0.00	3.12	96.84	0.00	0.00	99.96	0.00	0.00	0.00	45	50	62.94	33.19	0.00	0.00
2	0.08	2296	2400	1.31	695	0	0	110	630	0	0	0.00	8.57	91.35	0.00	0.00	99.92	0.00	0.00	0.00	45	50	63.64	33.04	0.00	0.00
1	0.04	2106	2400	0.95	513	0	0	32	517	0	0	0.00	3.19	96.77	0.00	0.00	99.96	0.00	0.00	0.00	46	49	62.97	33.13	0.00	0.00
3	0.15	2274	2400	1.43	759	0	0	30	757	0	0	0.00	3.47	96.37	0.00	0.00	99.85	0.00	0.00	0.00	46	50	63.10	33.05	0.00	0.00
1	0.04	2020	2400	0.99	431	0	0	15	449	0	0	0.00	3.12	96.85	0.00	0.00	99.96	0.00	0.00	0.00	45	49	63.00	33.28	0.00	0.00
1	0.04	2080	2400	1.01	520	0	0	20	536	0	0	0.00	3.12	96.85	0.00	0.00	99.96	0.00	0.00	0.00	45	50	62.96	33.00	0.00	0.00
1	0.04	2040	2400	0.98	541	0	0	23	550	0	0	0.00	3.13	96.84	0.00	0.00	99.96	0.00	0.00	0.00	46	49	62.97	33.06	0.00	0.00
1	0.04	2123	2400	0.99	565	0	0	19	556	0	0	0.00	3.62	96.34	0.00	0.00	99.96	0.00	0.00	0.00	44	49	63.84	32.94	0.00	0.00
1	0.03	2210	2400	1.00	364	0	0	17	393	0	0	0.00	3.20	96.76	0.00	0.00	99.97	0.00	0.00	0.00	45	49	63.06	32.97	0.00	0.00
1	0.04	2097	2400	0.99	578	0	0	21	593	0	0	0.00	3.61	96.36	0.00	0.00	99.96	0.00	0.00	0.00	45	50	63.88	33.06	0.00	0.00
1	0.03	2087	2400	1.00	452	0	0	17	469	0	0	0.00	3.15	96.81	0.00	0.00	99.97	0.00	0.00	0.00	45	49	62.99	32.96	0.00	0.00
1	0.03	2036	2400	1.04	468	0	0	16	477	0	0	0.00	3.12	96.84	0.00	0.00	99.97	0.00	0.00	0.00	45	49	63.00	33.16	0.00	0.00
1	0.04	2177	2400	1.06	605	0	0	75	560	0	0	0.00	14.98	84.99	0.00	0.00	99.96	0.00	0.00	0.00	45	50	63.74	33.01	0.00	0.00
1	0.04	2127	2400	0.99	527	0	0	79	474	0	0	0.00	3.69	96.26	0.00	0.00	99.96	0.00	0.00	0.00	45	49	62.97	32.94	0.00	0.00
1	0.04	2101	2400	0.98	452	0	0	24	452	0	0	0.00	3.90	96.06	0.00	0.00	99.96	0.00	0.00	0.00	44	50	62.95	33.14	0.00	0.00
1	0.03	2065	2400	1.02	476	0	0	19	481	0	0	0.00	3.12	96.84	0.00	0.00	99.97	0.00	0.00	0.00	45	50	62.95	33.15	0.00	0.00
1	0.03	2131	2400	1.02	402	0	0	15	421	0	0	0.00	5.29	94.67	0.00	0.00	99.97	0.00	0.00	0.00	45	49	62.94	33.05	0.00	0.00
1	0.04	2074	2400	1.31	571	0	0	16	593	0	0	0.00	3.12	96.83	0.00	0.00	99.96	0.00	0.00	0.00	45	51	62.98	32.87	0.00	0.00
1	0.03	2093	2400	1.04	401	0	0	11	422	0	0	0.00	3.12	96.84	0.00	0.00	99.97	0.00	0.00	0.00	45	50	62.94	33.07	0.00	0.00
1	0.04	2038	2400	0.97	552	0	0	23	566	0	0	0.00	3.15	96.81	0.00	0.00	99.96	0.00	0.00	0.00	45	50	62.96	33.00	0.00	0.00
1	0.03	2151	2400	1.01	408	0	0	11	430	0	0	0.00	3.12	96.85	0.00	0.00	99.97	0.00	0.00	0.00	45	49	62.96	33.05	0.00	0.00
1	0.04	2041	2400	0.94	729	0	0	26	730	0	0	0.00	3.67	96.30	0.00	0.00	99.96	0.00	0.00	0.00	45	50	62.96	33.01	0.00	0.00
1	0.04	2103	2400	1.11	508	0	0	16	531	0	0	0.00	3.12	96.83	0.00	0.00	99.96	0.00	0.00	0.00	45	50	63.01	33.23	0.00	0.00
1	0.03	2102	2400	1.02	522	0	0	21	533	0	0	0.00	3.12	96.83	0.00	0.00	99.97	0.00	0.00	0.00	46	51	62.94	33.14	0.00	0.00
1	0.04	2157	2400	0.99	430	0	0	13	457	0	0	0.00	3.94	96.04	0.00	0.00	99.96	0.00	0.00	0.00	45	50	64.55	33.02	0.00	0.00
1	0.03	2172	2400	1.00	500	0	0	16	506	0	0	0.00	3.14	96.81	0.00	0.00	99.97	0.00	0.00	0.00	46	50	62.95	33.08	0.00	0.00
1	0.04	2094	2400	1.00	462	0	0	20	468	0	0	0.00	4.55	95.41	0.00	0.00	99.96	0.00	0.00	0.00	45	49	62.99	33.20	0.00	0.00
1	0.03	2102	2400	1.01	491	0	0	18	493	0	0	0.00	3.12	96.85	0.00	0.00	99.97	0.00	0.00	0.00	46	50	62.96	33.16	0.00	0.00
1	0.03	2187	2400	1.03	383	0	0	11	398	0	0	0.00	3.12	96.84	0.00	0.00	99.97	0.00	0.00	0.00	46	50	62.95	33.21	0.00	0.00
1	0.04	2042	2400	0.99	556	0	0	16	570	0	0	0.00	3.12	96.84	0.00	0.00	99.96	0.00	0.00	0.00	46	50	62.95	33.02	0.00	0.00
1	0.04	2087	2400	1.01	422	0	0	14	436	0	0	0.00	3.12	96.84	0.00	0.00	99.96	0.00	0.00	0.00	46	50	62.94	33.04	0.00	0.00
1	0.03	2078	2400	1.02	481	0	0	18	480	0	0	0.00	3.12	96.84	0.00	0.00	99.97	0.00	0.00	0.00	45	49	62.95	33.04	0.00	0.00
1	0.04	2171	2400	1.13	415	0	0	11	443	0	0	0.00	3.12	96.84	0.00	0.00	99.96	0.00	0.00	0.00	45	51	62.98	33.18	0.00	0.00
1	0.04	2026	2400	1.02	539	0	0	15	555	0	0	0.00	3.12	96.84	0.00	0.00	99.96	0.00	0.00	0.00	45	50	62.93	33.02	0.00	0.00
1	0.04	2083	2400	0.99	455	0	0	14	484	0	0	0.00	3.12	96.84	0.00	0.00	99.96	0.00	0.00	0.00	45	50	62.97	33.09	0.00	0.00
1	0.03	2067	2400	1.03	470	0	0	16	485	0	0	0.00	3.12	96.84	0.00	0.00	99.97	0.00	0.00	0.00	45	50	62.94	33.04	0.00	0.00
1	0.03	2180	2400	1.01	398	0	0	16	418	0	0	0.00	3.57	96.41	0.00	0.00	99.97	0.00	0.00	0.00	45	50	62.97	33.06	0.00	0.00
1	0.04	2108	2400	0.97	571	0	0	33	584	0	0	0.00	4.22	95.75	0.00	0.00	99.96	0.00	0.00	0.00	45	50	65.08	33.18	0.00	0.00
1	0.03	2175	2400	1.01	446	0	0	33	450	0	0	0.00	3.15	96.81	0.00	0.00	99.97	0.00	0.00	0.00	45	50	63.00	33.09	0.00	0.00
1	0.03	2122	2400	0.99	471	0	0	38	478	0	0	0.00	3.12	96.84	0.00	0.00	99.97	0.00	0.00	0.00	45	49	62.96	33.05	0.00	0.00
1	0.04	2115	2400	0.98	501	0	0	40	499	0	0	0.00	3.17	96.80	0.00	0.00	99.96	0.00	0.00	0.00	46	50	62.96	33.15	0.00	0.00
1	0.03	2071	2400	1.00	512	0	0	37	504	0	0	0.00	3.12	96.85	0.00	0.00	99.97	0.00	0.00	0.00	44	50	62.97	32.96	0.00	0.00
1	0.04	2138	2400	1.13	442	0	0	35	446	0	0	0.00	3.12	96.84	0.00	0.00	99.96	0.00	0.00	0.00	45	50	62.97	33.30	0.00	0.00
1	0.03	2210	2400	1.01	466	0	0	29	468	0	0	0.00	3.12	96.85	0.00	0.00	99.97	0.00	0.00	0.00	45	50	62.96	33.22	0.00	0.00
1	0.04	2148	2400	0.98	484	0	0	16	510	0	0	0.00	3.12	96.83	0.00	0.00	99.96	0.00	0.00	0.00	45	50	62.91	33.15	0.00	0.00
1	0.04	2025	2400	1.00	515	0	0	20	524	0	0	0.00	3.12	96.84	0.00	0.00	99.96	0.00	0.00	0.00	44	50	62.99	33.15	0.00	0.00
1	0.03	2342	2400	1.03	303	0	0	19	318	0	0	0.00	8.04	91.94	0.00	0.00	99.97	0.00	0.00	0.00	46	50	69.06	33.15	0.00	0.00
1	0.03	2124	2400	1.01	485	0	0	11	501	0	0	0.00	3.12	96.83	0.00	0.00	99.97	0.00	0.00	0.00	44	50	62.92	33.14	0.00	0.00
1	0.03	2088	2400	1.01	447	0	0	18	458	0	0	0.00	3.16	96.80	0.00	0.00	99.97	0.00	0.00	0.00	44	50	62.98	33.15	0.00	0.00
1	0.04	2029	2400	1.01	539	0	0	22	553	0	0	0.00	3.12	96.85	0.00	0.00	99.96	0.00	0.00	0.00	46	50	62.96	33.19	0.00	0.00
1	0.03	2179	2400	1.01	422	0	0	14	443	0	0	0.00	3.12	96.84	0.00	0.00	99.97	0.00	0.00	0.00	46	49	62.94	33.18	0.00	0.00
1	0.03	2110	2400	1.00	510	0	0	18	524	0	0	0.00	3.12	96.85	0.00	0.00	99.97	0.00	0.00	0.00	45	49	62.97	33.22	0.00	0.00
1	0.04	2124	2400	1.11	499	0	0	13	530	0	0	0.00	3.12	96.83	0.00	0.00	99.96	0.00	0.00	0.00	45	49	62.96	33.11	0.00	0.00
1	0.04	2062	2400	1.00	521	0	0	19	538	0	0	0.00	3.12	96.85	0.00	0.00	99.96	0.00	0.00	0.00	45	50	62.96	33.16	0.00	0.00
