Avg_MHz	Busy%	Bzy_MHz	TSC_MHz	IPC	IRQ	SMI	POLL	C1	C1E	C3	C6	POLL%	C1%	C1E%	C3%	C6%	CPU%c1	CPU%c3	CPU%c6	CPU%c7	CoreTmp	PkgTmp	PkgWatt	RAMWatt	PKG_%	RAM_%
1200	50.00	2400	2399	0.33	4951	0	0	15	984	0	0	0.00	3.60	46.33	0.00	0.00	50.00	0.00	0.00	0.00	48	52	103.72	38.60	0.00	0.00
1200	50.01	2400	2400	0.33	4599	0	0	15	743	0	0	0.00	0.12	49.80	0.00	0.00	49.99	0.00	0.00	0.00	49	53	103.81	38.57	0.00	0.00
1200	50.02	2400	2400	0.33	4808	0	0	67	862	0	0	0.00	2.18	47.75	0.00	0.00	49.98	0.00	0.00	0.00	49	52	103.86	38.58	0.00	0.00
1199	49.95	2400	2400	0.33	4498	0	0	10	658	0	0	0.00	0.06	49.94	0.00	0.00	50.05	0.00	0.00	0.00	49	52	103.85	38.62	0.00	0.00
1199	49.98	2400	2400	0.33	4548	0	0	18	679	0	0	0.00	1.89	48.07	0.00	0.00	50.02	0.00	0.00	0.00	49	51	103.90	38.67	0.00	0.00
1200	49.98	2400	2400	0.33	4630	0	0	14	718	0	0	0.00	1.06	48.91	0.00	0.00	50.02	0.00	0.00	0.00	50	52	103.94	38.62	0.00	0.00
1199	49.98	2400	2400	0.33	4539	0	0	1	667	0	0	0.00	0.00	49.97	0.00	0.00	50.02	0.00	0.00	0.00	49	52	103.86	38.61	0.00	0.00
1200	49.99	2400	2400	0.33	4640	0	0	5	609	0	0	0.00	0.05	49.90	0.00	0.00	50.01	0.00	0.00	0.00	49	51	103.92	38.60	0.00	0.00
1200	50.01	2400	2400	0.33	4527	0	0	4	660	0	0	0.00	0.05	49.89	0.00	0.00	49.99	0.00	0.00	0.00	49	52	103.90	38.67	0.00	0.00
1200	49.98	2400	2400	0.33	4586	0	0	2	584	0	0	0.00	0.00	49.96	0.00	0.00	50.02	0.00	0.00	0.00	49	53	103.87	38.75	0.00	0.00
1183	49.30	2400	2400	0.33	4732	0	0	21	820	0	0	0.00	1.44	49.20	0.00	0.00	50.70	0.00	0.00	0.00	50	52	103.37	38.57	0.00	0.00
1200	50.00	2400	2400	0.33	4626	0	0	0	730	0	0	0.00	0.00	49.94	0.00	0.00	50.00	0.00	0.00	0.00	49	53	103.71	38.39	0.00	0.00
1181	49.21	2400	2400	0.33	4628	0	0	13	761	0	0	0.00	0.09	50.61	0.00	0.00	50.79	0.00	0.00	0.00	50	52	103.04	38.48	0.00	0.00
1191	49.62	2400	2400	0.33	5148	0	0	10	726	0	0	0.00	0.03	50.27	0.00	0.00	50.38	0.00	0.00	0.00	50	52	103.44	38.21	0.00	0.00
1198	49.94	2400	2400	0.33	8048	0	0	4	634	0	0	0.00	2.90	47.09	0.00	0.00	50.06	0.00	0.00	0.00	50	52	103.66	38.28	0.00	0.00
1199	49.98	2400	2400	0.33	4400	0	0	6	571	0	0	0.00	0.44	49.51	0.00	0.00	50.02	0.00	0.00	0.00	50	52	103.67	38.45	0.00	0.00
1199	49.95	2400	2400	0.33	4787	0	0	6	778	0	0	0.00	0.05	49.92	0.00	0.00	50.05	0.00	0.00	0.00	50	52	103.78	38.79	0.00	0.00
1198	49.92	2400	2400	0.33	5524	0	0	8	761	0	0	0.00	0.01	50.00	0.00	0.00	50.08	0.00	0.00	0.00	50	53	103.87	38.43	0.00	0.00
1197	49.89	2400	2400	0.33	8836	0	0	5	742	0	0	0.00	0.01	50.04	0.00	0.00	50.11	0.00	0.00	0.00	49	54	103.91	38.68	0.00	0.00
1201	50.02	2400	2400	0.33	4575	0	0	1	695	0	0	0.00	0.00	49.95	0.00	0.00	49.98	0.00	0.00	0.00	50	52	104.14	38.84	0.00	0.00
1199	49.97	2400	2400	0.34	6934	0	0	5	706	0	0	0.00	0.00	49.98	0.00	0.00	50.03	0.00	0.00	0.00	50	54	104.22	38.74	0.00	0.00
1200	49.99	2400	2400	0.34	7055	0	0	8	738	0	0	0.00	0.09	49.89	0.00	0.00	50.01	0.00	0.00	0.00	50	54	104.36	38.98	0.00	0.00
1201	50.04	2400	2400	0.33	4648	0	0	8	660	0	0	0.00	0.10	49.85	0.00	0.00	49.96	0.00	0.00	0.00	51	54	104.54	39.09	0.00	0.00
1201	50.04	2400	2400	0.33	4613	0	0	3	699	0	0	0.00	0.00	49.94	0.00	0.00	49.96	0.00	0.00	0.00	50	53	104.77	39.16	0.00	0.00
1200	50.00	2400	2400	0.34	7680	0	0	11	756	0	0	0.00	0.68	49.31	0.00	0.00	50.00	0.00	0.00	0.00	51	54	104.82	39.18	0.00	0.00
1201	50.03	2400	2400	0.34	4988	0	0	9	658	0	0	0.00	3.53	46.41	0.00	0.00	49.97	0.00	0.00	0.00	50	54	104.97	39.09	0.00	0.00
1201	50.05	2400	2400	0.33	4500	0	0	9	629	0	0	0.00	0.05	49.90	0.00	0.00	49.95	0.00	0.00	0.00	51	54	105.15	39.22	0.00	0.00
1201	50.04	2400	2400	0.34	4805	0	0	16	610	0	0	0.00	1.12	48.83	0.00	0.00	49.96	0.00	0.00	0.00	51	53	105.36	39.44	0.00	0.00
1201	50.04	2400	2400	0.34	4785	0	0	2	602	0	0	0.00	0.00	49.95	0.00	0.00	49.96	0.00	0.00	0.00	51	54	105.52	39.48	0.00	0.00
1200	50.00	2400	2400	0.34	5031	0	0	13	597	0	0	0.00	0.06	49.92	0.00	0.00	50.00	0.00	0.00	0.00	51	54	105.46	39.31	0.00	0.00
1202	50.07	2400	2400	0.33	4593	0	0	4	728	0	0	0.00	0.34	49.60	0.00	0.00	49.93	0.00	0.00	0.00	50	54	105.89	39.71	0.00	0.00
1200	50.02	2400	2400	0.33	5637	0	0	7	701	0	0	0.00	0.00	49.96	0.00	0.00	49.98	0.00	0.00	0.00	51	54	105.81	39.71	0.00	0.00
1201	50.02	2400	2400	0.33	5889	0	0	5	671	0	0	0.00	0.05	49.93	0.00	0.00	49.98	0.00	0.00	0.00	51	54	106.01	39.45	0.00	0.00
1201	50.05	2400	2399	0.33	4703	0	0	7	658	0	0	0.00	0.00	49.94	0.00	0.00	49.95	0.00	0.00	0.00	51	54	106.05	39.65	0.00	0.00
1202	50.06	2400	2400	0.33	4462	0	0	3	628	0	0	0.00	2.89	47.06	0.00	0.00	49.94	0.00	0.00	0.00	51	54	106.40	39.52	0.00	0.00
1201	50.02	2400	2400	0.33	5825	0	0	21	595	0	0	0.00	0.85	49.12	0.00	0.00	49.98	0.00	0.00	0.00	51	54	106.31	40.26	0.00	0.00
1201	50.04	2400	2400	0.33	5458	0	0	8	763	0	0	0.00	0.99	48.96	0.00	0.00	49.96	0.00	0.00	0.00	51	55	106.39	40.07	0.00	0.00
1201	50.05	2400	2400	0.33	5314	0	0	13	684	0	0	0.00	1.00	48.95	0.00	0.00	49.95	0.00	0.00	0.00	51	54	106.68	40.25	0.00	0.00
1201	50.06	2400	2400	0.32	4566	0	0	11	686	0	0	0.00	0.11	49.83	0.00	0.00	49.94	0.00	0.00	0.00	51	55	106.69	40.32	0.00	0.00
1200	50.02	2400	2400	0.33	6578	0	0	3	583	0	0	0.00	0.01	49.96	0.00	0.00	49.98	0.00	0.00	0.00	51	54	106.77	40.27	0.00	0.00
1201	50.06	2400	2400	0.32	6313	0	0	66	715	0	0	0.00	2.97	46.96	0.00	0.00	49.94	0.00	0.00	0.00	51	55	106.92	40.52	0.00	0.00
1201	50.05	2400	2400	0.32	5517	0	0	4	732	0	0	0.00	0.00	49.96	0.00	0.00	49.95	0.00	0.00	0.00	51	54	107.09	40.24	0.00	0.00
1201	50.06	2400	2400	0.31	4503	0	0	6	632	0	0	0.00	0.05	49.89	0.00	0.00	49.94	0.00	0.00	0.00	51	54	107.35	40.61	0.00	0.00
1201	50.05	2400	2400	0.32	4837	0	0	4	611	0	0	0.00	0.00	49.95	0.00	0.00	49.95	0.00	0.00	0.00	51	54	107.21	40.58	0.00	0.00
1201	50.04	2400	2400	0.32	6554	0	0	5	669	0	0	0.00	0.01	49.96	0.00	0.00	49.96	0.00	0.00	0.00	52	55	107.46	40.72	0.00	0.00
1201	50.03	2400	2400	0.31	6144	0	0	7	664	0	0	0.00	0.01	49.96	0.00	0.00	49.97	0.00	0.00	0.00	51	55	107.46	40.97	0.00	0.00
1202	50.06	2400	2400	0.31	4620	0	0	2	673	0	0	0.00	0.00	49.94	0.00	0.00	49.94	0.00	0.00	0.00	51	55	107.68	41.23	0.00	0.00
1201	50.06	2400	2400	0.31	6832	0	0	0	742	0	0	0.00	0.00	49.94	0.00	0.00	49.94	0.00	0.00	0.00	52	55	107.67	41.14	0.00	0.00
1201	50.04	2400	2400	0.31	7368	0	0	11	714	0	0	0.00	0.05	49.91	0.00	0.00	49.96	0.00	0.00	0.00	52	55	107.91	41.37	0.00	0.00
1201	50.06	2400	2400	0.30	6542	0	0	19	675	0	0	0.00	0.05	49.89	0.00	0.00	49.94	0.00	0.00	0.00	52	55	107.97	41.38	0.00	0.00
1202	50.07	2400	2400	0.30	4520	0	0	3	649	0	0	0.00	0.00	49.93	0.00	0.00	49.93	0.00	0.00	0.00	51	55	108.11	41.25	0.00	0.00
1202	50.06	2400	2400	0.30	4742	0	0	5	688	0	0	0.00	0.01	49.93	0.00	0.00	49.94	0.00	0.00	0.00	52	55	108.15	41.37	0.00	0.00
1202	50.07	2400	2400	0.30	4673	0	0	5	717	0	0	0.00	1.75	48.18	0.00	0.00	49.93	0.00	0.00	0.00	52	54	108.10	41.24	0.00	0.00
1201	50.06	2400	2400	0.30	4578	0	0	5	655	0	0	0.00	0.05	49.90	0.00	0.00	49.94	0.00	0.00	0.00	53	54	108.04	41.33	0.00	0.00
1193	49.74	2400	2400	0.30	4588	0	0	8	659	0	0	0.00	0.03	50.23	0.00	0.00	50.26	0.00	0.00	0.00	52	55	107.58	41.05	0.00	0.00
1182	49.25	2400	2400	0.30	10410	0	0	19	764	0	0	0.00	0.19	50.56	0.00	0.00	50.75	0.00	0.00	0.00	53	54	107.48	41.12	0.00	0.00
1202	50.07	2400	2400	0.30	5034	0	0	6	644	0	0	0.00	0.75	49.18	0.00	0.00	49.93	0.00	0.00	0.00	51	55	107.97	41.15	0.00	0.00
1201	50.06	2400	2400	0.30	4549	0	0	5	658	0	0	0.00	0.00	49.94	0.00	0.00	49.94	0.00	0.00	0.00	51	55	108.12	41.57	0.00	0.00
1200	50.00	2400	2400	0.30	4719	0	0	5	697	0	0	0.00	0.05	49.94	0.00	0.00	50.00	0.00	0.00	0.00	52	55	108.23	41.50	0.00	0.00
1201	50.04	2400	2400	0.30	5365	0	0	8	890	0	0	0.00	0.09	49.87	0.00	0.00	49.96	0.00	0.00	0.00	52	55	108.12	41.41	0.00	0.00
1199	49.97	2400	2400	0.30	5065	0	0	5	749	0	0	0.00	0.04	49.99	0.00	0.00	50.03	0.00	0.00	0.00	52	55	108.20	41.43	0.00	0.00
1204	50.16	2400	2400	0.29	4866	0	0	0	907	0	0	0.00	0.00	49.84	0.00	0.00	49.84	0.00	0.00	0.00	52	55	108.71	41.70	0.00	0.00
1202	50.07	2400	2400	0.30	4668	0	0	13	653	0	0	0.00	1.00	48.93	0.00	0.00	49.93	0.00	0.00	0.00	52	55	108.47	41.46	0.00	0.00
1184	49.34	2399	2400	0.30	4566	0	0	21	819	0	0	0.00	0.08	50.58	0.00	0.00	50.66	0.00	0.00	0.00	52	54	107.65	41.55	0.00	0.00
1202	50.07	2400	2400	0.29	4645	0	0	2	737	0	0	0.00	0.15	49.78	0.00	0.00	49.93	0.00	0.00	0.00	52	55	108.56	41.77	0.00	0.00
1198	49.93	2400	2400	0.29	5058	0	0	8	687	0	0	0.00	0.14	49.94	0.00	0.00	50.07	0.00	0.00	0.00	52	55	108.71	41.86	0.00	0.00
1199	49.98	2400	2400	0.29	4989	0	0	7	714	0	0	0.00	0.06	49.97	0.00	0.00	50.02	0.00	0.00	0.00	52	55	108.71	41.72	0.00	0.00
1200	50.01	2400	2400	0.29	4791	0	0	1	695	0	0	0.00	0.00	49.99	0.00	0.00	49.99	0.00	0.00	0.00	53	56	108.85	41.74	0.00	0.00
1202	50.06	2400	2400	0.29	4477	0	0	0	623	0	0	0.00	0.00	49.94	0.00	0.00	49.94	0.00	0.00	0.00	53	55	109.10	42.09	0.00	0.00
1199	49.97	2400	2400	0.29	4855	0	0	1	649	0	0	0.00	0.01	50.02	0.00	0.00	50.03	0.00	0.00	0.00	52	55	108.85	41.84	0.00	0.00
1199	49.94	2400	2400	0.29	5230	0	0	5	662	0	0	0.00	0.06	50.00	0.00	0.00	50.06	0.00	0.00	0.00	52	55	108.80	41.60	0.00	0.00
1200	49.98	2400	2400	0.29	5034	0	0	1	766	0	0	0.00	0.01	50.02	0.00	0.00	50.02	0.00	0.00	0.00	53	55	108.91	41.79	0.00	0.00
1201	50.07	2400	2400	0.29	4542	0	0	0	670	0	0	0.00	0.00	49.93	0.00	0.00	49.93	0.00	0.00	0.00	53	56	109.03	42.16	0.00	0.00
1200	49.99	2400	2400	0.29	4716	0	0	5	675	0	0	0.00	2.22	47.80	0.00	0.00	50.01	0.00	0.00	0.00	52	56	108.73	41.70	0.00	0.00
1200	50.00	2400	2400	0.29	4998	0	0	3	609	0	0	0.00	0.00	49.99	0.00	0.00	50.00	0.00	0.00	0.00	53	55	108.82	41.69	0.00	0.00
1200	49.98	2400	2400	0.29	4942	0	0	1	688	0	0	0.00	0.00	50.02	0.00	0.00	50.02	0.00	0.00	0.00	53	56	108.72	41.83	0.00	0.00
1202	50.07	2400	2400	0.29	4627	0	0	0	756	0	0	0.00	0.00	49.93	0.00	0.00	49.93	0.00	0.00	0.00	53	55	108.74	41.75	0.00	0.00
1200	49.98	2400	2400	0.29	4740	0	0	6	739	0	0	0.00	1.15	48.87	0.00	0.00	50.02	0.00	0.00	0.00	52	57	108.54	41.67	0.00	0.00
1200	49.98	2400	2400	0.30	5114	0	0	4	683	0	0	0.00	0.02	50.00	0.00	0.00	50.02	0.00	0.00	0.00	52	56	108.57	41.46	0.00	0.00
1200	49.99	2400	2400	0.30	4577	0	0	3	639	0	0	0.00	0.01	50.00	0.00	0.00	50.01	0.00	0.00	0.00	52	56	108.51	41.36	0.00	0.00
1202	50.08	2400	2400	0.29	4641	0	0	0	728	0	0	0.00	0.00	49.93	0.00	0.00	49.92	0.00	0.00	0.00	54	55	108.40	41.57	0.00	0.00
1199	49.98	2400	2400	0.30	4686	0	0	5	686	0	0	0.00	0.20	49.83	0.00	0.00	50.02	0.00	0.00	0.00	53	55	108.35	41.62	0.00	0.00
1200	49.99	2400	2400	0.30	4768	0	0	4	705	0	0	0.00	0.22	49.80	0.00	0.00	50.01	0.00	0.00	0.00	53	56	108.22	41.56	0.00	0.00
1200	49.99	2400	2400	0.30	4581	0	0	2	607	0	0	0.00	0.01	50.00	0.00	0.00	50.01	0.00	0.00	0.00	52	56	108.26	41.42	0.00	0.00
1202	50.07	2400	2400	0.30	4577	0	0	0	681	0	0	0.00	0.00	49.94	0.00	0.00	49.93	0.00	0.00	0.00	52	55	108.17	41.32	0.00	0.00
1200	50.00	2400	2400	0.30	4591	0	0	1	736	0	0	0.00	0.00	50.00	0.00	0.00	50.00	0.00	0.00	0.00	53	56	108.11	41.25	0.00	0.00
1169	50.00	2400	2339	0.30	4780	0	0	1	684	0	0	0.00	0.00	48.73	0.00	0.00	50.00	0.00	0.00	0.00	53	55	103.97	39.83	0.00	0.00
1200	49.99	2400	2400	0.30	5375	0	0	1	697	0	0	0.00	0.00	50.01	0.00	0.00	50.01	0.00	0.00	0.00	53	57	107.96	40.98	0.00	0.00
1201	50.06	2400	2400	0.30	4797	0	0	0	709	0	0	0.00	0.00	49.94	0.00	0.00	49.94	0.00	0.00	0.00	53	56	107.91	41.22	0.00	0.00
1200	49.99	2400	2400	0.30	4826	0	0	1	717	0	0	0.00	0.00	50.01	0.00	0.00	50.01	0.00	0.00	0.00	53	56	107.81	41.13	0.00	0.00
1218	50.03	2400	2435	0.30	7984	0	0	3	791	0	0	0.00	0.00	50.70	0.00	0.00	49.97	0.00	0.00	0.00	53	56	109.93	41.95	0.00	0.00
1176	49.72	2400	2366	0.31	4833	0	0	151	732	0	0	0.00	0.03	49.52	0.00	0.00	50.28	0.00	0.00	0.00	53	55	104.92	39.87	0.00	0.00
1202	50.06	2400	2400	0.30	4729	0	0	0	658	0	0	0.00	0.00	49.95	0.00	0.00	49.94	0.00	0.00	0.00	53	56	107.87	41.00	0.00	0.00
1203	50.06	2400	2403	0.30	4823	0	0	1	637	0	0	0.00	0.00	50.02	0.00	0.00	49.94	0.00	0.00	0.00	54	57	108.05	41.17	0.00	0.00
1200	50.06	2400	2397	0.30	4916	0	0	0	657	0	0	0.00	0.00	49.87	0.00	0.00	49.94	0.00	0.00	0.00	54	56	107.58	40.82	0.00	0.00
1201	50.06	2400	2400	0.30	4706	0	0	4	658	0	0	0.00	1.10	48.85	0.00	0.00	49.94	0.00	0.00	0.00	54	56	107.54	41.11	0.00	0.00
1202	50.06	2400	2400	0.30	4777	0	0	0	704	0	0	0.00	0.00	49.94	0.00	0.00	49.94	0.00	0.00	0.00	53	57	107.43	41.07	0.00	0.00
1187	49.08	2400	2418	0.31	9999	0	0	22	803	0	0	0.00	0.25	51.04	0.00	0.00	50.92	0.00	0.00	0.00	53	56	107.26	41.10	0.00	0.00
1189	48.90	2399	2433	0.33	9763	0	0	18	786	0	0	0.00	0.85	50.92	0.00	0.00	51.10	0.00	0.00	0.00	52	57	108.69	41.22	0.00	0.00
1169	49.74	2400	2350	0.31	5167	0	0	4	753	0	0	0.00	0.02	49.19	0.00	0.00	50.26	0.00	0.00	0.00	53	56	104.22	39.81	0.00	0.00
1201	50.06	2400	2400	0.30	4703	0	0	8	636	0	0	0.00	0.09	49.85	0.00	0.00	49.94	0.00	0.00	0.00	53	56	107.32	41.15	0.00	0.00
1201	49.85	2400	2410	0.31	5172	0	0	1	754	0	0	0.00	0.01	50.36	0.00	0.00	50.15	0.00	0.00	0.00	53	56	108.20	41.34	0.00	0.00
1175	49.20	2400	2390	0.33	9766	0	0	11	742	0	0	0.00	0.06	50.52	0.00	0.00	50.80	0.00	0.00	0.00	53	56	105.84	40.30	0.00	0.00
1204	50.18	2400	2400	0.30	1316	0	0	0	375	0	0	0.00	0.00	49.82	0.00	0.00	49.82	0.00	0.00	0.00	53	55	107.16	40.88	0.00	0.00
