Avg_MHz	Busy%	Bzy_MHz	TSC_MHz	IPC	IRQ	SMI	POLL	C1	C1E	C3	C6	POLL%	C1%	C1E%	C3%	C6%	CPU%c1	CPU%c3	CPU%c6	CPU%c7	CoreTmp	PkgTmp	PkgWatt	RAMWatt	PKG_%	RAM_%
76	3.17	2398	2399	0.42	744	0	0	4	495	0	0	0.00	0.26	96.52	0.00	0.00	96.83	0.00	0.00	0.00	46	52	68.16	34.37	0.00	0.00
76	3.16	2400	2401	0.60	703	0	0	44	469	0	0	0.00	3.18	93.71	0.00	0.00	96.84	0.00	0.00	0.00	45	51	72.50	34.79	0.00	0.00
76	3.16	2400	2400	0.59	683	0	0	44	434	0	0	0.00	3.12	93.72	0.00	0.00	96.84	0.00	0.00	0.00	45	50	72.45	34.84	0.00	0.00
76	3.16	2400	2400	0.59	680	0	0	39	441	0	0	0.00	3.12	93.72	0.00	0.00	96.84	0.00	0.00	0.00	45	51	72.45	34.76	0.00	0.00
76	3.16	2400	2400	0.57	720	0	0	40	470	0	0	0.00	3.16	93.69	0.00	0.00	96.84	0.00	0.00	0.00	45	50	72.44	34.89	0.00	0.00
76	3.16	2400	2400	0.60	742	0	0	42	499	0	0	0.00	3.12	93.71	0.00	0.00	96.84	0.00	0.00	0.00	45	51	72.47	34.84	0.00	0.00
76	3.16	2400	2400	0.57	728	0	0	41	493	0	0	0.00	3.12	93.72	0.00	0.00	96.84	0.00	0.00	0.00	45	49	72.44	34.93	0.00	0.00
76	3.16	2400	2400	0.60	615	0	0	38	373	0	0	0.00	3.12	93.72	0.00	0.00	96.84	0.00	0.00	0.00	45	50	72.47	34.80	0.00	0.00
76	3.16	2400	2400	0.57	721	0	0	41	474	0	0	0.00	3.12	93.72	0.00	0.00	96.84	0.00	0.00	0.00	45	50	72.47	34.88	0.00	0.00
76	3.16	2400	2400	0.59	744	0	0	43	494	0	0	0.00	3.12	93.72	0.00	0.00	96.84	0.00	0.00	0.00	46	52	72.47	34.83	0.00	0.00
76	3.16	2400	2400	0.59	733	0	0	45	487	0	0	0.00	3.12	93.72	0.00	0.00	96.84	0.00	0.00	0.00	45	52	72.44	34.92	0.00	0.00
76	3.16	2400	2400	0.59	721	0	0	48	489	0	0	0.00	3.12	93.71	0.00	0.00	96.84	0.00	0.00	0.00	45	50	72.46	34.72	0.00	0.00
76	3.16	2400	2400	0.59	677	0	0	43	433	0	0	0.00	3.17	93.67	0.00	0.00	96.84	0.00	0.00	0.00	45	51	72.49	34.73	0.00	0.00
76	3.16	2400	2400	0.59	746	0	0	43	504	0	0	0.00	3.12	93.71	0.00	0.00	96.84	0.00	0.00	0.00	45	51	72.45	34.79	0.00	0.00
76	3.17	2400	2400	0.59	731	0	0	40	492	0	0	0.00	3.12	93.72	0.00	0.00	96.83	0.00	0.00	0.00	45	50	72.46	34.65	0.00	0.00
76	3.16	2400	2400	0.59	716	0	0	44	469	0	0	0.00	3.46	93.38	0.00	0.00	96.84	0.00	0.00	0.00	46	50	72.47	34.76	0.00	0.00
76	3.16	2400	2400	0.58	733	0	0	40	498	0	0	0.00	3.12	93.72	0.00	0.00	96.84	0.00	0.00	0.00	46	51	72.45	34.75	0.00	0.00
76	3.16	2400	2400	0.58	642	0	0	33	401	0	0	0.00	3.12	93.71	0.00	0.00	96.84	0.00	0.00	0.00	46	50	72.45	34.84	0.00	0.00
76	3.16	2400	2400	0.60	690	0	0	40	446	0	0	0.00	3.12	93.73	0.00	0.00	96.84	0.00	0.00	0.00	45	50	72.46	34.75	0.00	0.00
76	3.16	2400	2400	0.58	693	0	0	40	452	0	0	0.00	3.46	93.38	0.00	0.00	96.84	0.00	0.00	0.00	46	51	72.45	34.76	0.00	0.00
76	3.16	2400	2400	0.59	742	0	0	48	486	0	0	0.00	3.20	93.64	0.00	0.00	96.84	0.00	0.00	0.00	45	50	72.46	34.85	0.00	0.00
77	3.21	2400	2400	0.59	988	0	0	157	644	0	0	0.00	48.74	48.05	0.00	0.00	96.79	0.00	0.00	0.00	46	51	72.48	34.84	0.00	0.00
77	3.21	2400	2400	0.60	947	0	0	76	692	0	0	0.00	3.31	93.49	0.00	0.00	96.79	0.00	0.00	0.00	45	51	72.54	34.95	0.00	0.00
76	3.16	2400	2400	0.59	694	0	0	45	452	0	0	0.00	3.17	93.67	0.00	0.00	96.84	0.00	0.00	0.00	45	52	72.49	34.78	0.00	0.00
76	3.16	2400	2400	0.59	750	0	0	43	512	0	0	0.00	3.12	93.72	0.00	0.00	96.84	0.00	0.00	0.00	45	51	72.45	34.66	0.00	0.00
76	3.16	2400	2400	0.57	723	0	0	46	485	0	0	0.00	3.72	93.12	0.00	0.00	96.84	0.00	0.00	0.00	45	50	72.45	34.81	0.00	0.00
76	3.16	2400	2400	0.60	819	0	0	53	561	0	0	0.00	5.13	91.72	0.00	0.00	96.84	0.00	0.00	0.00	46	50	72.47	34.76	0.00	0.00
76	3.16	2400	2400	0.57	639	0	0	39	403	0	0	0.00	3.14	93.70	0.00	0.00	96.84	0.00	0.00	0.00	45	52	72.44	34.79	0.00	0.00
76	3.16	2400	2400	0.60	730	0	0	38	499	0	0	0.00	3.12	93.73	0.00	0.00	96.84	0.00	0.00	0.00	45	52	72.47	34.68	0.00	0.00
76	3.16	2400	2400	0.57	726	0	0	39	490	0	0	0.00	3.12	93.71	0.00	0.00	96.84	0.00	0.00	0.00	45	49	72.45	34.79	0.00	0.00
76	3.16	2400	2400	0.59	720	0	0	37	481	0	0	0.00	3.12	93.73	0.00	0.00	96.84	0.00	0.00	0.00	45	50	72.47	34.72	0.00	0.00
76	3.16	2400	2400	0.59	691	0	0	36	476	0	0	0.00	3.12	93.72	0.00	0.00	96.84	0.00	0.00	0.00	45	51	72.47	34.64	0.00	0.00
76	3.16	2400	2400	0.59	767	0	0	51	521	0	0	0.00	3.12	93.70	0.00	0.00	96.84	0.00	0.00	0.00	45	50	72.46	34.79	0.00	0.00
76	3.16	2400	2400	0.59	735	0	0	39	494	0	0	0.00	3.12	93.72	0.00	0.00	96.84	0.00	0.00	0.00	45	50	72.46	34.87	0.00	0.00
76	3.16	2400	2400	0.59	709	0	0	55	458	0	0	0.00	3.13	93.72	0.00	0.00	96.84	0.00	0.00	0.00	45	49	72.46	34.86	0.00	0.00
76	3.16	2400	2400	0.59	685	0	0	43	447	0	0	0.00	3.94	92.89	0.00	0.00	96.84	0.00	0.00	0.00	46	51	72.48	34.68	0.00	0.00
76	3.16	2400	2400	0.59	739	0	0	39	507	0	0	0.00	3.13	93.72	0.00	0.00	96.84	0.00	0.00	0.00	46	50	72.47	34.87	0.00	0.00
76	3.16	2400	2400	0.58	730	0	0	38	493	0	0	0.00	3.12	93.71	0.00	0.00	96.84	0.00	0.00	0.00	45	51	72.46	34.84	0.00	0.00
76	3.16	2400	2400	0.58	736	0	0	40	501	0	0	0.00	3.12	93.73	0.00	0.00	96.84	0.00	0.00	0.00	45	50	72.49	34.80	0.00	0.00
76	3.16	2400	2400	0.59	691	0	0	43	454	0	0	0.00	3.12	93.71	0.00	0.00	96.84	0.00	0.00	0.00	45	50	72.47	34.86	0.00	0.00
76	3.16	2400	2400	0.58	738	0	0	43	495	0	0	0.00	3.12	93.72	0.00	0.00	96.84	0.00	0.00	0.00	45	50	72.45	34.90	0.00	0.00
76	3.16	2400	2400	0.59	735	0	0	41	508	0	0	0.00	3.12	93.71	0.00	0.00	96.84	0.00	0.00	0.00	46	51	72.47	34.80	0.00	0.00
76	3.16	2400	2400	0.58	758	0	0	52	509	0	0	0.00	3.17	93.67	0.00	0.00	96.84	0.00	0.00	0.00	45	51	72.45	34.75	0.00	0.00
76	3.16	2400	2400	0.59	793	0	0	48	565	0	0	0.00	3.17	93.67	0.00	0.00	96.84	0.00	0.00	0.00	46	50	72.46	34.78	0.00	0.00
76	3.16	2400	2400	0.57	734	0	0	53	485	0	0	0.00	3.22	93.62	0.00	0.00	96.84	0.00	0.00	0.00	45	50	72.45	34.75	0.00	0.00
76	3.16	2400	2400	0.59	717	0	0	41	479	0	0	0.00	4.19	92.64	0.00	0.00	96.84	0.00	0.00	0.00	46	50	72.47	34.97	0.00	0.00
76	3.16	2400	2400	0.58	743	0	0	44	505	0	0	0.00	3.14	93.71	0.00	0.00	96.84	0.00	0.00	0.00	46	51	72.46	34.69	0.00	0.00
76	3.16	2400	2400	0.58	697	0	0	45	454	0	0	0.00	3.41	93.43	0.00	0.00	96.84	0.00	0.00	0.00	45	50	72.46	34.90	0.00	0.00
76	3.16	2400	2400	0.59	761	0	0	48	514	0	0	0.00	3.17	93.68	0.00	0.00	96.84	0.00	0.00	0.00	45	51	72.50	34.87	0.00	0.00
91	3.78	2400	2400	0.76	1220	0	0	148	1038	0	0	0.00	5.39	90.82	0.00	0.00	96.22	0.00	0.00	0.00	46	49	73.02	34.92	0.00	0.00
76	3.16	2400	2401	0.59	796	0	0	43	519	0	0	0.00	3.12	93.74	0.00	0.00	96.84	0.00	0.00	0.00	45	51	72.51	34.83	0.00	0.00
76	3.17	2400	2400	0.58	742	0	0	56	507	0	0	0.00	3.16	93.66	0.00	0.00	96.83	0.00	0.00	0.00	45	50	72.48	34.74	0.00	0.00
76	3.16	2400	2400	0.57	750	0	0	43	506	0	0	0.00	3.12	93.72	0.00	0.00	96.84	0.00	0.00	0.00	46	50	72.45	34.78	0.00	0.00
76	3.16	2400	2400	0.60	719	0	0	37	484	0	0	0.00	3.12	93.71	0.00	0.00	96.84	0.00	0.00	0.00	45	51	72.48	34.84	0.00	0.00
76	3.16	2400	2400	0.58	768	0	0	43	531	0	0	0.00	3.12	93.72	0.00	0.00	96.84	0.00	0.00	0.00	45	50	72.46	34.83	0.00	0.00
76	3.16	2400	2400	0.58	732	0	0	41	496	0	0	0.00	3.12	93.71	0.00	0.00	96.84	0.00	0.00	0.00	45	50	72.45	34.72	0.00	0.00
76	3.16	2400	2400	0.59	734	0	0	43	501	0	0	0.00	3.22	93.62	0.00	0.00	96.84	0.00	0.00	0.00	45	50	72.49	34.82	0.00	0.00
76	3.16	2400	2400	0.57	721	0	0	43	493	0	0	0.00	3.12	93.71	0.00	0.00	96.84	0.00	0.00	0.00	46	49	72.45	34.74	0.00	0.00
76	3.18	2400	2400	0.59	780	0	0	46	528	0	0	0.00	3.51	93.32	0.00	0.00	96.82	0.00	0.00	0.00	45	50	72.48	34.67	0.00	0.00
76	3.16	2400	2400	0.59	734	0	0	42	489	0	0	0.00	3.12	93.71	0.00	0.00	96.84	0.00	0.00	0.00	45	50	72.46	34.75	0.00	0.00
76	3.16	2400	2400	0.58	779	0	0	40	534	0	0	0.00	3.12	93.72	0.00	0.00	96.84	0.00	0.00	0.00	45	49	72.47	34.72	0.00	0.00
76	3.17	2400	2400	0.59	760	0	0	47	528	0	0	0.00	3.12	93.71	0.00	0.00	96.83	0.00	0.00	0.00	45	50	72.52	34.87	0.00	0.00
76	3.16	2400	2400	0.57	782	0	0	45	529	0	0	0.00	3.12	93.73	0.00	0.00	96.84	0.00	0.00	0.00	45	51	72.46	34.76	0.00	0.00
76	3.16	2400	2400	0.59	716	0	0	39	476	0	0	0.00	3.12	93.71	0.00	0.00	96.84	0.00	0.00	0.00	45	51	72.47	34.79	0.00	0.00
76	3.16	2400	2400	0.58	763	0	0	39	517	0	0	0.00	3.12	93.72	0.00	0.00	96.84	0.00	0.00	0.00	45	50	72.51	34.90	0.00	0.00
76	3.16	2400	2400	0.58	741	0	0	44	499	0	0	0.00	3.12	93.71	0.00	0.00	96.84	0.00	0.00	0.00	46	50	72.45	34.77	0.00	0.00
76	3.16	2400	2400	0.59	731	0	0	45	487	0	0	0.00	3.12	93.72	0.00	0.00	96.84	0.00	0.00	0.00	45	50	72.47	34.81	0.00	0.00
76	3.16	2400	2399	0.57	719	0	0	40	487	0	0	0.00	3.12	93.69	0.00	0.00	96.84	0.00	0.00	0.00	46	52	72.43	34.58	0.00	0.00
76	3.16	2400	2401	0.59	774	0	0	37	538	0	0	0.00	3.13	93.74	0.00	0.00	96.84	0.00	0.00	0.00	45	50	72.51	34.88	0.00	0.00
76	3.16	2400	2400	0.58	705	0	0	43	466	0	0	0.00	3.12	93.71	0.00	0.00	96.84	0.00	0.00	0.00	45	50	72.48	34.89	0.00	0.00
76	3.16	2400	2400	0.57	738	0	0	40	501	0	0	0.00	3.12	93.72	0.00	0.00	96.84	0.00	0.00	0.00	45	50	72.45	34.83	0.00	0.00
76	3.17	2400	2400	0.59	728	0	0	47	492	0	0	0.00	3.12	93.71	0.00	0.00	96.83	0.00	0.00	0.00	46	50	72.48	34.78	0.00	0.00
76	3.16	2400	2400	0.59	798	0	0	42	561	0	0	0.00	3.16	93.69	0.00	0.00	96.84	0.00	0.00	0.00	45	50	72.46	34.78	0.00	0.00
76	3.16	2400	2400	0.58	738	0	0	45	497	0	0	0.00	3.12	93.71	0.00	0.00	96.84	0.00	0.00	0.00	46	50	72.46	34.66	0.00	0.00
76	3.16	2400	2400	0.59	773	0	0	47	526	0	0	0.00	3.17	93.67	0.00	0.00	96.84	0.00	0.00	0.00	45	50	72.51	34.79	0.00	0.00
76	3.17	2400	2400	0.58	688	0	0	38	453	0	0	0.00	3.12	93.71	0.00	0.00	96.83	0.00	0.00	0.00	45	50	72.47	34.71	0.00	0.00
76	3.16	2400	2400	0.59	769	0	0	42	519	0	0	0.00	3.12	93.72	0.00	0.00	96.84	0.00	0.00	0.00	46	49	72.47	34.82	0.00	0.00
76	3.16	2400	2400	0.59	735	0	0	51	501	0	0	0.00	3.23	93.60	0.00	0.00	96.84	0.00	0.00	0.00	45	50	72.46	34.75	0.00	0.00
76	3.16	2400	2400	0.58	747	0	0	43	514	0	0	0.00	3.12	93.72	0.00	0.00	96.84	0.00	0.00	0.00	45	50	72.50	34.79	0.00	0.00
76	3.16	2400	2400	0.59	712	0	0	43	473	0	0	0.00	3.12	93.71	0.00	0.00	96.84	0.00	0.00	0.00	45	50	72.47	34.81	0.00	0.00
76	3.16	2400	2400	0.57	800	0	0	51	547	0	0	0.00	3.12	93.72	0.00	0.00	96.84	0.00	0.00	0.00	45	49	72.46	34.74	0.00	0.00
77	3.22	2400	2400	0.60	936	0	0	97	656	0	0	0.00	35.77	61.01	0.00	0.00	96.78	0.00	0.00	0.00	45	50	72.51	34.83	0.00	0.00
77	3.21	2400	2400	0.59	1046	0	0	83	784	0	0	0.00	3.47	93.33	0.00	0.00	96.79	0.00	0.00	0.00	45	51	72.50	34.81	0.00	0.00
78	3.25	2400	2400	0.59	765	0	0	46	502	0	0	0.00	3.30	93.46	0.00	0.00	96.75	0.00	0.00	0.00	46	50	72.53	34.86	0.00	0.00
76	3.16	2400	2400	0.59	747	0	0	38	511	0	0	0.00	3.14	93.70	0.00	0.00	96.84	0.00	0.00	0.00	45	50	72.47	34.97	0.00	0.00
76	3.16	2400	2400	0.57	712	0	0	39	479	0	0	0.00	3.12	93.71	0.00	0.00	96.84	0.00	0.00	0.00	45	50	72.45	34.76	0.00	0.00
76	3.16	2400	2400	0.59	788	0	0	54	520	0	0	0.00	3.14	93.70	0.00	0.00	96.84	0.00	0.00	0.00	45	49	72.46	34.82	0.00	0.00
76	3.16	2400	2400	0.58	745	0	0	44	522	0	0	0.00	3.15	93.69	0.00	0.00	96.84	0.00	0.00	0.00	45	50	72.51	34.68	0.00	0.00
76	3.16	2400	2400	0.57	811	0	0	45	573	0	0	0.00	3.12	93.72	0.00	0.00	96.84	0.00	0.00	0.00	45	50	72.45	34.66	0.00	0.00
76	3.16	2400	2400	0.60	732	0	0	45	495	0	0	0.00	3.12	93.71	0.00	0.00	96.84	0.00	0.00	0.00	45	50	72.47	34.63	0.00	0.00
76	3.16	2400	2400	0.57	722	0	0	42	481	0	0	0.00	5.83	91.02	0.00	0.00	96.84	0.00	0.00	0.00	45	49	72.50	34.71	0.00	0.00
76	3.17	2400	2400	0.58	739	0	0	45	501	0	0	0.00	3.13	93.70	0.00	0.00	96.83	0.00	0.00	0.00	45	50	72.47	34.73	0.00	0.00
76	3.16	2400	2400	0.59	847	0	0	64	587	0	0	0.00	6.08	90.77	0.00	0.00	96.84	0.00	0.00	0.00	45	50	72.48	34.87	0.00	0.00
76	3.16	2400	2400	0.57	742	0	0	55	493	0	0	0.00	3.24	93.59	0.00	0.00	96.84	0.00	0.00	0.00	46	50	72.45	34.64	0.00	0.00
76	3.16	2400	2400	0.59	673	0	0	40	432	0	0	0.00	3.12	93.73	0.00	0.00	96.84	0.00	0.00	0.00	45	50	72.49	34.86	0.00	0.00
76	3.16	2400	2400	0.59	717	0	0	42	483	0	0	0.00	3.12	93.71	0.00	0.00	96.84	0.00	0.00	0.00	45	50	72.47	34.82	0.00	0.00
76	3.16	2400	2400	0.58	768	0	0	42	523	0	0	0.00	3.12	93.72	0.00	0.00	96.84	0.00	0.00	0.00	46	50	72.45	34.78	0.00	0.00
76	3.16	2400	2400	0.59	763	0	0	48	532	0	0	0.00	3.69	93.14	0.00	0.00	96.84	0.00	0.00	0.00	45	50	72.46	34.75	0.00	0.00
76	3.16	2400	2400	0.57	780	0	0	46	532	0	0	0.00	5.58	91.27	0.00	0.00	96.84	0.00	0.00	0.00	45	49	72.47	34.83	0.00	0.00
76	3.16	2400	2400	0.59	723	0	0	44	478	0	0	0.00	3.12	93.71	0.00	0.00	96.84	0.00	0.00	0.00	45	50	72.48	34.70	0.00	0.00
77	3.24	2400	2394	0.61	479	0	0	27	422	0	0	0.00	3.28	93.27	0.00	0.00	96.76	0.00	0.00	0.00	45	50	72.45	34.59	0.00	0.00
