Avg_MHz	Busy%	Bzy_MHz	TSC_MHz	IPC	IRQ	SMI	POLL	C1	C1E	C3	C6	POLL%	C1%	C1E%	C3%	C6%	CPU%c1	CPU%c3	CPU%c6	CPU%c7	CoreTmp	PkgTmp	PkgWatt	RAMWatt	PKG_%	RAM_%
2453	99.95	2400	2454	0.70	12248	0	0	5	77	0	0	0.00	0.01	0.00	0.00	0.00	0.05	0.00	0.00	0.00	52	53	127.76	40.33	0.00	0.00
2399	99.96	2400	2400	0.70	21897	0	0	18	115	0	0	0.00	0.00	0.00	0.00	0.00	0.04	0.00	0.00	0.00	52	54	123.87	39.19	0.00	0.00
2400	99.96	2400	2401	0.70	8575	0	0	1	3	0	0	0.00	0.00	0.00	0.00	0.00	0.04	0.00	0.00	0.00	52	53	124.54	39.63	0.00	0.00
2363	98.63	2400	2396	0.71	64383	0	0	14	152	0	0	0.00	0.05	1.28	0.00	0.00	1.37	0.00	0.00	0.00	51	54	122.91	38.88	0.00	0.00
2325	96.86	2400	2401	0.71	9545	0	0	10	299	0	0	0.00	0.05	3.06	0.00	0.00	3.14	0.00	0.00	0.00	52	55	120.93	38.34	0.00	0.00
2363	98.27	2400	2404	0.71	57527	0	0	0	193	0	0	0.00	0.00	1.70	0.00	0.00	1.73	0.00	0.00	0.00	52	53	123.39	39.13	0.00	0.00
2399	99.96	2400	2401	0.74	204440	0	0	5	114	0	0	0.00	0.00	0.00	0.00	0.00	0.04	0.00	0.00	0.00	53	54	126.02	39.23	0.00	0.00
2399	99.96	2400	2400	0.77	42764	0	0	0	13	0	0	0.00	0.00	0.00	0.00	0.00	0.04	0.00	0.00	0.00	53	54	125.41	38.78	0.00	0.00
2399	99.96	2400	2400	0.79	25304	0	0	0	13	0	0	0.00	0.00	0.00	0.00	0.00	0.04	0.00	0.00	0.00	53	55	126.29	38.97	0.00	0.00
2398	99.96	2400	2399	0.79	8681	0	0	0	18	0	0	0.00	0.00	0.00	0.00	0.00	0.04	0.00	0.00	0.00	53	54	125.91	38.79	0.00	0.00
2400	99.95	2400	2401	0.79	8647	0	0	0	23	0	0	0.00	0.00	0.01	0.00	0.00	0.05	0.00	0.00	0.00	52	54	126.44	39.15	0.00	0.00
2398	99.94	2400	2399	0.79	8682	0	0	0	23	0	0	0.00	0.00	0.02	0.00	0.00	0.06	0.00	0.00	0.00	54	54	126.18	38.93	0.00	0.00
2399	99.95	2400	2400	0.79	61837	0	0	0	10	0	0	0.00	0.00	0.00	0.00	0.00	0.05	0.00	0.00	0.00	53	54	126.22	38.81	0.00	0.00
2399	99.95	2400	2400	0.79	37295	0	0	0	36	0	0	0.00	0.00	0.01	0.00	0.00	0.05	0.00	0.00	0.00	53	55	126.66	38.94	0.00	0.00
2399	99.96	2400	2400	0.79	10990	0	0	0	0	0	0	0.00	0.00	0.00	0.00	0.00	0.04	0.00	0.00	0.00	54	55	126.39	38.95	0.00	0.00
2399	99.96	2400	2400	0.80	8295	0	0	0	0	0	0	0.00	0.00	0.00	0.00	0.00	0.04	0.00	0.00	0.00	53	54	126.01	38.69	0.00	0.00
2398	99.96	2400	2399	0.79	8271	0	0	0	0	0	0	0.00	0.00	0.00	0.00	0.00	0.04	0.00	0.00	0.00	53	55	126.11	38.77	0.00	0.00
2399	99.96	2400	2399	0.79	8214	0	0	0	0	0	0	0.00	0.00	0.00	0.00	0.00	0.04	0.00	0.00	0.00	54	55	126.06	38.70	0.00	0.00
2400	99.96	2400	2401	0.79	8623	0	0	0	0	0	0	0.00	0.00	0.00	0.00	0.00	0.04	0.00	0.00	0.00	53	55	126.19	38.84	0.00	0.00
2400	99.96	2400	2401	0.79	8207	0	0	0	0	0	0	0.00	0.00	0.00	0.00	0.00	0.04	0.00	0.00	0.00	54	56	126.37	39.04	0.00	0.00
2397	99.96	2400	2398	0.79	8615	0	0	0	11	0	0	0.00	0.00	0.00	0.00	0.00	0.04	0.00	0.00	0.00	55	56	125.81	38.65	0.00	0.00
2400	99.95	2400	2401	0.79	8815	0	0	0	20	0	0	0.00	0.00	0.01	0.00	0.00	0.05	0.00	0.00	0.00	54	55	126.04	38.79	0.00	0.00
2399	99.96	2400	2400	0.79	9343	0	0	0	41	0	0	0.00	0.00	0.00	0.00	0.00	0.04	0.00	0.00	0.00	55	56	126.76	39.16	0.00	0.00
2399	99.94	2400	2401	0.79	9584	0	0	0	35	0	0	0.00	0.00	0.02	0.00	0.00	0.06	0.00	0.00	0.00	54	55	126.34	38.97	0.00	0.00
2397	99.95	2400	2399	0.79	8745	0	0	0	9	0	0	0.00	0.00	0.01	0.00	0.00	0.05	0.00	0.00	0.00	56	56	126.33	38.76	0.00	0.00
2398	99.95	2400	2399	0.79	8426	0	0	0	6	0	0	0.00	0.00	0.01	0.00	0.00	0.05	0.00	0.00	0.00	55	56	126.17	38.95	0.00	0.00
2401	99.96	2400	2402	0.79	17088	0	0	0	21	0	0	0.00	0.00	0.00	0.00	0.00	0.04	0.00	0.00	0.00	55	56	126.48	39.12	0.00	0.00
2398	99.96	2400	2399	0.79	59474	0	0	0	49	0	0	0.00	0.00	0.00	0.00	0.00	0.04	0.00	0.00	0.00	54	57	126.50	38.96	0.00	0.00
2393	99.74	2400	2399	0.78	15193	0	0	0	40	0	0	0.00	0.00	0.21	0.00	0.00	0.26	0.00	0.00	0.00	54	56	130.40	41.12	0.00	0.00
2399	99.95	2400	2400	0.77	8195	0	0	0	0	0	0	0.00	0.00	0.00	0.00	0.00	0.05	0.00	0.00	0.00	55	56	132.20	41.68	0.00	0.00
2399	99.95	2400	2400	0.78	8469	0	0	0	0	0	0	0.00	0.00	0.00	0.00	0.00	0.05	0.00	0.00	0.00	55	56	132.23	41.89	0.00	0.00
2399	99.95	2400	2400	0.77	8170	0	0	0	1	0	0	0.00	0.00	0.00	0.00	0.00	0.05	0.00	0.00	0.00	55	56	132.30	41.78	0.00	0.00
2398	99.95	2400	2399	0.77	8299	0	0	0	0	0	0	0.00	0.00	0.00	0.00	0.00	0.05	0.00	0.00	0.00	55	56	132.38	42.07	0.00	0.00
2400	99.95	2400	2401	0.77	8217	0	0	0	0	0	0	0.00	0.00	0.00	0.00	0.00	0.05	0.00	0.00	0.00	56	57	132.43	41.93	0.00	0.00
2398	99.95	2400	2399	0.77	8267	0	0	0	0	0	0	0.00	0.00	0.00	0.00	0.00	0.05	0.00	0.00	0.00	56	57	132.56	41.96	0.00	0.00
2399	99.95	2400	2400	0.77	8172	0	0	0	1	0	0	0.00	0.00	0.00	0.00	0.00	0.05	0.00	0.00	0.00	57	58	132.55	42.03	0.00	0.00
2399	99.95	2400	2401	0.77	31925	0	0	0	0	0	0	0.00	0.00	0.00	0.00	0.00	0.05	0.00	0.00	0.00	57	57	132.03	41.83	0.00	0.00
2398	99.95	2400	2399	0.77	40788	0	0	0	7	0	0	0.00	0.00	0.00	0.00	0.00	0.05	0.00	0.00	0.00	55	57	131.95	41.54	0.00	0.00
2399	99.95	2400	2400	0.78	26202	0	0	8	78	0	0	0.00	0.00	0.00	0.00	0.00	0.05	0.00	0.00	0.00	56	56	131.99	41.74	0.00	0.00
2398	99.95	2400	2399	0.78	42927	0	0	1	30	0	0	0.00	0.00	0.00	0.00	0.00	0.05	0.00	0.00	0.00	57	58	132.33	41.76	0.00	0.00
2400	99.95	2400	2401	0.78	52775	0	0	0	0	0	0	0.00	0.00	0.00	0.00	0.00	0.05	0.00	0.00	0.00	56	57	131.55	41.25	0.00	0.00
2400	99.95	2400	2402	0.79	8185	0	0	0	0	0	0	0.00	0.00	0.00	0.00	0.00	0.05	0.00	0.00	0.00	56	58	130.87	40.83	0.00	0.00
2395	99.79	2400	2400	0.79	11116	0	0	2	20	0	0	0.00	0.00	0.16	0.00	0.00	0.21	0.00	0.00	0.00	57	57	130.94	40.81	0.00	0.00
2323	96.83	2400	2399	0.83	7973	0	0	0	310	0	0	0.00	0.00	3.12	0.00	0.00	3.17	0.00	0.00	0.00	58	57	130.56	40.81	0.00	0.00
2399	99.93	2400	2401	0.78	8545	0	0	0	7	0	0	0.00	0.00	0.02	0.00	0.00	0.07	0.00	0.00	0.00	57	57	132.94	41.78	0.00	0.00
2397	99.94	2400	2398	0.78	8313	0	0	1	3	0	0	0.00	0.00	0.00	0.00	0.00	0.06	0.00	0.00	0.00	57	57	132.59	41.69	0.00	0.00
2400	99.93	2400	2401	0.78	8968	0	0	1	14	0	0	0.00	0.00	0.01	0.00	0.00	0.07	0.00	0.00	0.00	57	57	133.06	41.88	0.00	0.00
2398	99.94	2400	2399	0.78	8308	0	0	0	3	0	0	0.00	0.00	0.00	0.00	0.00	0.06	0.00	0.00	0.00	56	57	132.63	41.64	0.00	0.00
2399	99.94	2400	2400	0.78	20939	0	0	0	2	0	0	0.00	0.00	0.00	0.00	0.00	0.06	0.00	0.00	0.00	58	58	132.70	41.86	0.00	0.00
2399	99.94	2400	2400	0.78	8405	0	0	0	3	0	0	0.00	0.00	0.00	0.00	0.00	0.06	0.00	0.00	0.00	57	58	132.97	41.88	0.00	0.00
2397	99.93	2400	2399	0.78	8455	0	0	0	1	0	0	0.00	0.00	0.01	0.00	0.00	0.07	0.00	0.00	0.00	57	58	132.59	41.89	0.00	0.00
2400	99.94	2400	2402	0.78	19489	0	0	0	0	0	0	0.00	0.00	0.00	0.00	0.00	0.06	0.00	0.00	0.00	56	57	132.82	41.92	0.00	0.00
2397	99.94	2400	2398	0.78	8307	0	0	0	0	0	0	0.00	0.00	0.00	0.00	0.00	0.06	0.00	0.00	0.00	58	58	132.59	41.87	0.00	0.00
2401	99.94	2400	2402	0.78	8221	0	0	0	0	0	0	0.00	0.00	0.00	0.00	0.00	0.06	0.00	0.00	0.00	58	58	132.91	42.00	0.00	0.00
2399	99.94	2400	2400	0.78	22478	0	0	0	0	0	0	0.00	0.00	0.00	0.00	0.00	0.06	0.00	0.00	0.00	58	58	132.48	41.68	0.00	0.00
2397	99.95	2400	2399	0.78	13162	0	0	0	0	0	0	0.00	0.00	0.00	0.00	0.00	0.05	0.00	0.00	0.00	58	58	132.18	41.41	0.00	0.00
2400	99.95	2400	2401	0.78	16426	0	0	0	2	0	0	0.00	0.00	0.00	0.00	0.00	0.05	0.00	0.00	0.00	58	59	132.15	41.65	0.00	0.00
2398	99.94	2400	2400	0.77	18059	0	0	0	2	0	0	0.00	0.00	0.00	0.00	0.00	0.06	0.00	0.00	0.00	58	59	132.56	41.77	0.00	0.00
2397	99.94	2400	2398	0.77	8261	0	0	0	1	0	0	0.00	0.00	0.00	0.00	0.00	0.06	0.00	0.00	0.00	57	58	132.17	41.81	0.00	0.00
2400	99.94	2400	2402	0.77	19570	0	0	0	0	0	0	0.00	0.00	0.00	0.00	0.00	0.06	0.00	0.00	0.00	58	57	132.10	41.66	0.00	0.00
2399	99.95	2400	2400	0.77	20537	0	0	0	0	0	0	0.00	0.00	0.00	0.00	0.00	0.05	0.00	0.00	0.00	58	59	131.38	41.23	0.00	0.00
2397	99.94	2400	2398	0.77	8220	0	0	0	0	0	0	0.00	0.00	0.00	0.00	0.00	0.06	0.00	0.00	0.00	59	58	131.56	41.22	0.00	0.00
2400	99.95	2400	2401	0.77	8245	0	0	0	0	0	0	0.00	0.00	0.00	0.00	0.00	0.05	0.00	0.00	0.00	59	59	131.65	41.78	0.00	0.00
2373	98.82	2400	2401	0.78	11654	0	0	48	20	0	0	0.00	0.68	0.45	0.00	0.00	1.18	0.00	0.00	0.00	59	59	131.06	41.28	0.00	0.00
2396	99.91	2400	2399	0.76	8324	0	0	0	5	0	0	0.00	0.00	0.04	0.00	0.00	0.09	0.00	0.00	0.00	59	58	131.36	41.47	0.00	0.00
2400	99.95	2400	2401	0.77	8198	0	0	0	0	0	0	0.00	0.00	0.00	0.00	0.00	0.05	0.00	0.00	0.00	58	58	131.22	41.35	0.00	0.00
2398	99.92	2400	2400	0.77	8246	0	0	0	3	0	0	0.00	0.00	0.02	0.00	0.00	0.08	0.00	0.00	0.00	59	58	131.87	41.82	0.00	0.00
2399	99.94	2400	2400	0.77	8222	0	0	0	2	0	0	0.00	0.00	0.01	0.00	0.00	0.06	0.00	0.00	0.00	58	59	131.31	41.54	0.00	0.00
2397	99.94	2400	2398	0.76	8411	0	0	0	0	0	0	0.00	0.00	0.00	0.00	0.00	0.06	0.00	0.00	0.00	59	59	131.44	41.62	0.00	0.00
2398	99.95	2400	2399	0.77	8634	0	0	4	13	0	0	0.00	0.00	0.00	0.00	0.00	0.05	0.00	0.00	0.00	59	59	131.55	41.65	0.00	0.00
2398	99.94	2400	2399	0.76	8315	0	0	1	0	0	0	0.00	0.00	0.00	0.00	0.00	0.06	0.00	0.00	0.00	58	59	131.65	41.80	0.00	0.00
2402	99.95	2400	2403	0.77	8308	0	0	0	1	0	0	0.00	0.00	0.00	0.00	0.00	0.05	0.00	0.00	0.00	59	59	131.38	41.60	0.00	0.00
2395	99.94	2400	2397	0.77	8279	0	0	0	2	0	0	0.00	0.00	0.00	0.00	0.00	0.06	0.00	0.00	0.00	59	59	131.18	41.55	0.00	0.00
2400	99.90	2400	2403	0.77	8232	0	0	1	4	0	0	0.00	0.00	0.05	0.00	0.00	0.10	0.00	0.00	0.00	59	59	131.44	41.63	0.00	0.00
2392	99.73	2400	2398	0.78	8238	0	0	0	17	0	0	0.00	0.00	0.21	0.00	0.00	0.27	0.00	0.00	0.00	59	59	130.63	41.10	0.00	0.00
2401	99.94	2400	2403	0.77	8221	0	0	0	0	0	0	0.00	0.00	0.00	0.00	0.00	0.06	0.00	0.00	0.00	59	59	131.59	41.43	0.00	0.00
2396	99.94	2400	2397	0.78	8240	0	0	0	0	0	0	0.00	0.00	0.00	0.00	0.00	0.06	0.00	0.00	0.00	59	59	130.54	40.93	0.00	0.00
2401	99.94	2400	2403	0.78	8231	0	0	0	0	0	0	0.00	0.00	0.00	0.00	0.00	0.06	0.00	0.00	0.00	59	59	131.57	41.42	0.00	0.00
2398	99.94	2400	2399	0.78	8260	0	0	0	0	0	0	0.00	0.00	0.00	0.00	0.00	0.06	0.00	0.00	0.00	59	59	131.05	41.19	0.00	0.00
2399	99.94	2400	2400	0.78	8221	0	0	0	0	0	0	0.00	0.00	0.00	0.00	0.00	0.06	0.00	0.00	0.00	59	59	131.17	41.22	0.00	0.00
2399	99.94	2400	2400	0.78	8276	0	0	0	0	0	0	0.00	0.00	0.00	0.00	0.00	0.06	0.00	0.00	0.00	59	60	131.25	41.26	0.00	0.00
2397	99.93	2400	2399	0.78	8196	0	0	0	1	0	0	0.00	0.00	0.01	0.00	0.00	0.07	0.00	0.00	0.00	58	59	130.79	41.12	0.00	0.00
2400	99.94	2400	2401	0.77	8272	0	0	0	0	0	0	0.00	0.00	0.00	0.00	0.00	0.06	0.00	0.00	0.00	59	59	131.32	41.47	0.00	0.00
2397	99.94	2400	2399	0.78	8169	0	0	0	0	0	0	0.00	0.00	0.00	0.00	0.00	0.06	0.00	0.00	0.00	59	59	130.56	40.93	0.00	0.00
2399	99.94	2400	2401	0.78	8303	0	0	0	0	0	0	0.00	0.00	0.00	0.00	0.00	0.06	0.00	0.00	0.00	59	59	131.31	41.29	0.00	0.00
2398	99.94	2400	2399	0.78	8167	0	0	0	1	0	0	0.00	0.00	0.00	0.00	0.00	0.06	0.00	0.00	0.00	60	59	131.16	41.05	0.00	0.00
2399	99.94	2400	2400	0.77	8307	0	0	0	0	0	0	0.00	0.00	0.00	0.00	0.00	0.06	0.00	0.00	0.00	58	59	131.32	41.55	0.00	0.00
2399	99.94	2400	2401	0.78	8342	0	0	0	0	0	0	0.00	0.00	0.00	0.00	0.00	0.06	0.00	0.00	0.00	59	60	130.77	41.33	0.00	0.00
2398	99.94	2400	2399	0.78	8301	0	0	0	0	0	0	0.00	0.00	0.00	0.00	0.00	0.06	0.00	0.00	0.00	59	59	131.11	41.05	0.00	0.00
2399	99.94	2400	2401	0.78	8343	0	0	0	0	0	0	0.00	0.00	0.00	0.00	0.00	0.06	0.00	0.00	0.00	59	59	130.98	41.27	0.00	0.00
2396	99.94	2400	2398	0.78	8253	0	0	0	0	0	0	0.00	0.00	0.00	0.00	0.00	0.06	0.00	0.00	0.00	59	59	131.01	41.06	0.00	0.00
2400	99.94	2400	2402	0.78	8213	0	0	0	0	0	0	0.00	0.00	0.00	0.00	0.00	0.06	0.00	0.00	0.00	59	58	131.30	41.17	0.00	0.00
2398	99.94	2400	2399	0.78	8295	0	0	0	0	0	0	0.00	0.00	0.00	0.00	0.00	0.06	0.00	0.00	0.00	59	59	130.89	40.98	0.00	0.00
2400	99.94	2400	2402	0.77	8245	0	0	0	0	0	0	0.00	0.00	0.00	0.00	0.00	0.06	0.00	0.00	0.00	58	59	131.34	41.28	0.00	0.00
2397	99.91	2400	2399	0.78	8216	0	0	0	4	0	0	0.00	0.00	0.03	0.00	0.00	0.09	0.00	0.00	0.00	59	59	130.97	41.28	0.00	0.00
2397	99.94	2400	2399	0.78	8270	0	0	0	1	0	0	0.00	0.00	0.00	0.00	0.00	0.06	0.00	0.00	0.00	59	59	130.80	41.01	0.00	0.00
2398	99.94	2400	2399	0.77	8424	0	0	0	0	0	0	0.00	0.00	0.00	0.00	0.00	0.06	0.00	0.00	0.00	59	59	131.21	41.23	0.00	0.00
2399	99.95	2400	2401	0.76	9479	0	0	0	0	0	0	0.00	0.00	0.00	0.00	0.00	0.05	0.00	0.00	0.00	60	60	130.76	41.39	0.00	0.00
2400	99.95	2400	2401	0.76	14176	0	0	0	0	0	0	0.00	0.00	0.00	0.00	0.00	0.05	0.00	0.00	0.00	59	60	130.79	41.49	0.00	0.00
2398	99.93	2400	2400	0.76	11819	0	0	0	4	0	0	0.00	0.00	0.02	0.00	0.00	0.07	0.00	0.00	0.00	59	59	130.29	41.25	0.00	0.00
2398	99.94	2400	2400	0.76	8241	0	0	0	1	0	0	0.00	0.00	0.00	0.00	0.00	0.06	0.00	0.00	0.00	59	59	130.39	41.21	0.00	0.00
2400	99.95	2400	2401	0.76	8311	0	0	0	0	0	0	0.00	0.00	0.00	0.00	0.00	0.05	0.00	0.00	0.00	59	59	130.26	41.16	0.00	0.00
2398	99.95	2400	2399	0.76	8217	0	0	0	0	0	0	0.00	0.00	0.00	0.00	0.00	0.05	0.00	0.00	0.00	59	59	130.52	41.39	0.00	0.00
2399	99.95	2400	2400	0.76	8283	0	0	0	0	0	0	0.00	0.00	0.00	0.00	0.00	0.05	0.00	0.00	0.00	59	59	130.64	41.46	0.00	0.00
2398	99.93	2400	2400	0.76	8306	0	0	0	4	0	0	0.00	0.00	0.02	0.00	0.00	0.07	0.00	0.00	0.00	59	59	130.51	41.15	0.00	0.00
2398	99.94	2400	2399	0.76	8228	0	0	0	1	0	0	0.00	0.00	0.01	0.00	0.00	0.06	0.00	0.00	0.00	59	59	130.03	41.20	0.00	0.00
2400	99.95	2400	2402	0.76	8210	0	0	0	1	0	0	0.00	0.00	0.00	0.00	0.00	0.05	0.00	0.00	0.00	59	59	130.33	41.35	0.00	0.00
2399	99.95	2400	2400	0.76	8283	0	0	0	0	0	0	0.00	0.00	0.00	0.00	0.00	0.05	0.00	0.00	0.00	60	59	130.31	41.18	0.00	0.00
2396	99.95	2400	2398	0.76	8239	0	0	0	0	0	0	0.00	0.00	0.00	0.00	0.00	0.05	0.00	0.00	0.00	59	60	130.28	41.39	0.00	0.00
2399	99.95	2400	2400	0.76	10678	0	0	1	0	0	0	0.00	0.00	0.00	0.00	0.00	0.05	0.00	0.00	0.00	59	59	130.01	41.16	0.00	0.00
2401	99.94	2400	2402	0.75	8492	0	0	0	1	0	0	0.00	0.00	0.01	0.00	0.00	0.06	0.00	0.00	0.00	59	59	130.01	41.36	0.00	0.00
2396	99.95	2400	2397	0.76	8378	0	0	1	0	0	0	0.00	0.00	0.00	0.00	0.00	0.05	0.00	0.00	0.00	59	59	129.64	40.85	0.00	0.00
2402	99.95	2400	2403	0.76	9366	0	0	0	3	0	0	0.00	0.00	0.00	0.00	0.00	0.05	0.00	0.00	0.00	59	59	129.45	40.92	0.00	0.00
2397	99.95	2400	2399	0.75	18392	0	0	0	0	0	0	0.00	0.00	0.00	0.00	0.00	0.05	0.00	0.00	0.00	58	59	129.24	41.04	0.00	0.00
