Avg_MHz	Busy%	Bzy_MHz	TSC_MHz	IPC	IRQ	SMI	POLL	C1	C1E	C3	C6	POLL%	C1%	C1E%	C3%	C6%	CPU%c1	CPU%c3	CPU%c6	CPU%c7	CoreTmp	PkgTmp	PkgWatt	RAMWatt	PKG_%	RAM_%
76	3.17	2398	2404	0.53	630	0	0	45	394	0	0	0.00	3.20	93.80	0.00	0.00	96.83	0.00	0.00	0.00	46	51	66.81	34.62	0.00	0.00
76	3.17	2396	2400	0.53	752	0	0	41	490	0	0	0.00	3.12	93.70	0.00	0.00	96.83	0.00	0.00	0.00	46	50	66.59	34.68	0.00	0.00
76	3.17	2397	2400	0.53	610	0	0	39	395	0	0	0.00	3.12	93.72	0.00	0.00	96.83	0.00	0.00	0.00	46	50	66.55	34.79	0.00	0.00
76	3.17	2397	2399	0.53	668	0	0	41	403	0	0	0.00	3.92	92.90	0.00	0.00	96.83	0.00	0.00	0.00	46	50	66.56	34.60	0.00	0.00
76	3.16	2396	2400	0.53	604	0	0	35	397	0	0	0.00	3.12	93.73	0.00	0.00	96.84	0.00	0.00	0.00	46	50	66.60	34.73	0.00	0.00
76	3.17	2396	2400	0.51	729	0	0	44	464	0	0	0.00	4.42	92.40	0.00	0.00	96.83	0.00	0.00	0.00	46	51	66.60	34.71	0.00	0.00
76	3.16	2397	2400	0.52	610	0	0	37	412	0	0	0.00	3.21	93.63	0.00	0.00	96.84	0.00	0.00	0.00	46	50	66.57	34.67	0.00	0.00
76	3.17	2396	2400	0.53	698	0	0	33	445	0	0	0.00	3.12	93.71	0.00	0.00	96.83	0.00	0.00	0.00	46	50	66.60	34.71	0.00	0.00
76	3.16	2397	2400	0.53	617	0	0	35	407	0	0	0.00	3.12	93.72	0.00	0.00	96.84	0.00	0.00	0.00	46	50	66.62	34.56	0.00	0.00
76	3.17	2396	2400	0.53	698	0	0	38	440	0	0	0.00	3.12	93.71	0.00	0.00	96.83	0.00	0.00	0.00	46	50	66.60	34.76	0.00	0.00
76	3.17	2397	2400	0.53	573	0	0	29	363	0	0	0.00	3.12	93.71	0.00	0.00	96.83	0.00	0.00	0.00	46	50	66.58	34.80	0.00	0.00
76	3.17	2397	2400	0.53	723	0	0	39	476	0	0	0.00	4.15	92.68	0.00	0.00	96.83	0.00	0.00	0.00	46	50	68.51	34.81	0.00	0.00
76	3.16	2398	2400	0.53	605	0	0	38	401	0	0	0.00	4.21	92.64	0.00	0.00	96.84	0.00	0.00	0.00	47	50	68.72	34.68	0.00	0.00
76	3.17	2396	2400	0.52	714	0	0	40	449	0	0	0.00	3.16	93.67	0.00	0.00	96.83	0.00	0.00	0.00	46	51	66.62	34.77	0.00	0.00
76	3.16	2397	2400	0.53	601	0	0	35	392	0	0	0.00	3.12	93.73	0.00	0.00	96.84	0.00	0.00	0.00	46	50	66.58	34.77	0.00	0.00
76	3.17	2396	2400	0.51	667	0	0	35	409	0	0	0.00	3.12	93.70	0.00	0.00	96.83	0.00	0.00	0.00	45	50	66.56	34.84	0.00	0.00
76	3.16	2397	2400	0.53	634	0	0	37	430	0	0	0.00	3.12	93.72	0.00	0.00	96.84	0.00	0.00	0.00	46	50	66.58	34.75	0.00	0.00
76	3.17	2396	2400	0.53	699	0	0	30	448	0	0	0.00	3.12	93.70	0.00	0.00	96.83	0.00	0.00	0.00	46	51	66.60	34.72	0.00	0.00
76	3.16	2397	2400	0.53	596	0	0	38	381	0	0	0.00	3.12	93.71	0.00	0.00	96.84	0.00	0.00	0.00	46	51	66.59	34.63	0.00	0.00
76	3.17	2395	2400	0.53	737	0	0	38	481	0	0	0.00	3.12	93.73	0.00	0.00	96.83	0.00	0.00	0.00	46	50	66.61	34.70	0.00	0.00
76	3.17	2397	2400	0.53	610	0	0	35	404	0	0	0.00	3.12	93.70	0.00	0.00	96.83	0.00	0.00	0.00	46	50	66.60	34.76	0.00	0.00
76	3.17	2396	2400	0.52	730	0	0	38	481	0	0	0.00	3.12	93.72	0.00	0.00	96.83	0.00	0.00	0.00	45	50	66.68	34.75	0.00	0.00
76	3.16	2397	2400	0.53	557	0	0	36	349	0	0	0.00	3.12	93.71	0.00	0.00	96.84	0.00	0.00	0.00	46	51	66.61	34.74	0.00	0.00
76	3.17	2396	2400	0.53	667	0	0	34	408	0	0	0.00	3.12	93.72	0.00	0.00	96.83	0.00	0.00	0.00	45	50	66.60	34.66	0.00	0.00
76	3.16	2397	2400	0.51	600	0	0	34	389	0	0	0.00	3.12	93.70	0.00	0.00	96.84	0.00	0.00	0.00	46	50	66.59	34.65	0.00	0.00
76	3.18	2396	2400	0.53	700	0	0	37	441	0	0	0.00	3.12	93.71	0.00	0.00	96.82	0.00	0.00	0.00	46	50	66.60	34.64	0.00	0.00
76	3.16	2397	2400	0.53	650	0	0	37	450	0	0	0.00	4.52	92.31	0.00	0.00	96.84	0.00	0.00	0.00	45	51	69.30	34.76	0.00	0.00
76	3.17	2397	2400	0.53	709	0	0	41	455	0	0	0.00	4.57	92.27	0.00	0.00	96.83	0.00	0.00	0.00	46	50	69.43	34.74	0.00	0.00
76	3.16	2397	2400	0.53	660	0	0	41	443	0	0	0.00	3.16	93.68	0.00	0.00	96.84	0.00	0.00	0.00	45	50	66.67	34.66	0.00	0.00
76	3.17	2396	2400	0.52	688	0	0	38	427	0	0	0.00	3.12	93.72	0.00	0.00	96.83	0.00	0.00	0.00	46	50	66.59	34.68	0.00	0.00
76	3.17	2397	2400	0.53	599	0	0	37	386	0	0	0.00	3.12	93.71	0.00	0.00	96.83	0.00	0.00	0.00	46	50	66.47	34.73	0.00	0.00
76	3.17	2395	2400	0.53	714	0	0	40	458	0	0	0.00	3.12	93.72	0.00	0.00	96.83	0.00	0.00	0.00	46	51	66.61	34.65	0.00	0.00
76	3.16	2397	2400	0.53	611	0	0	40	401	0	0	0.00	3.20	93.63	0.00	0.00	96.84	0.00	0.00	0.00	46	50	66.57	34.67	0.00	0.00
76	3.17	2395	2400	0.51	733	0	0	38	468	0	0	0.00	3.12	93.72	0.00	0.00	96.83	0.00	0.00	0.00	46	51	66.55	34.70	0.00	0.00
76	3.16	2397	2400	0.53	621	0	0	37	415	0	0	0.00	3.28	93.55	0.00	0.00	96.84	0.00	0.00	0.00	46	50	66.56	34.65	0.00	0.00
76	3.17	2396	2400	0.53	713	0	0	42	448	0	0	0.00	3.14	93.70	0.00	0.00	96.83	0.00	0.00	0.00	46	50	66.65	34.73	0.00	0.00
76	3.16	2397	2400	0.53	635	0	0	34	427	0	0	0.00	3.12	93.72	0.00	0.00	96.84	0.00	0.00	0.00	46	50	66.61	34.79	0.00	0.00
76	3.17	2397	2400	0.52	739	0	0	39	473	0	0	0.00	3.12	93.70	0.00	0.00	96.83	0.00	0.00	0.00	46	50	66.60	34.75	0.00	0.00
76	3.16	2397	2400	0.53	607	0	0	37	389	0	0	0.00	3.12	93.73	0.00	0.00	96.84	0.00	0.00	0.00	46	50	66.56	34.61	0.00	0.00
76	3.17	2396	2400	0.53	666	0	0	41	410	0	0	0.00	3.12	93.72	0.00	0.00	96.83	0.00	0.00	0.00	46	51	66.59	34.68	0.00	0.00
76	3.17	2397	2400	0.53	587	0	0	38	379	0	0	0.00	3.12	93.70	0.00	0.00	96.83	0.00	0.00	0.00	46	50	66.54	34.76	0.00	0.00
76	3.17	2396	2400	0.53	733	0	0	41	484	0	0	0.00	3.51	93.32	0.00	0.00	96.83	0.00	0.00	0.00	46	51	66.63	34.68	0.00	0.00
76	3.16	2397	2400	0.51	595	0	0	34	385	0	0	0.00	3.12	93.72	0.00	0.00	96.84	0.00	0.00	0.00	46	51	66.58	34.67	0.00	0.00
76	3.17	2396	2400	0.53	677	0	0	39	428	0	0	0.00	3.12	93.71	0.00	0.00	96.83	0.00	0.00	0.00	45	52	66.57	34.66	0.00	0.00
76	3.16	2397	2400	0.53	564	0	0	32	356	0	0	0.00	3.12	93.73	0.00	0.00	96.84	0.00	0.00	0.00	46	51	66.65	34.63	0.00	0.00
76	3.17	2396	2400	0.52	742	0	0	39	484	0	0	0.00	3.12	93.69	0.00	0.00	96.83	0.00	0.00	0.00	46	51	66.54	34.59	0.00	0.00
76	3.16	2397	2400	0.53	603	0	0	32	403	0	0	0.00	3.12	93.72	0.00	0.00	96.84	0.00	0.00	0.00	47	50	66.50	34.71	0.00	0.00
76	3.17	2396	2400	0.53	671	0	0	37	413	0	0	0.00	3.12	93.72	0.00	0.00	96.83	0.00	0.00	0.00	46	50	66.58	34.69	0.00	0.00
76	3.16	2397	2400	0.53	602	0	0	33	397	0	0	0.00	3.12	93.71	0.00	0.00	96.84	0.00	0.00	0.00	46	52	66.63	34.73	0.00	0.00
77	3.22	2397	2400	0.54	927	0	0	184	556	0	0	0.00	33.73	63.06	0.00	0.00	96.78	0.00	0.00	0.00	46	50	71.46	34.73	0.00	0.00
77	3.22	2396	2400	0.54	854	0	0	58	656	0	0	0.00	3.08	93.69	0.00	0.00	96.78	0.00	0.00	0.00	47	51	66.65	34.61	0.00	0.00
76	3.17	2396	2400	0.51	726	0	0	47	469	0	0	0.00	3.26	93.57	0.00	0.00	96.83	0.00	0.00	0.00	47	50	66.63	34.78	0.00	0.00
76	3.16	2396	2401	0.53	638	0	0	33	420	0	0	0.00	3.12	93.74	0.00	0.00	96.84	0.00	0.00	0.00	46	50	66.60	34.62	0.00	0.00
76	3.17	2396	2399	0.52	686	0	0	37	440	0	0	0.00	3.12	93.69	0.00	0.00	96.83	0.00	0.00	0.00	46	50	66.57	34.72	0.00	0.00
76	3.17	2396	2400	0.53	668	0	0	42	437	0	0	0.00	6.39	90.46	0.00	0.00	96.83	0.00	0.00	0.00	47	51	66.64	34.62	0.00	0.00
76	3.17	2398	2399	0.53	628	0	0	53	372	0	0	0.00	4.37	92.45	0.00	0.00	96.83	0.00	0.00	0.00	46	51	66.50	34.70	0.00	0.00
76	3.16	2397	2400	0.53	613	0	0	34	409	0	0	0.00	3.12	93.73	0.00	0.00	96.84	0.00	0.00	0.00	46	50	66.60	34.67	0.00	0.00
76	3.17	2397	2400	0.53	725	0	0	47	467	0	0	0.00	4.82	92.01	0.00	0.00	96.83	0.00	0.00	0.00	46	50	67.64	34.68	0.00	0.00
76	3.16	2397	2400	0.53	571	0	0	33	356	0	0	0.00	3.12	93.73	0.00	0.00	96.84	0.00	0.00	0.00	46	51	66.59	34.71	0.00	0.00
76	3.16	2397	2399	0.51	678	0	0	43	421	0	0	0.00	3.95	92.87	0.00	0.00	96.84	0.00	0.00	0.00	46	51	66.56	34.67	0.00	0.00
76	3.17	2396	2401	0.53	627	0	0	42	398	0	0	0.00	4.54	92.32	0.00	0.00	96.83	0.00	0.00	0.00	46	50	66.68	34.80	0.00	0.00
76	3.17	2396	2400	0.52	677	0	0	31	422	0	0	0.00	3.12	93.70	0.00	0.00	96.83	0.00	0.00	0.00	46	50	66.53	34.78	0.00	0.00
76	3.16	2397	2400	0.53	614	0	0	35	401	0	0	0.00	6.02	90.82	0.00	0.00	96.84	0.00	0.00	0.00	46	51	66.60	34.77	0.00	0.00
76	3.17	2396	2400	0.53	698	0	0	44	438	0	0	0.00	3.40	93.44	0.00	0.00	96.83	0.00	0.00	0.00	46	50	66.54	34.72	0.00	0.00
76	3.16	2397	2400	0.53	612	0	0	37	390	0	0	0.00	3.12	93.71	0.00	0.00	96.84	0.00	0.00	0.00	47	51	66.53	34.70	0.00	0.00
76	3.17	2396	2400	0.53	719	0	0	41	462	0	0	0.00	3.12	93.72	0.00	0.00	96.83	0.00	0.00	0.00	47	51	66.62	34.59	0.00	0.00
76	3.16	2397	2400	0.53	608	0	0	33	393	0	0	0.00	3.12	93.71	0.00	0.00	96.84	0.00	0.00	0.00	46	51	66.46	34.79	0.00	0.00
76	3.17	2397	2400	0.51	643	0	0	35	397	0	0	0.00	3.12	93.71	0.00	0.00	96.83	0.00	0.00	0.00	46	50	66.60	34.61	0.00	0.00
76	3.16	2397	2400	0.53	624	0	0	37	400	0	0	0.00	3.12	93.73	0.00	0.00	96.84	0.00	0.00	0.00	46	52	66.50	34.77	0.00	0.00
76	3.17	2397	2400	0.52	716	0	0	36	464	0	0	0.00	3.12	93.70	0.00	0.00	96.83	0.00	0.00	0.00	46	50	66.52	34.63	0.00	0.00
76	3.17	2396	2400	0.53	682	0	0	39	457	0	0	0.00	3.12	93.72	0.00	0.00	96.83	0.00	0.00	0.00	47	51	66.57	34.83	0.00	0.00
76	3.17	2397	2400	0.53	677	0	0	42	429	0	0	0.00	5.63	91.21	0.00	0.00	96.83	0.00	0.00	0.00	46	51	71.53	34.71	0.00	0.00
76	3.16	2398	2400	0.53	632	0	0	36	419	0	0	0.00	5.68	91.15	0.00	0.00	96.84	0.00	0.00	0.00	47	50	71.53	34.60	0.00	0.00
76	3.17	2397	2400	0.53	710	0	0	36	456	0	0	0.00	3.16	93.68	0.00	0.00	96.83	0.00	0.00	0.00	47	50	66.57	34.66	0.00	0.00
76	3.16	2396	2400	0.53	634	0	0	34	411	0	0	0.00	3.12	93.73	0.00	0.00	96.84	0.00	0.00	0.00	46	50	66.64	34.70	0.00	0.00
76	3.17	2397	2400	0.53	656	0	0	38	405	0	0	0.00	3.12	93.70	0.00	0.00	96.83	0.00	0.00	0.00	47	50	66.50	34.61	0.00	0.00
76	3.16	2397	2400	0.52	653	0	0	40	426	0	0	0.00	3.12	93.71	0.00	0.00	96.84	0.00	0.00	0.00	46	51	66.57	34.73	0.00	0.00
76	3.17	2396	2400	0.52	735	0	0	32	490	0	0	0.00	3.12	93.71	0.00	0.00	96.83	0.00	0.00	0.00	46	50	66.62	34.65	0.00	0.00
76	3.16	2397	2400	0.53	620	0	0	34	391	0	0	0.00	3.12	93.73	0.00	0.00	96.84	0.00	0.00	0.00	47	51	66.60	34.60	0.00	0.00
76	3.17	2396	2400	0.53	627	0	0	37	365	0	0	0.00	4.08	92.76	0.00	0.00	96.83	0.00	0.00	0.00	47	52	66.53	34.67	0.00	0.00
76	3.17	2397	2400	0.53	626	0	0	29	401	0	0	0.00	3.12	93.71	0.00	0.00	96.83	0.00	0.00	0.00	47	51	66.56	34.60	0.00	0.00
76	3.17	2396	2400	0.53	723	0	0	29	470	0	0	0.00	3.12	93.71	0.00	0.00	96.83	0.00	0.00	0.00	47	52	66.53	34.78	0.00	0.00
76	3.16	2397	2400	0.53	642	0	0	29	431	0	0	0.00	3.12	93.72	0.00	0.00	96.84	0.00	0.00	0.00	46	51	66.45	34.68	0.00	0.00
76	3.17	2396	2400	0.53	710	0	0	39	456	0	0	0.00	3.12	93.71	0.00	0.00	96.83	0.00	0.00	0.00	47	51	66.54	34.81	0.00	0.00
76	3.16	2397	2400	0.52	611	0	0	36	389	0	0	0.00	3.12	93.71	0.00	0.00	96.84	0.00	0.00	0.00	46	51	66.55	34.79	0.00	0.00
76	3.18	2396	2400	0.53	679	0	0	44	422	0	0	0.00	3.88	92.95	0.00	0.00	96.82	0.00	0.00	0.00	46	51	66.59	34.75	0.00	0.00
76	3.17	2397	2400	0.52	624	0	0	41	404	0	0	0.00	6.00	90.82	0.00	0.00	96.83	0.00	0.00	0.00	46	51	72.23	34.79	0.00	0.00
76	3.17	2398	2400	0.53	684	0	0	40	440	0	0	0.00	6.04	90.80	0.00	0.00	96.83	0.00	0.00	0.00	47	51	72.21	34.73	0.00	0.00
76	3.16	2397	2400	0.53	604	0	0	37	380	0	0	0.00	3.15	93.69	0.00	0.00	96.84	0.00	0.00	0.00	47	51	66.53	34.61	0.00	0.00
76	3.17	2396	2400	0.53	689	0	0	31	438	0	0	0.00	3.12	93.72	0.00	0.00	96.83	0.00	0.00	0.00	46	51	66.68	34.84	0.00	0.00
76	3.16	2397	2400	0.53	569	0	0	32	346	0	0	0.00	3.12	93.71	0.00	0.00	96.84	0.00	0.00	0.00	46	52	66.56	34.67	0.00	0.00
76	3.17	2397	2400	0.53	686	0	0	36	433	0	0	0.00	3.12	93.71	0.00	0.00	96.83	0.00	0.00	0.00	46	50	66.62	34.76	0.00	0.00
76	3.16	2397	2400	0.52	600	0	0	34	385	0	0	0.00	3.12	93.72	0.00	0.00	96.84	0.00	0.00	0.00	47	51	66.61	34.69	0.00	0.00
76	3.17	2396	2400	0.53	731	0	0	36	478	0	0	0.00	3.12	93.70	0.00	0.00	96.83	0.00	0.00	0.00	47	50	66.62	34.70	0.00	0.00
76	3.16	2397	2400	0.53	595	0	0	31	371	0	0	0.00	3.12	93.72	0.00	0.00	96.84	0.00	0.00	0.00	47	51	66.61	34.67	0.00	0.00
76	3.16	2396	2400	0.51	648	0	0	36	392	0	0	0.00	3.12	93.73	0.00	0.00	96.84	0.00	0.00	0.00	47	50	66.50	34.83	0.00	0.00
76	3.16	2397	2399	0.53	591	0	0	32	368	0	0	0.00	3.12	93.70	0.00	0.00	96.84	0.00	0.00	0.00	46	50	66.67	34.75	0.00	0.00
76	3.17	2395	2400	0.53	701	0	0	34	459	0	0	0.00	3.12	93.72	0.00	0.00	96.83	0.00	0.00	0.00	48	51	66.52	34.87	0.00	0.00
76	3.16	2397	2400	0.53	610	0	0	37	387	0	0	0.00	3.12	93.72	0.00	0.00	96.84	0.00	0.00	0.00	47	51	66.55	34.67	0.00	0.00
76	3.17	2397	2400	0.53	674	0	0	35	423	0	0	0.00	3.12	93.70	0.00	0.00	96.83	0.00	0.00	0.00	46	51	66.60	34.85	0.00	0.00
77	3.20	2394	2398	0.52	399	0	0	21	309	0	0	0.00	3.12	93.61	0.00	0.00	96.80	0.00	0.00	0.00	47	51	66.57	34.83	0.00	0.00
