Avg_MHz	Busy%	Bzy_MHz	TSC_MHz	IPC	IRQ	SMI	POLL	C1	C1E	C3	C6	POLL%	C1%	C1E%	C3%	C6%	CPU%c1	CPU%c3	CPU%c6	CPU%c7	CoreTmp	PkgTmp	PkgWatt	RAMWatt	PKG_%	RAM_%
151	6.30	2400	2401	1.26	1312	0	0	2	846	0	0	0.00	0.02	93.72	0.00	0.00	93.70	0.00	0.00	0.00	48	52	78.83	35.62	0.00	0.00
151	6.30	2400	2400	1.27	1045	0	0	4	552	0	0	0.00	0.04	93.67	0.00	0.00	93.70	0.00	0.00	0.00	48	52	78.88	35.45	0.00	0.00
151	6.30	2400	2400	1.28	1013	0	0	11	533	0	0	0.00	0.09	93.61	0.00	0.00	93.70	0.00	0.00	0.00	48	52	78.93	35.59	0.00	0.00
151	6.30	2400	2400	1.31	997	0	0	14	489	0	0	0.00	1.33	92.37	0.00	0.00	93.70	0.00	0.00	0.00	49	52	78.94	35.43	0.00	0.00
151	6.31	2400	2400	1.34	1085	0	0	75	611	0	0	0.00	3.64	90.06	0.00	0.00	93.69	0.00	0.00	0.00	48	52	79.14	35.64	0.00	0.00
151	6.31	2400	2400	1.41	1167	0	0	12	731	0	0	0.00	0.26	93.44	0.00	0.00	93.69	0.00	0.00	0.00	48	51	79.31	35.45	0.00	0.00
151	6.30	2400	2400	1.36	1027	0	0	12	614	0	0	0.00	0.67	93.04	0.00	0.00	93.70	0.00	0.00	0.00	48	52	79.18	35.43	0.00	0.00
151	6.30	2400	2400	1.44	1174	0	0	12	699	0	0	0.00	0.78	92.92	0.00	0.00	93.70	0.00	0.00	0.00	48	53	79.34	35.69	0.00	0.00
154	6.42	2400	2400	1.51	1511	0	0	110	1044	0	0	0.00	1.75	91.82	0.00	0.00	93.58	0.00	0.00	0.00	48	52	79.61	35.51	0.00	0.00
156	6.51	2400	2400	1.46	2657	0	0	223	2239	0	0	0.00	3.57	89.93	0.00	0.00	93.49	0.00	0.00	0.00	47	52	79.23	35.58	0.00	0.00
138	5.77	2400	2400	1.36	3249	0	0	331	2821	0	0	0.00	6.16	88.09	0.00	0.00	94.23	0.00	0.00	0.00	48	52	78.32	35.59	0.00	0.00
120	5.02	2400	2400	1.46	1553	0	0	145	1164	0	0	0.00	4.82	90.16	0.00	0.00	94.98	0.00	0.00	0.00	48	52	77.58	35.62	0.00	0.00
155	6.44	2400	2400	1.26	2002	0	0	321	1560	0	0	0.00	3.72	89.84	0.00	0.00	93.56	0.00	0.00	0.00	48	52	78.58	35.80	0.00	0.00
159	6.64	2400	2400	1.39	3935	0	0	332	3426	0	0	0.00	3.55	89.82	0.00	0.00	93.36	0.00	0.00	0.00	48	52	78.89	35.78	0.00	0.00
157	6.52	2400	2400	1.30	2628	0	0	353	2194	0	0	0.00	3.25	90.24	0.00	0.00	93.48	0.00	0.00	0.00	47	51	78.70	35.91	0.00	0.00
156	6.51	2400	2400	1.35	3186	0	0	432	2678	0	0	0.00	4.17	89.33	0.00	0.00	93.49	0.00	0.00	0.00	47	52	78.59	35.81	0.00	0.00
157	6.54	2400	2400	1.35	3676	0	0	356	3247	0	0	0.00	3.25	90.22	0.00	0.00	93.46	0.00	0.00	0.00	49	52	78.71	35.78	0.00	0.00
156	6.52	2400	2400	1.37	2954	0	0	285	2592	0	0	0.00	3.36	90.11	0.00	0.00	93.48	0.00	0.00	0.00	47	52	78.74	35.77	0.00	0.00
157	6.52	2400	2400	1.27	2812	0	0	299	2396	0	0	0.00	3.22	90.29	0.00	0.00	93.48	0.00	0.00	0.00	48	52	78.60	35.95	0.00	0.00
159	6.65	2400	2400	1.40	2255	0	0	317	1715	0	0	0.00	4.12	89.24	0.00	0.00	93.35	0.00	0.00	0.00	47	51	78.79	35.92	0.00	0.00
160	6.67	2400	2400	1.25	2298	0	0	306	1831	0	0	0.00	4.79	88.55	0.00	0.00	93.33	0.00	0.00	0.00	47	50	78.40	35.91	0.00	0.00
159	6.63	2400	2400	1.30	2945	0	0	365	2426	0	0	0.00	4.01	89.36	0.00	0.00	93.37	0.00	0.00	0.00	48	50	78.85	35.67	0.00	0.00
157	6.54	2400	2400	1.30	2477	0	0	300	2025	0	0	0.00	3.50	89.98	0.00	0.00	93.46	0.00	0.00	0.00	47	50	78.46	35.85	0.00	0.00
159	6.61	2400	2400	1.35	2825	0	0	331	2393	0	0	0.00	3.79	89.60	0.00	0.00	93.39	0.00	0.00	0.00	47	51	78.51	35.81	0.00	0.00
216	9.02	2400	2400	1.34	4330	0	0	472	4558	0	0	0.00	3.37	87.63	0.00	0.00	90.98	0.00	0.00	0.00	48	51	80.77	35.86	0.00	0.00
156	6.52	2400	2400	1.31	2860	0	0	261	2462	0	0	0.00	3.45	90.04	0.00	0.00	93.48	0.00	0.00	0.00	47	51	78.66	35.80	0.00	0.00
156	6.51	2400	2400	1.32	2879	0	0	291	2573	0	0	0.00	3.29	90.21	0.00	0.00	93.49	0.00	0.00	0.00	48	52	78.68	35.87	0.00	0.00
156	6.50	2400	2400	1.38	3005	0	0	265	2631	0	0	0.00	3.51	89.99	0.00	0.00	93.50	0.00	0.00	0.00	47	53	78.71	35.64	0.00	0.00
157	6.54	2400	2400	1.30	3116	0	0	324	2790	0	0	0.00	3.22	90.26	0.00	0.00	93.46	0.00	0.00	0.00	47	51	78.66	35.78	0.00	0.00
156	6.50	2400	2400	1.34	2956	0	0	331	2449	0	0	0.00	4.43	89.09	0.00	0.00	93.50	0.00	0.00	0.00	47	52	78.61	35.87	0.00	0.00
156	6.52	2400	2400	1.41	3430	0	0	291	2988	0	0	0.00	3.26	90.22	0.00	0.00	93.48	0.00	0.00	0.00	47	52	78.99	35.76	0.00	0.00
161	6.72	2400	2400	1.48	2955	0	0	973	3015	0	0	0.00	11.61	81.67	0.00	0.00	93.28	0.00	0.00	0.00	47	52	79.11	35.45	0.00	0.00
170	7.09	2400	2400	1.40	8366	0	0	2228	6211	0	0	0.00	45.12	47.83	0.00	0.00	92.91	0.00	0.00	0.00	47	52	79.27	35.68	0.00	0.00
157	6.53	2400	2400	1.32	3362	0	0	335	2975	0	0	0.00	3.40	90.08	0.00	0.00	93.47	0.00	0.00	0.00	47	51	78.64	35.70	0.00	0.00
157	6.53	2400	2400	1.34	3429	0	0	299	2973	0	0	0.00	3.29	90.20	0.00	0.00	93.47	0.00	0.00	0.00	47	51	78.70	35.73	0.00	0.00
158	6.58	2400	2400	1.37	3687	0	0	299	3252	0	0	0.00	3.82	89.60	0.00	0.00	93.42	0.00	0.00	0.00	47	50	78.83	35.69	0.00	0.00
156	6.49	2400	2400	1.34	2605	0	0	307	2261	0	0	0.00	3.22	90.31	0.00	0.00	93.51	0.00	0.00	0.00	47	50	78.39	35.81	0.00	0.00
157	6.54	2400	2400	1.27	2853	0	0	314	2413	0	0	0.00	3.38	90.09	0.00	0.00	93.46	0.00	0.00	0.00	47	51	78.64	35.89	0.00	0.00
156	6.52	2400	2400	1.32	2840	0	0	334	2490	0	0	0.00	3.59	89.91	0.00	0.00	93.48	0.00	0.00	0.00	48	51	78.64	35.92	0.00	0.00
158	6.57	2400	2400	1.31	3594	0	0	321	3169	0	0	0.00	3.31	90.14	0.00	0.00	93.43	0.00	0.00	0.00	46	50	78.67	35.77	0.00	0.00
155	6.44	2400	2400	1.44	2515	0	0	173	2060	0	0	0.00	3.50	90.07	0.00	0.00	93.56	0.00	0.00	0.00	47	50	78.78	35.71	0.00	0.00
157	6.56	2400	2400	1.29	3084	0	0	376	2619	0	0	0.00	3.31	90.15	0.00	0.00	93.44	0.00	0.00	0.00	47	51	78.59	35.80	0.00	0.00
155	6.48	2400	2400	1.40	2930	0	0	293	2527	0	0	0.00	3.27	90.25	0.00	0.00	93.52	0.00	0.00	0.00	47	51	78.75	35.84	0.00	0.00
158	6.57	2400	2400	1.32	3693	0	0	334	3356	0	0	0.00	3.32	90.12	0.00	0.00	93.43	0.00	0.00	0.00	47	50	78.60	35.80	0.00	0.00
157	6.55	2400	2400	1.38	4920	0	0	422	4298	0	0	0.00	3.73	89.74	0.00	0.00	93.45	0.00	0.00	0.00	46	50	78.69	35.79	0.00	0.00
157	6.54	2400	2400	1.34	3228	0	0	308	2792	0	0	0.00	2.83	90.64	0.00	0.00	93.46	0.00	0.00	0.00	47	50	78.77	35.82	0.00	0.00
158	6.57	2400	2400	1.32	2956	0	0	310	2638	0	0	0.00	3.49	89.96	0.00	0.00	93.43	0.00	0.00	0.00	48	51	78.56	35.70	0.00	0.00
157	6.53	2400	2400	1.33	3197	0	0	291	2795	0	0	0.00	3.26	90.23	0.00	0.00	93.47	0.00	0.00	0.00	46	51	78.67	35.68	0.00	0.00
157	6.52	2400	2400	1.31	2839	0	0	325	2499	0	0	0.00	3.18	90.31	0.00	0.00	93.48	0.00	0.00	0.00	47	50	78.62	35.99	0.00	0.00
158	6.60	2400	2399	1.38	3171	0	0	253	2718	0	0	0.00	3.47	89.92	0.00	0.00	93.40	0.00	0.00	0.00	48	52	78.79	35.60	0.00	0.00
159	6.61	2400	2400	1.39	3875	0	0	310	3390	0	0	0.00	3.26	90.15	0.00	0.00	93.39	0.00	0.00	0.00	48	51	78.89	35.78	0.00	0.00
157	6.55	2400	2400	1.42	3416	0	0	266	2977	0	0	0.00	3.45	90.02	0.00	0.00	93.45	0.00	0.00	0.00	47	51	78.91	35.70	0.00	0.00
157	6.54	2400	2400	1.31	2940	0	0	298	2623	0	0	0.00	3.16	90.32	0.00	0.00	93.46	0.00	0.00	0.00	47	52	78.54	35.91	0.00	0.00
158	6.60	2400	2400	1.26	3191	0	0	328	2705	0	0	0.00	3.20	90.21	0.00	0.00	93.40	0.00	0.00	0.00	47	52	78.73	35.90	0.00	0.00
157	6.53	2400	2400	1.33	3159	0	0	310	2665	0	0	0.00	3.54	89.93	0.00	0.00	93.47	0.00	0.00	0.00	48	50	78.62	35.85	0.00	0.00
157	6.53	2400	2399	1.39	2854	0	0	221	2443	0	0	0.00	3.21	90.25	0.00	0.00	93.47	0.00	0.00	0.00	47	51	78.84	35.44	0.00	0.00
152	6.33	2400	2401	1.32	2755	0	0	305	2345	0	0	0.00	3.19	90.52	0.00	0.00	93.67	0.00	0.00	0.00	46	52	78.46	35.77	0.00	0.00
156	6.48	2400	2400	1.40	2657	0	0	194	2201	0	0	0.00	3.98	89.54	0.00	0.00	93.52	0.00	0.00	0.00	47	50	78.72	35.63	0.00	0.00
156	6.52	2400	2400	1.39	2932	0	0	206	2536	0	0	0.00	3.19	90.29	0.00	0.00	93.48	0.00	0.00	0.00	46	50	78.79	35.50	0.00	0.00
157	6.53	2400	2400	1.32	3008	0	0	317	2631	0	0	0.00	3.23	90.26	0.00	0.00	93.47	0.00	0.00	0.00	47	51	78.67	35.80	0.00	0.00
156	6.49	2400	2400	1.34	2952	0	0	339	2462	0	0	0.00	3.35	90.17	0.00	0.00	93.51	0.00	0.00	0.00	47	50	78.56	35.67	0.00	0.00
155	6.46	2400	2400	1.36	2373	0	0	308	1921	0	0	0.00	3.76	89.79	0.00	0.00	93.54	0.00	0.00	0.00	46	51	78.41	35.83	0.00	0.00
155	6.48	2400	2400	1.35	2454	0	0	303	2047	0	0	0.00	3.20	90.33	0.00	0.00	93.52	0.00	0.00	0.00	47	50	78.40	35.81	0.00	0.00
157	6.55	2400	2400	1.29	2690	0	0	298	2284	0	0	0.00	3.15	90.31	0.00	0.00	93.45	0.00	0.00	0.00	47	49	78.58	35.71	0.00	0.00
157	6.52	2400	2400	1.33	3139	0	0	308	2779	0	0	0.00	3.24	90.24	0.00	0.00	93.48	0.00	0.00	0.00	46	50	78.67	35.85	0.00	0.00
157	6.54	2400	2400	1.30	3312	0	0	336	2833	0	0	0.00	5.56	87.92	0.00	0.00	93.46	0.00	0.00	0.00	47	51	78.55	35.65	0.00	0.00
156	6.49	2400	2400	1.36	3029	0	0	291	2744	0	0	0.00	3.18	90.32	0.00	0.00	93.51	0.00	0.00	0.00	46	50	78.60	35.68	0.00	0.00
156	6.51	2400	2400	1.33	3459	0	0	313	3089	0	0	0.00	3.54	89.97	0.00	0.00	93.49	0.00	0.00	0.00	48	50	78.57	35.96	0.00	0.00
156	6.49	2400	2400	1.34	3488	0	0	318	3151	0	0	0.00	3.11	90.41	0.00	0.00	93.51	0.00	0.00	0.00	47	51	78.55	35.55	0.00	0.00
156	6.49	2400	2400	1.32	2882	0	0	299	2493	0	0	0.00	3.16	90.36	0.00	0.00	93.51	0.00	0.00	0.00	46	51	78.56	35.74	0.00	0.00
156	6.52	2400	2400	1.32	4299	0	0	306	3479	0	0	0.00	3.85	89.64	0.00	0.00	93.48	0.00	0.00	0.00	47	51	78.63	35.64	0.00	0.00
158	6.59	2400	2400	1.27	2902	0	0	319	2481	0	0	0.00	3.31	90.12	0.00	0.00	93.41	0.00	0.00	0.00	47	51	78.70	35.91	0.00	0.00
157	6.55	2400	2400	1.28	3910	0	0	345	3210	0	0	0.00	3.18	90.27	0.00	0.00	93.45	0.00	0.00	0.00	47	51	78.65	35.85	0.00	0.00
155	6.46	2400	2400	1.31	2309	0	0	276	1850	0	0	0.00	3.14	90.42	0.00	0.00	93.54	0.00	0.00	0.00	47	51	78.62	36.14	0.00	0.00
159	6.61	2400	2399	1.36	4186	0	0	839	3794	0	0	0.00	32.98	60.40	0.00	0.00	93.39	0.00	0.00	0.00	47	51	78.86	35.62	0.00	0.00
166	6.91	2400	2400	1.39	3997	0	0	492	3544	0	0	0.00	3.96	89.14	0.00	0.00	93.09	0.00	0.00	0.00	47	50	79.25	35.56	0.00	0.00
159	6.62	2400	2400	1.42	3163	0	0	499	2888	0	0	0.00	3.81	89.59	0.00	0.00	93.38	0.00	0.00	0.00	48	51	79.08	35.55	0.00	0.00
158	6.60	2400	2400	1.43	3130	0	0	443	3070	0	0	0.00	2.71	90.70	0.00	0.00	93.40	0.00	0.00	0.00	47	51	79.08	35.70	0.00	0.00
159	6.63	2400	2400	1.46	3057	0	0	405	3044	0	0	0.00	3.54	89.83	0.00	0.00	93.37	0.00	0.00	0.00	47	50	79.21	35.75	0.00	0.00
156	6.50	2400	2400	1.35	2952	0	0	303	2535	0	0	0.00	3.13	90.39	0.00	0.00	93.50	0.00	0.00	0.00	47	51	78.71	36.02	0.00	0.00
156	6.51	2400	2400	1.35	3897	0	0	312	3556	0	0	0.00	3.44	90.06	0.00	0.00	93.49	0.00	0.00	0.00	47	50	78.66	35.83	0.00	0.00
157	6.53	2400	2400	1.33	4045	0	0	322	3558	0	0	0.00	3.36	90.12	0.00	0.00	93.47	0.00	0.00	0.00	47	50	78.67	35.78	0.00	0.00
158	6.56	2400	2400	1.29	3383	0	0	336	3030	0	0	0.00	3.16	90.30	0.00	0.00	93.44	0.00	0.00	0.00	47	50	78.67	35.82	0.00	0.00
157	6.53	2400	2400	1.38	4032	0	0	295	3605	0	0	0.00	3.26	90.21	0.00	0.00	93.47	0.00	0.00	0.00	46	50	78.81	35.76	0.00	0.00
157	6.52	2400	2400	1.32	3942	0	0	327	3593	0	0	0.00	4.39	89.09	0.00	0.00	93.48	0.00	0.00	0.00	47	50	78.60	35.87	0.00	0.00
156	6.52	2400	2400	1.33	3571	0	0	358	3130	0	0	0.00	3.57	89.94	0.00	0.00	93.48	0.00	0.00	0.00	47	50	78.69	35.81	0.00	0.00
158	6.58	2400	2400	1.44	3568	0	0	535	3363	0	0	0.00	4.57	88.87	0.00	0.00	93.42	0.00	0.00	0.00	47	50	79.14	35.63	0.00	0.00
157	6.55	2400	2400	1.46	3431	0	0	469	3395	0	0	0.00	3.88	89.58	0.00	0.00	93.45	0.00	0.00	0.00	48	52	78.99	35.83	0.00	0.00
157	6.56	2400	2400	1.39	2600	0	0	375	2419	0	0	0.00	4.76	88.70	0.00	0.00	93.44	0.00	0.00	0.00	48	51	78.84	35.74	0.00	0.00
156	6.50	2400	2400	1.33	2422	0	0	298	1975	0	0	0.00	3.56	89.96	0.00	0.00	93.50	0.00	0.00	0.00	49	51	78.43	35.79	0.00	0.00
155	6.46	2400	2400	1.36	2427	0	0	282	2018	0	0	0.00	4.71	88.82	0.00	0.00	93.54	0.00	0.00	0.00	46	51	78.47	35.88	0.00	0.00
157	6.54	2400	2400	1.31	3069	0	0	340	2524	0	0	0.00	3.24	90.24	0.00	0.00	93.46	0.00	0.00	0.00	46	50	78.70	35.79	0.00	0.00
160	6.65	2400	2400	1.37	3030	0	0	785	3137	0	0	0.00	3.56	89.80	0.00	0.00	93.35	0.00	0.00	0.00	48	50	78.72	35.71	0.00	0.00
159	6.63	2400	2400	1.36	5067	0	0	554	4131	0	0	0.00	4.28	89.10	0.00	0.00	93.37	0.00	0.00	0.00	47	50	78.67	35.88	0.00	0.00
158	6.57	2400	2400	1.34	2876	0	0	410	2716	0	0	0.00	3.68	89.76	0.00	0.00	93.43	0.00	0.00	0.00	47	50	78.81	35.93	0.00	0.00
158	6.58	2400	2400	1.37	4111	0	0	277	3686	0	0	0.00	2.82	90.61	0.00	0.00	93.42	0.00	0.00	0.00	47	50	78.74	35.91	0.00	0.00
156	6.51	2400	2400	1.34	3593	0	0	292	3286	0	0	0.00	3.44	90.08	0.00	0.00	93.49	0.00	0.00	0.00	47	50	78.65	35.82	0.00	0.00
157	6.54	2400	2400	1.32	3963	0	0	313	3465	0	0	0.00	3.32	90.15	0.00	0.00	93.46	0.00	0.00	0.00	47	51	78.55	35.54	0.00	0.00
157	6.52	2400	2400	1.31	3682	0	0	313	3400	0	0	0.00	3.15	90.33	0.00	0.00	93.48	0.00	0.00	0.00	47	50	78.58	35.87	0.00	0.00
157	6.56	2400	2400	1.33	3205	0	0	344	2874	0	0	0.00	3.90	89.53	0.00	0.00	93.44	0.00	0.00	0.00	47	50	78.62	35.76	0.00	0.00
157	6.53	2400	2400	1.31	2917	0	0	300	2598	0	0	0.00	4.08	89.42	0.00	0.00	93.47	0.00	0.00	0.00	48	51	78.61	35.81	0.00	0.00
157	6.53	2400	2400	1.34	2806	0	0	309	2403	0	0	0.00	3.17	90.31	0.00	0.00	93.47	0.00	0.00	0.00	47	49	78.62	35.61	0.00	0.00
157	6.53	2400	2400	1.31	2797	0	0	320	2298	0	0	0.00	3.15	90.32	0.00	0.00	93.47	0.00	0.00	0.00	47	50	78.69	35.90	0.00	0.00
154	6.42	2400	2400	1.39	2217	0	0	278	1723	0	0	0.00	3.37	90.22	0.00	0.00	93.58	0.00	0.00	0.00	47	50	78.27	35.80	0.00	0.00
148	6.16	2400	2400	1.30	3369	0	0	370	2959	0	0	0.00	3.19	90.66	0.00	0.00	93.84	0.00	0.00	0.00	48	50	78.20	35.86	0.00	0.00
142	5.91	2400	2400	1.37	2867	0	0	313	2465	0	0	0.00	4.21	89.88	0.00	0.00	94.09	0.00	0.00	0.00	47	50	78.03	35.76	0.00	0.00
159	6.61	2400	2400	1.31	3349	0	0	260	3086	0	0	0.00	3.17	90.24	0.00	0.00	93.39	0.00	0.00	0.00	48	51	78.69	35.81	0.00	0.00
156	6.51	2400	2400	1.34	2868	0	0	308	2340	0	0	0.00	3.35	90.16	0.00	0.00	93.49	0.00	0.00	0.00	47	49	78.68	35.93	0.00	0.00
156	6.49	2400	2400	1.46	2491	0	0	166	2086	0	0	0.00	3.84	89.67	0.00	0.00	93.51	0.00	0.00	0.00	47	51	78.83	35.66	0.00	0.00
158	6.57	2400	2400	1.33	3161	0	0	322	2736	0	0	0.00	3.41	90.04	0.00	0.00	93.43	0.00	0.00	0.00	47	51	78.72	35.78	0.00	0.00
157	6.55	2400	2400	1.33	3206	0	0	276	2907	0	0	0.00	3.71	89.75	0.00	0.00	93.45	0.00	0.00	0.00	47	50	78.73	35.71	0.00	0.00
157	6.53	2400	2400	1.32	3022	0	0	255	2686	0	0	0.00	4.97	88.52	0.00	0.00	93.47	0.00	0.00	0.00	47	50	78.67	35.79	0.00	0.00
156	6.48	2400	2400	1.40	2794	0	0	228	2327	0	0	0.00	3.15	90.38	0.00	0.00	93.52	0.00	0.00	0.00	48	50	78.78	35.68	0.00	0.00
157	6.54	2400	2400	1.32	2759	0	0	331	2353	0	0	0.00	6.81	86.67	0.00	0.00	93.46	0.00	0.00	0.00	48	51	78.57	35.86	0.00	0.00
156	6.49	2400	2400	1.38	2785	0	0	277	2378	0	0	0.00	3.89	89.62	0.00	0.00	93.51	0.00	0.00	0.00	48	50	78.80	35.65	0.00	0.00
157	6.55	2400	2400	1.28	2963	0	0	304	2606	0	0	0.00	4.86	88.62	0.00	0.00	93.45	0.00	0.00	0.00	47	50	78.60	35.85	0.00	0.00
156	6.51	2400	2400	1.34	2814	0	0	361	2397	0	0	0.00	4.11	89.39	0.00	0.00	93.49	0.00	0.00	0.00	48	51	78.62	35.94	0.00	0.00
157	6.53	2400	2400	1.32	2124	0	0	262	1813	0	0	0.00	3.55	89.95	0.00	0.00	93.47	0.00	0.00	0.00	47	51	78.54	35.77	0.00	0.00
