Avg_MHz	Busy%	Bzy_MHz	TSC_MHz	IPC	IRQ	SMI	POLL	C1	C1E	C3	C6	POLL%	C1%	C1E%	C3%	C6%	CPU%c1	CPU%c3	CPU%c6	CPU%c7	CoreTmp	PkgTmp	PkgWatt	RAMWatt	PKG_%	RAM_%
1195	49.80	2400	2399	0.25	6548	0	0	269	1843	0	0	0.00	1.01	49.05	0.00	0.00	50.20	0.00	0.00	0.00	50	55	105.07	40.75	0.00	0.00
1198	49.94	2400	2400	0.24	6723	0	0	241	1926	0	0	0.00	0.01	49.97	0.00	0.00	50.06	0.00	0.00	0.00	50	54	105.96	41.33	0.00	0.00
1199	49.94	2400	2400	0.22	6660	0	0	440	2063	0	0	0.00	0.01	49.99	0.00	0.00	50.06	0.00	0.00	0.00	51	55	106.19	41.60	0.00	0.00
1199	49.98	2400	2400	0.22	6756	0	0	367	1998	0	0	0.00	0.24	49.71	0.00	0.00	50.02	0.00	0.00	0.00	51	55	106.15	41.69	0.00	0.00
1199	49.97	2400	2400	0.23	6673	0	0	359	1891	0	0	0.00	0.00	49.95	0.00	0.00	50.03	0.00	0.00	0.00	52	55	106.06	41.66	0.00	0.00
1199	49.95	2400	2400	0.23	6605	0	0	348	2022	0	0	0.00	0.99	48.98	0.00	0.00	50.05	0.00	0.00	0.00	51	54	106.08	41.53	0.00	0.00
1198	49.92	2400	2400	0.24	11514	0	0	252	1773	0	0	0.00	0.00	49.97	0.00	0.00	50.08	0.00	0.00	0.00	51	55	105.74	41.17	0.00	0.00
1199	49.93	2400	2401	0.24	11891	0	0	265	1796	0	0	0.00	0.00	49.97	0.00	0.00	50.07	0.00	0.00	0.00	51	55	105.81	40.95	0.00	0.00
1198	49.92	2400	2400	0.26	7094	0	0	186	1574	0	0	0.00	0.00	49.95	0.00	0.00	50.08	0.00	0.00	0.00	51	55	105.47	40.45	0.00	0.00
1189	49.54	2400	2400	0.31	52811	0	0	225	1733	0	0	0.00	0.06	50.21	0.00	0.00	50.46	0.00	0.00	0.00	50	54	104.51	39.47	0.00	0.00
1192	49.67	2400	2400	0.26	10390	0	0	176	1799	0	0	0.00	0.01	50.26	0.00	0.00	50.33	0.00	0.00	0.00	52	54	106.28	41.11	0.00	0.00
1195	49.79	2400	2400	0.25	8391	0	0	187	2088	0	0	0.00	0.15	50.04	0.00	0.00	50.21	0.00	0.00	0.00	52	55	106.58	41.24	0.00	0.00
1198	49.92	2400	2400	0.23	7935	0	0	180	1937	0	0	0.00	0.09	49.98	0.00	0.00	50.08	0.00	0.00	0.00	51	56	107.10	41.54	0.00	0.00
1201	50.03	2400	2400	0.23	7060	0	0	141	1915	0	0	0.00	0.03	49.93	0.00	0.00	49.97	0.00	0.00	0.00	51	55	107.21	41.85	0.00	0.00
1187	49.47	2399	2400	0.26	14389	0	0	158	1810	0	0	0.00	0.03	50.45	0.00	0.00	50.53	0.00	0.00	0.00	51	55	106.31	41.10	0.00	0.00
1194	49.74	2400	2400	0.25	13584	0	0	151	1648	0	0	0.00	1.44	48.80	0.00	0.00	50.26	0.00	0.00	0.00	51	56	106.58	41.29	0.00	0.00
1201	50.03	2400	2400	0.24	6972	0	0	188	1926	0	0	0.00	0.00	49.95	0.00	0.00	49.97	0.00	0.00	0.00	51	55	106.81	41.53	0.00	0.00
1200	50.01	2400	2400	0.23	7073	0	0	102	1760	0	0	0.00	0.00	49.99	0.00	0.00	49.99	0.00	0.00	0.00	52	55	107.08	41.49	0.00	0.00
1201	50.03	2400	2400	0.23	6969	0	0	160	1828	0	0	0.00	0.00	49.96	0.00	0.00	49.97	0.00	0.00	0.00	51	55	107.23	41.68	0.00	0.00
1200	50.03	2400	2399	0.23	7442	0	0	127	1944	0	0	0.00	0.00	49.95	0.00	0.00	49.97	0.00	0.00	0.00	52	55	107.04	41.62	0.00	0.00
1201	50.03	2400	2401	0.24	9521	0	0	147	1870	0	0	0.00	0.00	49.97	0.00	0.00	49.97	0.00	0.00	0.00	51	55	106.87	41.54	0.00	0.00
1200	50.01	2400	2399	0.23	7089	0	0	115	1936	0	0	0.00	0.05	49.91	0.00	0.00	49.99	0.00	0.00	0.00	52	55	107.04	41.62	0.00	0.00
1195	49.80	2400	2400	0.24	10061	0	0	145	1763	0	0	0.00	0.01	50.17	0.00	0.00	50.20	0.00	0.00	0.00	51	54	106.77	41.48	0.00	0.00
1201	50.02	2400	2401	0.24	7219	0	0	101	1639	0	0	0.00	0.00	49.98	0.00	0.00	49.98	0.00	0.00	0.00	52	55	107.00	41.55	0.00	0.00
1201	50.03	2400	2400	0.23	7062	0	0	94	1643	0	0	0.00	0.00	49.95	0.00	0.00	49.97	0.00	0.00	0.00	51	55	107.23	41.88	0.00	0.00
1199	49.94	2400	2400	0.24	7162	0	0	214	1843	0	0	0.00	0.02	50.01	0.00	0.00	50.06	0.00	0.00	0.00	52	56	106.44	41.61	0.00	0.00
1201	50.03	2400	2400	0.23	6940	0	0	130	1574	0	0	0.00	0.00	49.96	0.00	0.00	49.97	0.00	0.00	0.00	51	56	107.00	41.78	0.00	0.00
1201	50.03	2400	2400	0.23	7033	0	0	89	1645	0	0	0.00	0.44	49.51	0.00	0.00	49.97	0.00	0.00	0.00	51	56	107.24	41.49	0.00	0.00
1198	49.92	2400	2399	0.23	7942	0	0	115	1459	0	0	0.00	0.01	50.05	0.00	0.00	50.08	0.00	0.00	0.00	52	55	107.13	41.47	0.00	0.00
1202	50.05	2400	2401	0.23	7187	0	0	109	1790	0	0	0.00	0.08	49.89	0.00	0.00	49.95	0.00	0.00	0.00	51	55	107.46	41.92	0.00	0.00
1198	49.93	2400	2400	0.24	7405	0	0	139	1571	0	0	0.00	1.97	48.08	0.00	0.00	50.07	0.00	0.00	0.00	52	55	107.29	41.72	0.00	0.00
1199	49.94	2400	2400	0.23	7043	0	0	85	1720	0	0	0.00	0.06	49.99	0.00	0.00	50.06	0.00	0.00	0.00	51	55	107.28	41.41	0.00	0.00
1201	50.04	2400	2400	0.23	6980	0	0	146	1622	0	0	0.00	0.41	49.56	0.00	0.00	49.96	0.00	0.00	0.00	52	55	107.36	41.78	0.00	0.00
1198	49.94	2400	2399	0.24	9025	0	0	65	1825	0	0	0.00	0.01	50.03	0.00	0.00	50.06	0.00	0.00	0.00	52	56	107.19	41.51	0.00	0.00
1199	49.94	2400	2401	0.24	7837	0	0	120	1623	0	0	0.00	0.01	50.05	0.00	0.00	50.06	0.00	0.00	0.00	52	55	107.21	41.62	0.00	0.00
1198	49.93	2400	2400	0.24	7172	0	0	74	1616	0	0	0.00	0.01	50.05	0.00	0.00	50.07	0.00	0.00	0.00	53	55	106.99	41.55	0.00	0.00
1199	49.98	2400	2400	0.24	7010	0	0	99	1669	0	0	0.00	2.10	47.89	0.00	0.00	50.02	0.00	0.00	0.00	53	55	106.87	41.28	0.00	0.00
1199	49.95	2400	2400	0.24	7472	0	0	90	1591	0	0	0.00	0.90	49.13	0.00	0.00	50.05	0.00	0.00	0.00	52	56	107.02	41.49	0.00	0.00
1198	49.95	2400	2399	0.25	7024	0	0	117	1698	0	0	0.00	0.01	50.01	0.00	0.00	50.05	0.00	0.00	0.00	53	56	106.65	41.39	0.00	0.00
1201	50.02	2400	2401	0.25	6897	0	0	84	1569	0	0	0.00	0.00	49.97	0.00	0.00	49.98	0.00	0.00	0.00	52	57	106.71	41.28	0.00	0.00
1196	49.83	2400	2399	0.25	7501	0	0	101	1545	0	0	0.00	0.00	50.13	0.00	0.00	50.17	0.00	0.00	0.00	52	56	106.23	41.10	0.00	0.00
1188	49.49	2400	2400	0.26	9629	0	0	140	1638	0	0	0.00	0.07	50.38	0.00	0.00	50.51	0.00	0.00	0.00	53	55	105.70	40.54	0.00	0.00
1199	49.97	2400	2400	0.25	6668	0	0	190	1574	0	0	0.00	0.76	49.22	0.00	0.00	50.03	0.00	0.00	0.00	53	55	106.20	41.03	0.00	0.00
1191	49.65	2400	2400	0.26	8493	0	0	104	1821	0	0	0.00	0.02	50.28	0.00	0.00	50.35	0.00	0.00	0.00	52	56	106.06	40.86	0.00	0.00
1197	49.87	2400	2400	0.25	7066	0	0	97	1556	0	0	0.00	0.03	50.07	0.00	0.00	50.13	0.00	0.00	0.00	53	57	106.42	40.94	0.00	0.00
1200	50.02	2400	2400	0.25	6885	0	0	82	1594	0	0	0.00	2.49	47.46	0.00	0.00	49.98	0.00	0.00	0.00	54	56	106.56	41.03	0.00	0.00
1197	49.88	2400	2400	0.25	7057	0	0	145	1865	0	0	0.00	3.29	46.80	0.00	0.00	50.12	0.00	0.00	0.00	52	55	106.52	41.07	0.00	0.00
1197	49.89	2400	2399	0.24	7067	0	0	113	1396	0	0	0.00	0.61	49.45	0.00	0.00	50.11	0.00	0.00	0.00	52	57	106.30	41.23	0.00	0.00
1194	49.75	2400	2400	0.24	7539	0	0	188	1616	0	0	0.00	0.03	50.18	0.00	0.00	50.25	0.00	0.00	0.00	52	57	106.65	41.52	0.00	0.00
1200	50.02	2400	2400	0.24	7078	0	0	107	1501	0	0	0.00	0.00	49.95	0.00	0.00	49.98	0.00	0.00	0.00	53	55	107.04	41.51	0.00	0.00
1197	49.88	2400	2400	0.24	8740	0	0	216	1982	0	0	0.00	0.07	50.01	0.00	0.00	50.12	0.00	0.00	0.00	51	57	106.78	41.57	0.00	0.00
1200	49.99	2400	2401	0.23	6945	0	0	112	1648	0	0	0.00	0.00	49.99	0.00	0.00	50.01	0.00	0.00	0.00	52	55	107.19	41.51	0.00	0.00
1200	50.01	2400	2399	0.24	7866	0	0	135	1863	0	0	0.00	0.00	49.95	0.00	0.00	49.99	0.00	0.00	0.00	52	56	106.99	41.43	0.00	0.00
1200	50.01	2400	2400	0.24	6828	0	0	82	1624	0	0	0.00	0.41	49.55	0.00	0.00	49.99	0.00	0.00	0.00	52	55	106.79	41.20	0.00	0.00
1203	50.11	2400	2400	0.24	7039	0	0	183	1944	0	0	0.00	14.57	35.30	0.00	0.00	49.89	0.00	0.00	0.00	53	56	106.95	41.24	0.00	0.00
1200	49.99	2400	2400	0.24	6791	0	0	219	1780	0	0	0.00	0.07	49.89	0.00	0.00	50.01	0.00	0.00	0.00	52	56	106.45	41.15	0.00	0.00
1200	50.00	2400	2400	0.24	6725	0	0	173	1867	0	0	0.00	3.40	46.55	0.00	0.00	50.00	0.00	0.00	0.00	53	56	106.48	41.10	0.00	0.00
1200	50.02	2400	2399	0.24	6972	0	0	140	1556	0	0	0.00	0.53	49.41	0.00	0.00	49.98	0.00	0.00	0.00	53	56	106.97	41.55	0.00	0.00
1199	49.95	2400	2401	0.23	10136	0	0	131	1521	0	0	0.00	0.01	50.02	0.00	0.00	50.05	0.00	0.00	0.00	52	57	106.95	41.51	0.00	0.00
1194	49.75	2400	2400	0.25	8698	0	0	121	1409	0	0	0.00	0.02	50.20	0.00	0.00	50.25	0.00	0.00	0.00	52	56	106.59	41.39	0.00	0.00
1197	49.88	2400	2400	0.25	7280	0	0	91	1447	0	0	0.00	0.10	50.01	0.00	0.00	50.12	0.00	0.00	0.00	52	56	106.76	41.26	0.00	0.00
1198	49.93	2400	2400	0.25	7508	0	0	114	1582	0	0	0.00	0.01	50.02	0.00	0.00	50.07	0.00	0.00	0.00	52	56	106.71	41.22	0.00	0.00
1200	50.00	2400	2400	0.25	6720	0	0	98	1763	0	0	0.00	0.00	49.95	0.00	0.00	50.00	0.00	0.00	0.00	54	56	106.52	41.25	0.00	0.00
1200	50.00	2400	2400	0.24	6700	0	0	162	1636	0	0	0.00	0.00	49.94	0.00	0.00	50.00	0.00	0.00	0.00	53	57	106.63	41.65	0.00	0.00
1200	50.01	2400	2400	0.23	6742	0	0	111	1587	0	0	0.00	0.00	49.96	0.00	0.00	49.99	0.00	0.00	0.00	52	56	107.11	41.74	0.00	0.00
1198	49.90	2400	2400	0.23	8417	0	0	89	1444	0	0	0.00	0.06	50.01	0.00	0.00	50.10	0.00	0.00	0.00	53	56	107.09	42.00	0.00	0.00
1200	50.02	2400	2400	0.23	6844	0	0	108	1549	0	0	0.00	1.12	48.83	0.00	0.00	49.98	0.00	0.00	0.00	53	56	106.96	41.47	0.00	0.00
1189	49.98	2400	2380	0.23	6806	0	0	114	1578	0	0	0.00	0.11	49.47	0.00	0.00	50.02	0.00	0.00	0.00	52	56	105.82	41.46	0.00	0.00
1195	49.84	2400	2398	0.23	6777	0	0	156	1774	0	0	0.00	0.02	50.04	0.00	0.00	50.16	0.00	0.00	0.00	52	57	106.33	41.49	0.00	0.00
1185	49.27	2400	2406	0.25	6590	0	0	378	1733	0	0	0.00	0.15	50.64	0.00	0.00	50.73	0.00	0.00	0.00	53	57	106.07	41.22	0.00	0.00
1168	48.74	2400	2397	0.26	7055	0	0	382	1569	0	0	0.00	0.28	50.87	0.00	0.00	51.26	0.00	0.00	0.00	53	56	104.42	40.45	0.00	0.00
1178	49.23	2400	2393	0.26	7192	0	0	440	1828	0	0	0.00	0.14	50.43	0.00	0.00	50.77	0.00	0.00	0.00	52	56	104.77	40.38	0.00	0.00
1189	49.47	2400	2403	0.25	6823	0	0	361	1648	0	0	0.00	0.27	50.28	0.00	0.00	50.53	0.00	0.00	0.00	53	56	106.54	41.03	0.00	0.00
1168	48.56	2400	2406	0.25	6570	0	0	353	1753	0	0	0.00	0.32	51.22	0.00	0.00	51.44	0.00	0.00	0.00	53	56	105.24	40.69	0.00	0.00
1070	44.51	2400	2405	0.35	7009	0	0	2015	2169	0	0	0.00	1.19	54.29	0.00	0.00	55.49	0.00	0.00	0.00	53	56	97.70	37.38	0.00	0.00
1181	49.32	2400	2394	0.25	7361	0	0	264	1450	0	0	0.00	0.15	50.37	0.00	0.00	50.68	0.00	0.00	0.00	53	56	105.90	40.96	0.00	0.00
1163	48.36	2400	2405	0.26	11403	0	0	475	1442	0	0	0.00	0.74	50.97	0.00	0.00	51.64	0.00	0.00	0.00	53	56	105.34	40.88	0.00	0.00
1141	47.57	2400	2399	0.26	9133	0	0	335	1342	0	0	0.00	0.30	52.06	0.00	0.00	52.43	0.00	0.00	0.00	53	55	104.39	40.59	0.00	0.00
1169	48.74	2400	2399	0.25	7137	0	0	516	1672	0	0	0.00	0.26	50.94	0.00	0.00	51.26	0.00	0.00	0.00	52	56	105.87	40.94	0.00	0.00
1191	49.69	2400	2397	0.24	7992	0	0	154	1393	0	0	0.00	1.58	48.65	0.00	0.00	50.31	0.00	0.00	0.00	53	56	106.91	41.39	0.00	0.00
1172	48.94	2400	2395	0.25	6963	0	0	532	1474	0	0	0.00	0.25	50.66	0.00	0.00	51.06	0.00	0.00	0.00	54	56	105.36	40.57	0.00	0.00
1191	49.51	2400	2405	0.24	8195	0	0	171	1647	0	0	0.00	0.69	49.89	0.00	0.00	50.49	0.00	0.00	0.00	53	56	107.49	41.43	0.00	0.00
1185	49.39	2400	2399	0.24	7544	0	0	148	1378	0	0	0.00	0.23	50.34	0.00	0.00	50.61	0.00	0.00	0.00	53	56	106.58	41.43	0.00	0.00
1184	49.42	2400	2396	0.24	7155	0	0	168	1484	0	0	0.00	0.06	50.41	0.00	0.00	50.58	0.00	0.00	0.00	53	56	106.36	41.07	0.00	0.00
1172	48.89	2400	2398	0.25	9665	0	0	263	1762	0	0	0.00	0.29	50.74	0.00	0.00	51.11	0.00	0.00	0.00	52	58	105.80	41.03	0.00	0.00
1195	49.55	2400	2412	0.23	7631	0	0	187	1482	0	0	0.00	0.14	50.53	0.00	0.00	50.45	0.00	0.00	0.00	52	56	107.75	41.97	0.00	0.00
1155	48.50	2400	2381	0.25	7691	0	0	693	1782	0	0	0.00	0.42	50.64	0.00	0.00	51.50	0.00	0.00	0.00	52	55	103.62	40.58	0.00	0.00
1201	49.92	2400	2405	0.22	6872	0	0	146	1667	0	0	0.00	0.08	50.10	0.00	0.00	50.08	0.00	0.00	0.00	52	58	107.81	42.28	0.00	0.00
1201	49.87	2400	2408	0.22	7046	0	0	225	1548	0	0	0.00	0.05	50.24	0.00	0.00	50.13	0.00	0.00	0.00	53	56	107.79	42.37	0.00	0.00
1174	49.23	2400	2384	0.24	6778	0	0	315	1719	0	0	0.00	2.63	47.78	0.00	0.00	50.77	0.00	0.00	0.00	53	56	105.80	41.20	0.00	0.00
1157	47.95	2400	2414	0.28	6249	0	0	1105	1987	0	0	0.00	0.59	51.71	0.00	0.00	52.05	0.00	0.00	0.00	53	57	104.09	40.13	0.00	0.00
1177	49.00	2400	2403	0.24	10949	0	0	314	1858	0	0	0.00	6.42	44.63	0.00	0.00	51.00	0.00	0.00	0.00	52	56	106.15	41.21	0.00	0.00
1178	49.05	2400	2403	0.25	7190	0	0	243	1678	0	0	0.00	0.23	50.75	0.00	0.00	50.95	0.00	0.00	0.00	53	56	106.04	41.15	0.00	0.00
1169	49.03	2400	2384	0.26	6456	0	0	439	1780	0	0	0.00	0.25	50.32	0.00	0.00	50.97	0.00	0.00	0.00	53	57	104.53	40.37	0.00	0.00
1095	45.25	2400	2419	0.34	5742	0	0	1394	2383	0	0	0.00	0.90	54.17	0.00	0.00	54.75	0.00	0.00	0.00	52	55	99.60	37.95	0.00	0.00
1179	49.34	2400	2390	0.25	6827	0	0	225	1706	0	0	0.00	0.15	50.27	0.00	0.00	50.66	0.00	0.00	0.00	53	56	105.33	40.80	0.00	0.00
1195	49.75	2400	2402	0.25	7587	0	0	141	1635	0	0	0.00	0.07	50.19	0.00	0.00	50.25	0.00	0.00	0.00	53	56	106.60	41.27	0.00	0.00
1191	49.65	2400	2399	0.25	8074	0	0	143	1676	0	0	0.00	0.04	50.26	0.00	0.00	50.35	0.00	0.00	0.00	53	55	106.57	41.37	0.00	0.00
1190	49.43	2400	2408	0.25	7423	0	0	280	1683	0	0	0.00	2.10	48.62	0.00	0.00	50.57	0.00	0.00	0.00	52	56	106.67	41.57	0.00	0.00
1183	49.55	2400	2389	0.24	7207	0	0	268	1632	0	0	0.00	0.18	50.02	0.00	0.00	50.45	0.00	0.00	0.00	53	56	106.04	41.11	0.00	0.00
1197	49.79	2400	2405	0.24	7204	0	0	163	1658	0	0	0.00	0.03	50.26	0.00	0.00	50.21	0.00	0.00	0.00	53	57	107.62	41.82	0.00	0.00
1183	49.25	2400	2402	0.24	7559	0	0	267	1617	0	0	0.00	0.14	50.63	0.00	0.00	50.75	0.00	0.00	0.00	53	57	106.79	41.51	0.00	0.00
1189	49.52	2400	2400	0.24	8422	0	0	195	1671	0	0	0.00	0.09	50.37	0.00	0.00	50.48	0.00	0.00	0.00	53	57	107.17	41.88	0.00	0.00
1182	49.58	2400	2385	0.24	8650	0	0	279	1775	0	0	0.00	11.61	38.48	0.00	0.00	50.42	0.00	0.00	0.00	53	58	106.12	41.30	0.00	0.00
1192	49.66	2400	2400	0.24	8116	0	0	235	1745	0	0	0.00	0.18	50.15	0.00	0.00	50.34	0.00	0.00	0.00	52	57	107.34	41.84	0.00	0.00
1198	49.65	2400	2414	0.24	8089	0	0	239	1677	0	0	0.00	0.09	50.53	0.00	0.00	50.35	0.00	0.00	0.00	53	57	107.61	41.80	0.00	0.00
1193	49.59	2400	2405	0.24	7349	0	0	274	1693	0	0	0.00	1.15	49.34	0.00	0.00	50.41	0.00	0.00	0.00	53	57	106.91	41.70	0.00	0.00
1177	49.12	2400	2395	0.25	7533	0	0	281	1696	0	0	0.00	0.24	50.50	0.00	0.00	50.88	0.00	0.00	0.00	53	57	105.53	40.88	0.00	0.00
1178	49.21	2400	2395	0.24	7722	0	0	275	2038	0	0	0.00	2.58	48.07	0.00	0.00	50.79	0.00	0.00	0.00	53	57	105.62	41.24	0.00	0.00
1200	49.86	2400	2406	0.24	8988	0	0	178	1785	0	0	0.00	0.06	50.19	0.00	0.00	50.14	0.00	0.00	0.00	53	56	107.20	41.85	0.00	0.00
1194	49.61	2400	2406	0.24	7433	0	0	211	1552	0	0	0.00	0.10	50.39	0.00	0.00	50.39	0.00	0.00	0.00	54	56	107.23	41.54	0.00	0.00
1193	49.78	2400	2397	0.24	8147	0	0	197	1878	0	0	0.00	12.16	37.98	0.00	0.00	50.22	0.00	0.00	0.00	53	56	106.98	41.34	0.00	0.00
1181	49.39	2400	2392	0.24	7753	0	0	289	1693	0	0	0.00	0.17	50.25	0.00	0.00	50.61	0.00	0.00	0.00	53	56	106.18	41.27	0.00	0.00
1196	49.78	2400	2402	0.24	8100	0	0	187	1704	0	0	0.00	0.07	50.19	0.00	0.00	50.22	0.00	0.00	0.00	53	57	107.05	41.52	0.00	0.00
1187	49.51	2400	2397	0.25	7236	0	0	289	1614	0	0	0.00	0.77	49.64	0.00	0.00	50.49	0.00	0.00	0.00	53	56	106.29	41.13	0.00	0.00
1163	48.70	2400	2389	0.25	7047	0	0	469	1690	0	0	0.00	0.30	50.73	0.00	0.00	51.30	0.00	0.00	0.00	53	56	105.04	41.12	0.00	0.00
1184	48.94	2400	2421	0.24	7038	0	0	393	1585	0	0	0.00	0.22	51.24	0.00	0.00	51.06	0.00	0.00	0.00	53	57	107.36	41.77	0.00	0.00
1192	49.74	2400	2397	0.23	7292	0	0	210	1490	0	0	0.00	0.10	50.07	0.00	0.00	50.26	0.00	0.00	0.00	53	57	106.97	41.75	0.00	0.00
1122	47.04	2400	2385	0.31	6653	0	0	1403	1977	0	0	0.00	0.72	51.81	0.00	0.00	52.96	0.00	0.00	0.00	53	57	100.59	38.50	0.00	0.00
1176	48.67	2400	2417	0.24	7252	0	0	420	1628	0	0	0.00	0.40	51.26	0.00	0.00	51.33	0.00	0.00	0.00	53	56	106.71	41.57	0.00	0.00
1161	48.64	2400	2387	0.26	7134	0	0	569	1707	0	0	0.00	0.51	50.52	0.00	0.00	51.36	0.00	0.00	0.00	53	57	104.12	40.41	0.00	0.00
1191	49.89	2400	2387	0.22	6915	0	0	207	1789	0	0	0.00	0.05	49.77	0.00	0.00	50.11	0.00	0.00	0.00	53	57	106.20	41.43	0.00	0.00
1208	49.97	2400	2417	0.23	6987	0	0	166	1848	0	0	0.00	0.16	50.22	0.00	0.00	50.03	0.00	0.00	0.00	53	57	108.41	42.46	0.00	0.00
1178	48.92	2400	2408	0.26	4622	0	0	409	1276	0	0	0.00	0.47	50.75	0.00	0.00	51.08	0.00	0.00	0.00	53	56	105.34	40.63	0.00	0.00
