Avg_MHz	Busy%	Bzy_MHz	TSC_MHz	IPC	IRQ	SMI	POLL	C1	C1E	C3	C6	POLL%	C1%	C1E%	C3%	C6%	CPU%c1	CPU%c3	CPU%c6	CPU%c7	CoreTmp	PkgTmp	PkgWatt	RAMWatt	PKG_%	RAM_%
1196	49.84	2400	2400	0.32	4611	0	0	10	667	0	0	0.00	0.10	49.84	0.00	0.00	50.16	0.00	0.00	0.00	48	52	102.43	38.45	0.00	0.00
1195	49.81	2400	2400	0.32	4568	0	0	12	679	0	0	0.00	0.83	49.14	0.00	0.00	50.19	0.00	0.00	0.00	48	51	102.56	38.49	0.00	0.00
1196	49.83	2400	2400	0.32	4569	0	0	4	728	0	0	0.00	0.63	49.32	0.00	0.00	50.17	0.00	0.00	0.00	48	53	102.33	38.29	0.00	0.00
1196	49.84	2400	2400	0.32	4613	0	0	6	717	0	0	0.00	0.75	49.19	0.00	0.00	50.16	0.00	0.00	0.00	49	53	102.57	38.34	0.00	0.00
1196	49.83	2400	2400	0.32	4547	0	0	6	678	0	0	0.00	0.00	49.94	0.00	0.00	50.17	0.00	0.00	0.00	49	53	102.52	38.28	0.00	0.00
1196	49.85	2400	2400	0.32	4621	0	0	4	706	0	0	0.00	0.73	49.20	0.00	0.00	50.15	0.00	0.00	0.00	49	51	102.54	38.45	0.00	0.00
1196	49.83	2400	2400	0.32	4920	0	0	9	611	0	0	0.00	0.10	49.85	0.00	0.00	50.17	0.00	0.00	0.00	49	53	102.51	38.41	0.00	0.00
1195	49.80	2400	2400	0.32	4652	0	0	4	637	0	0	0.00	0.01	49.96	0.00	0.00	50.20	0.00	0.00	0.00	49	53	102.53	38.22	0.00	0.00
1176	48.99	2400	2400	0.32	4539	0	0	15	712	0	0	0.00	0.76	50.02	0.00	0.00	51.01	0.00	0.00	0.00	49	53	101.87	38.40	0.00	0.00
1196	49.84	2400	2400	0.32	4559	0	0	4	671	0	0	0.00	0.10	49.83	0.00	0.00	50.16	0.00	0.00	0.00	49	52	102.12	38.15	0.00	0.00
1175	48.98	2400	2400	0.32	4619	0	0	15	774	0	0	0.00	3.01	47.78	0.00	0.00	51.02	0.00	0.00	0.00	49	53	101.65	37.92	0.00	0.00
1195	49.79	2400	2400	0.32	5081	0	0	3	746	0	0	0.00	0.02	49.95	0.00	0.00	50.21	0.00	0.00	0.00	49	52	102.12	38.15	0.00	0.00
1195	49.79	2400	2400	0.32	4454	0	0	2	625	0	0	0.00	0.00	49.97	0.00	0.00	50.21	0.00	0.00	0.00	50	53	102.14	38.37	0.00	0.00
1195	49.81	2400	2400	0.32	4575	0	0	11	637	0	0	0.00	0.94	49.03	0.00	0.00	50.19	0.00	0.00	0.00	49	52	102.38	38.23	0.00	0.00
1193	49.72	2400	2400	0.33	5002	0	0	38	702	0	0	0.00	0.04	50.01	0.00	0.00	50.28	0.00	0.00	0.00	49	53	102.36	38.26	0.00	0.00
1217	50.71	2400	2400	0.34	11499	0	0	31	1319	0	0	0.00	0.09	48.98	0.00	0.00	49.29	0.00	0.00	0.00	49	53	103.01	38.48	0.00	0.00
1195	49.78	2400	2400	0.33	6369	0	0	9	742	0	0	0.00	0.02	50.00	0.00	0.00	50.22	0.00	0.00	0.00	50	53	102.92	38.75	0.00	0.00
1196	49.84	2400	2400	0.33	4822	0	0	20	716	0	0	0.00	0.18	49.78	0.00	0.00	50.16	0.00	0.00	0.00	49	53	103.07	38.40	0.00	0.00
1196	49.83	2400	2400	0.33	5147	0	0	14	724	0	0	0.00	0.75	49.25	0.00	0.00	50.17	0.00	0.00	0.00	50	53	103.46	38.49	0.00	0.00
1197	49.89	2400	2400	0.33	4493	0	0	0	604	0	0	0.00	0.00	49.94	0.00	0.00	50.11	0.00	0.00	0.00	49	53	103.38	38.66	0.00	0.00
1197	49.89	2400	2400	0.33	4583	0	0	16	658	0	0	0.00	0.45	49.51	0.00	0.00	50.11	0.00	0.00	0.00	50	55	103.56	38.98	0.00	0.00
1197	49.86	2400	2400	0.33	4839	0	0	9	662	0	0	0.00	0.61	49.40	0.00	0.00	50.14	0.00	0.00	0.00	51	54	103.59	38.88	0.00	0.00
1197	49.89	2400	2400	0.33	5764	0	0	9	641	0	0	0.00	0.01	49.97	0.00	0.00	50.11	0.00	0.00	0.00	50	53	103.67	39.09	0.00	0.00
1198	49.92	2400	2400	0.33	6459	0	0	17	725	0	0	0.00	2.16	47.81	0.00	0.00	50.08	0.00	0.00	0.00	50	54	103.97	39.22	0.00	0.00
1199	49.95	2400	2400	0.33	4779	0	0	14	669	0	0	0.00	1.51	48.45	0.00	0.00	50.05	0.00	0.00	0.00	50	54	103.91	39.14	0.00	0.00
1199	49.96	2400	2400	0.33	7387	0	0	4	728	0	0	0.00	0.03	49.95	0.00	0.00	50.04	0.00	0.00	0.00	50	53	104.10	39.23	0.00	0.00
1200	50.01	2400	2400	0.32	4459	0	0	5	641	0	0	0.00	0.64	49.30	0.00	0.00	49.99	0.00	0.00	0.00	50	53	104.34	39.34	0.00	0.00
1199	49.96	2400	2400	0.33	6485	0	0	5	697	0	0	0.00	0.01	49.97	0.00	0.00	50.04	0.00	0.00	0.00	50	54	104.30	39.31	0.00	0.00
1201	50.03	2400	2400	0.32	4558	0	0	16	721	0	0	0.00	3.40	46.53	0.00	0.00	49.97	0.00	0.00	0.00	50	54	104.44	39.59	0.00	0.00
1195	49.78	2400	2400	0.35	33214	0	0	33	879	0	0	0.00	0.49	49.62	0.00	0.00	50.22	0.00	0.00	0.00	50	53	104.12	39.27	0.00	0.00
1194	49.74	2400	2400	0.38	65622	0	0	49	732	0	0	0.00	0.04	50.07	0.00	0.00	50.26	0.00	0.00	0.00	50	55	104.54	38.97	0.00	0.00
1197	49.87	2400	2400	0.32	38718	0	0	146	1013	0	0	0.00	1.07	49.04	0.00	0.00	50.13	0.00	0.00	0.00	50	54	106.11	40.88	0.00	0.00
1200	50.01	2400	2400	0.29	4462	0	0	3	646	0	0	0.00	0.01	49.99	0.00	0.00	49.99	0.00	0.00	0.00	51	54	106.43	41.19	0.00	0.00
1201	50.03	2400	2400	0.29	4509	0	0	10	657	0	0	0.00	1.36	48.62	0.00	0.00	49.97	0.00	0.00	0.00	50	54	106.27	41.18	0.00	0.00
1201	50.03	2400	2400	0.29	4516	0	0	5	715	0	0	0.00	0.05	49.92	0.00	0.00	49.97	0.00	0.00	0.00	50	54	106.40	41.38	0.00	0.00
1201	50.03	2400	2400	0.29	4559	0	0	5	677	0	0	0.00	0.48	49.49	0.00	0.00	49.97	0.00	0.00	0.00	50	54	106.45	41.26	0.00	0.00
1201	50.04	2400	2400	0.29	4450	0	0	13	634	0	0	0.00	1.34	48.63	0.00	0.00	49.96	0.00	0.00	0.00	50	54	106.35	41.24	0.00	0.00
1200	50.02	2400	2400	0.29	4512	0	0	10	639	0	0	0.00	0.10	49.89	0.00	0.00	49.98	0.00	0.00	0.00	51	54	106.37	41.23	0.00	0.00
1201	50.05	2400	2400	0.29	4792	0	0	13	673	0	0	0.00	1.15	48.81	0.00	0.00	49.95	0.00	0.00	0.00	51	54	106.26	41.19	0.00	0.00
1170	48.78	2400	2399	0.30	6476	0	0	27	918	0	0	0.00	1.15	50.04	0.00	0.00	51.22	0.00	0.00	0.00	52	55	105.19	40.49	0.00	0.00
1200	50.02	2400	2400	0.30	4791	0	0	10	674	0	0	0.00	1.09	48.90	0.00	0.00	49.98	0.00	0.00	0.00	50	55	106.49	41.28	0.00	0.00
1199	49.96	2400	2400	0.29	4993	0	0	1	668	0	0	0.00	0.01	50.04	0.00	0.00	50.04	0.00	0.00	0.00	51	55	106.53	41.22	0.00	0.00
1199	49.97	2400	2400	0.29	5446	0	0	7	661	0	0	0.00	1.12	48.92	0.00	0.00	50.03	0.00	0.00	0.00	51	54	106.65	41.52	0.00	0.00
1200	50.00	2400	2400	0.29	4693	0	0	6	612	0	0	0.00	1.51	48.49	0.00	0.00	50.00	0.00	0.00	0.00	52	55	106.75	41.43	0.00	0.00
1200	49.99	2400	2400	0.29	4633	0	0	2	712	0	0	0.00	0.01	50.01	0.00	0.00	50.01	0.00	0.00	0.00	51	54	106.84	41.38	0.00	0.00
1199	49.99	2400	2400	0.29	5361	0	0	5	674	0	0	0.00	1.74	48.26	0.00	0.00	50.01	0.00	0.00	0.00	51	54	106.82	41.54	0.00	0.00
1200	49.98	2400	2400	0.29	4715	0	0	5	688	0	0	0.00	0.05	49.97	0.00	0.00	50.02	0.00	0.00	0.00	51	54	106.90	41.68	0.00	0.00
1202	50.09	2400	2400	0.29	5193	0	0	53	836	0	0	0.00	8.07	41.84	0.00	0.00	49.91	0.00	0.00	0.00	51	54	106.90	41.66	0.00	0.00
1200	50.00	2400	2400	0.28	5010	0	0	17	612	0	0	0.00	0.17	49.83	0.00	0.00	50.00	0.00	0.00	0.00	51	54	107.06	41.70	0.00	0.00
1199	49.98	2400	2400	0.28	5348	0	0	1	739	0	0	0.00	0.01	50.02	0.00	0.00	50.02	0.00	0.00	0.00	52	54	106.92	41.74	0.00	0.00
1201	50.06	2400	2400	0.28	5312	0	0	1	764	0	0	0.00	0.01	49.94	0.00	0.00	49.94	0.00	0.00	0.00	51	54	106.91	41.47	0.00	0.00
1202	50.10	2400	2400	0.28	5087	0	0	41	1040	0	0	0.00	1.14	48.77	0.00	0.00	49.90	0.00	0.00	0.00	51	55	106.88	41.43	0.00	0.00
1202	50.06	2400	2400	0.28	4478	0	0	4	623	0	0	0.00	1.44	48.50	0.00	0.00	49.94	0.00	0.00	0.00	52	55	106.90	41.79	0.00	0.00
1200	49.99	2400	2400	0.28	4558	0	0	1	635	0	0	0.00	0.00	50.01	0.00	0.00	50.01	0.00	0.00	0.00	51	56	106.81	41.81	0.00	0.00
1199	49.97	2400	2400	0.29	5399	0	0	1	714	0	0	0.00	0.01	50.02	0.00	0.00	50.03	0.00	0.00	0.00	52	54	106.64	41.70	0.00	0.00
1200	49.98	2400	2400	0.29	4770	0	0	2	716	0	0	0.00	0.01	50.01	0.00	0.00	50.02	0.00	0.00	0.00	52	54	106.64	41.42	0.00	0.00
1200	49.99	2400	2400	0.29	4745	0	0	14	664	0	0	0.00	1.68	48.33	0.00	0.00	50.01	0.00	0.00	0.00	52	56	106.77	41.54	0.00	0.00
1200	49.98	2400	2400	0.29	4589	0	0	11	632	0	0	0.00	0.56	49.46	0.00	0.00	50.02	0.00	0.00	0.00	51	56	106.68	41.43	0.00	0.00
1200	50.00	2400	2400	0.29	4753	0	0	4	748	0	0	0.00	0.02	49.98	0.00	0.00	50.00	0.00	0.00	0.00	51	55	106.72	41.48	0.00	0.00
1200	49.99	2400	2400	0.29	5054	0	0	2	680	0	0	0.00	0.01	50.01	0.00	0.00	50.01	0.00	0.00	0.00	51	56	106.63	41.42	0.00	0.00
1199	49.97	2400	2400	0.29	4755	0	0	6	708	0	0	0.00	0.01	50.02	0.00	0.00	50.03	0.00	0.00	0.00	52	56	106.59	41.44	0.00	0.00
1200	49.99	2400	2400	0.29	4604	0	0	1	655	0	0	0.00	0.00	50.01	0.00	0.00	50.01	0.00	0.00	0.00	51	55	106.58	41.16	0.00	0.00
1201	50.06	2400	2400	0.29	4558	0	0	4	696	0	0	0.00	0.37	49.57	0.00	0.00	49.94	0.00	0.00	0.00	52	55	106.62	41.14	0.00	0.00
1199	49.98	2400	2400	0.29	4697	0	0	2	699	0	0	0.00	0.00	50.01	0.00	0.00	50.02	0.00	0.00	0.00	52	55	106.52	41.14	0.00	0.00
1200	49.98	2400	2400	0.30	4580	0	0	1	724	0	0	0.00	0.01	50.02	0.00	0.00	50.02	0.00	0.00	0.00	52	57	106.42	40.81	0.00	0.00
1199	49.97	2400	2400	0.30	4803	0	0	1	640	0	0	0.00	0.01	50.03	0.00	0.00	50.03	0.00	0.00	0.00	53	55	106.45	40.97	0.00	0.00
1200	49.99	2400	2400	0.30	4999	0	0	5	678	0	0	0.00	0.08	49.93	0.00	0.00	50.01	0.00	0.00	0.00	51	55	106.34	40.90	0.00	0.00
1200	49.99	2400	2400	0.30	4798	0	0	9	734	0	0	0.00	1.34	48.68	0.00	0.00	50.01	0.00	0.00	0.00	52	54	106.41	40.92	0.00	0.00
1200	49.99	2400	2400	0.30	4980	0	0	1	792	0	0	0.00	0.00	50.01	0.00	0.00	50.01	0.00	0.00	0.00	52	55	106.37	40.83	0.00	0.00
1199	49.98	2400	2400	0.30	4777	0	0	1	775	0	0	0.00	0.01	50.02	0.00	0.00	50.02	0.00	0.00	0.00	51	55	106.24	40.71	0.00	0.00
1200	49.98	2400	2400	0.30	4809	0	0	6	755	0	0	0.00	0.04	49.98	0.00	0.00	50.02	0.00	0.00	0.00	51	55	106.26	40.93	0.00	0.00
1202	50.07	2400	2400	0.30	5582	0	0	4	814	0	0	0.00	0.05	49.88	0.00	0.00	49.93	0.00	0.00	0.00	52	55	106.19	40.97	0.00	0.00
1201	50.06	2400	2400	0.30	7869	0	0	13	790	0	0	0.00	0.05	49.89	0.00	0.00	49.94	0.00	0.00	0.00	52	55	106.06	40.83	0.00	0.00
1201	50.06	2400	2400	0.30	4444	0	0	0	620	0	0	0.00	0.00	49.95	0.00	0.00	49.94	0.00	0.00	0.00	52	55	106.16	40.79	0.00	0.00
1201	50.05	2400	2400	0.30	4530	0	0	4	665	0	0	0.00	0.63	49.31	0.00	0.00	49.95	0.00	0.00	0.00	52	55	106.12	40.81	0.00	0.00
1201	50.06	2400	2400	0.30	4753	0	0	0	708	0	0	0.00	0.00	49.94	0.00	0.00	49.94	0.00	0.00	0.00	52	55	106.10	40.86	0.00	0.00
1202	50.06	2400	2400	0.30	4625	0	0	4	646	0	0	0.00	0.21	49.73	0.00	0.00	49.94	0.00	0.00	0.00	51	55	106.08	40.98	0.00	0.00
1201	50.06	2400	2400	0.30	4459	0	0	0	628	0	0	0.00	0.00	49.95	0.00	0.00	49.94	0.00	0.00	0.00	52	55	106.13	40.82	0.00	0.00
1182	49.24	2400	2400	0.31	5500	0	0	13	763	0	0	0.00	0.05	50.70	0.00	0.00	50.76	0.00	0.00	0.00	52	55	105.24	40.30	0.00	0.00
1176	49.01	2399	2400	0.31	5575	0	0	22	865	0	0	0.00	0.12	50.86	0.00	0.00	50.99	0.00	0.00	0.00	52	56	105.18	40.34	0.00	0.00
1194	49.74	2400	2400	0.31	5906	0	0	3	718	0	0	0.00	0.02	50.24	0.00	0.00	50.26	0.00	0.00	0.00	51	55	105.63	40.55	0.00	0.00
1201	50.06	2400	2400	0.30	4470	0	0	4	632	0	0	0.00	0.07	49.87	0.00	0.00	49.94	0.00	0.00	0.00	52	54	106.00	40.79	0.00	0.00
1196	49.84	2400	2400	0.31	5312	0	0	10	823	0	0	0.00	0.82	49.35	0.00	0.00	50.16	0.00	0.00	0.00	52	55	105.81	40.39	0.00	0.00
1202	50.06	2400	2400	0.30	4622	0	0	4	733	0	0	0.00	0.05	49.89	0.00	0.00	49.94	0.00	0.00	0.00	52	55	106.00	40.75	0.00	0.00
1198	49.95	2400	2400	0.30	4585	0	0	2	718	0	0	0.00	0.01	50.04	0.00	0.00	50.05	0.00	0.00	0.00	51	56	105.86	40.71	0.00	0.00
1194	49.77	2399	2400	0.31	5197	0	0	3	809	0	0	0.00	0.02	50.21	0.00	0.00	50.23	0.00	0.00	0.00	51	56	105.85	40.61	0.00	0.00
1195	49.80	2400	2400	0.31	4880	0	0	6	708	0	0	0.00	0.09	50.11	0.00	0.00	50.20	0.00	0.00	0.00	52	55	105.92	40.76	0.00	0.00
1169	49.97	2400	2339	0.30	5112	0	0	9	778	0	0	0.00	2.68	46.09	0.00	0.00	50.03	0.00	0.00	0.00	52	56	101.96	39.21	0.00	0.00
1202	50.08	2400	2400	0.30	4761	0	0	4	689	0	0	0.00	0.05	49.88	0.00	0.00	49.92	0.00	0.00	0.00	53	55	106.05	40.73	0.00	0.00
1200	49.98	2400	2400	0.30	4834	0	0	1	659	0	0	0.00	0.00	50.01	0.00	0.00	50.02	0.00	0.00	0.00	53	56	105.99	40.64	0.00	0.00
1203	50.06	2400	2402	0.30	4718	0	0	0	666	0	0	0.00	0.00	49.99	0.00	0.00	49.94	0.00	0.00	0.00	53	56	106.22	40.80	0.00	0.00
1197	49.92	2400	2398	0.30	4854	0	0	9	712	0	0	0.00	1.63	48.40	0.00	0.00	50.08	0.00	0.00	0.00	53	55	105.76	40.47	0.00	0.00
1194	49.77	2399	2400	0.31	5775	0	0	2	663	0	0	0.00	0.02	50.21	0.00	0.00	50.23	0.00	0.00	0.00	52	56	105.86	40.47	0.00	0.00
1205	49.93	2400	2414	0.30	4643	0	0	2	652	0	0	0.00	0.00	50.36	0.00	0.00	50.07	0.00	0.00	0.00	52	56	107.14	41.18	0.00	0.00
1189	49.83	2400	2386	0.31	5181	0	0	22	754	0	0	0.00	0.12	49.76	0.00	0.00	50.17	0.00	0.00	0.00	53	56	104.66	40.10	0.00	0.00
1198	49.91	2400	2400	0.30	4697	0	0	10	586	0	0	0.00	0.09	50.00	0.00	0.00	50.09	0.00	0.00	0.00	53	56	106.09	40.57	0.00	0.00
1198	49.92	2400	2400	0.30	4885	0	0	14	681	0	0	0.00	1.09	48.99	0.00	0.00	50.08	0.00	0.00	0.00	53	56	106.08	40.68	0.00	0.00
1207	50.06	2400	2412	0.30	4703	0	0	6	687	0	0	0.00	0.07	50.12	0.00	0.00	49.94	0.00	0.00	0.00	52	56	106.74	40.84	0.00	0.00
1214	49.84	2400	2435	0.31	5069	0	0	11	706	0	0	0.00	0.08	50.82	0.00	0.00	50.16	0.00	0.00	0.00	52	56	108.15	41.40	0.00	0.00
1173	49.82	2400	2354	0.31	4909	0	0	4	718	0	0	0.00	0.02	49.21	0.00	0.00	50.18	0.00	0.00	0.00	53	56	103.27	39.60	0.00	0.00
1217	49.84	2400	2441	0.30	8675	0	0	9	705	0	0	0.00	0.20	50.82	0.00	0.00	50.16	0.00	0.00	0.00	53	55	108.49	41.57	0.00	0.00
1176	49.82	2400	2360	0.30	6555	0	0	44	664	0	0	0.00	0.02	49.32	0.00	0.00	50.18	0.00	0.00	0.00	53	56	103.26	39.73	0.00	0.00
1201	50.06	2400	2400	0.30	5173	0	0	12	603	0	0	0.00	0.12	49.83	0.00	0.00	49.94	0.00	0.00	0.00	53	56	106.11	40.63	0.00	0.00
1196	49.85	2400	2400	0.30	4870	0	0	11	725	0	0	0.00	1.99	48.17	0.00	0.00	50.15	0.00	0.00	0.00	53	56	105.91	40.74	0.00	0.00
1195	49.79	2400	2400	0.30	4902	0	0	18	696	0	0	0.00	0.17	50.04	0.00	0.00	50.21	0.00	0.00	0.00	54	55	105.82	40.55	0.00	0.00
1198	49.92	2400	2400	0.30	5198	0	0	8	619	0	0	0.00	0.02	50.07	0.00	0.00	50.08	0.00	0.00	0.00	53	55	106.01	40.67	0.00	0.00
1203	50.11	2400	2400	0.30	5259	0	0	14	979	0	0	0.00	0.55	49.34	0.00	0.00	49.89	0.00	0.00	0.00	54	56	106.15	40.67	0.00	0.00
1201	50.04	2400	2400	0.30	5262	0	0	64	782	0	0	0.00	13.34	36.63	0.00	0.00	49.96	0.00	0.00	0.00	53	55	106.10	40.57	0.00	0.00
1199	49.95	2400	2400	0.30	5121	0	0	2	698	0	0	0.00	0.02	50.04	0.00	0.00	50.05	0.00	0.00	0.00	54	57	106.20	40.51	0.00	0.00
1199	49.96	2400	2400	0.30	4872	0	0	5	720	0	0	0.00	0.05	49.99	0.00	0.00	50.04	0.00	0.00	0.00	53	56	106.31	40.75	0.00	0.00
1199	49.95	2400	2400	0.30	4930	0	0	4	670	0	0	0.00	0.32	49.74	0.00	0.00	50.05	0.00	0.00	0.00	52	56	106.43	41.03	0.00	0.00
1199	49.96	2400	2400	0.30	5469	0	0	12	772	0	0	0.00	0.13	49.91	0.00	0.00	50.04	0.00	0.00	0.00	53	55	106.35	40.77	0.00	0.00
1194	49.76	2400	2400	0.30	5213	0	0	4	722	0	0	0.00	0.04	50.20	0.00	0.00	50.24	0.00	0.00	0.00	53	55	106.23	40.87	0.00	0.00
1198	49.91	2400	2400	0.30	5019	0	0	5	734	0	0	0.00	0.08	50.01	0.00	0.00	50.09	0.00	0.00	0.00	53	55	106.47	40.84	0.00	0.00
1198	49.92	2400	2400	0.30	4801	0	0	1	657	0	0	0.00	0.01	50.07	0.00	0.00	50.08	0.00	0.00	0.00	53	55	106.56	40.94	0.00	0.00
1198	49.93	2400	2400	0.30	5231	0	0	1	671	0	0	0.00	0.01	50.07	0.00	0.00	50.07	0.00	0.00	0.00	52	56	106.66	40.99	0.00	0.00
1198	49.92	2400	2400	0.30	4902	0	0	1	708	0	0	0.00	0.01	50.08	0.00	0.00	50.08	0.00	0.00	0.00	53	55	106.69	41.08	0.00	0.00
1195	49.81	2400	2400	0.30	5144	0	0	6	695	0	0	0.00	0.06	50.13	0.00	0.00	50.19	0.00	0.00	0.00	53	57	106.64	40.92	0.00	0.00
1199	49.96	2400	2400	0.29	5298	0	0	1	716	0	0	0.00	0.01	50.04	0.00	0.00	50.04	0.00	0.00	0.00	53	56	106.90	41.19	0.00	0.00
1199	49.96	2400	2400	0.29	4795	0	0	5	660	0	0	0.00	0.05	49.99	0.00	0.00	50.04	0.00	0.00	0.00	54	56	106.90	41.20	0.00	0.00
1199	49.96	2400	2400	0.29	4790	0	0	5	675	0	0	0.00	0.96	49.09	0.00	0.00	50.04	0.00	0.00	0.00	53	56	107.07	41.46	0.00	0.00
1199	49.95	2400	2400	0.29	5168	0	0	13	638	0	0	0.00	0.13	49.91	0.00	0.00	50.05	0.00	0.00	0.00	53	56	107.02	41.29	0.00	0.00
1199	49.95	2400	2400	0.29	5154	0	0	9	735	0	0	0.00	1.38	48.67	0.00	0.00	50.05	0.00	0.00	0.00	54	57	107.01	41.29	0.00	0.00
1198	49.94	2400	2400	0.29	4975	0	0	5	673	0	0	0.00	0.02	50.04	0.00	0.00	50.06	0.00	0.00	0.00	53	57	106.98	41.40	0.00	0.00
1198	49.91	2400	2400	0.29	4825	0	0	5	672	0	0	0.00	0.04	50.05	0.00	0.00	50.09	0.00	0.00	0.00	53	56	107.08	41.41	0.00	0.00
1198	49.92	2400	2400	0.29	5008	0	0	5	685	0	0	0.00	0.09	50.00	0.00	0.00	50.08	0.00	0.00	0.00	54	56	107.12	41.26	0.00	0.00
1199	49.94	2400	2400	0.29	5021	0	0	7	623	0	0	0.00	0.06	50.00	0.00	0.00	50.06	0.00	0.00	0.00	53	56	107.16	41.43	0.00	0.00
1199	49.95	2400	2400	0.29	4931	0	0	6	692	0	0	0.00	0.06	49.99	0.00	0.00	50.05	0.00	0.00	0.00	52	56	107.17	41.46	0.00	0.00
1195	49.80	2400	2400	0.29	4984	0	0	9	683	0	0	0.00	0.21	49.98	0.00	0.00	50.20	0.00	0.00	0.00	53	56	107.13	41.44	0.00	0.00
1219	49.74	2400	2451	0.29	4983	0	0	9	624	0	0	0.00	0.79	50.54	0.00	0.00	50.26	0.00	0.00	0.00	53	57	110.09	42.55	0.00	0.00
1173	49.92	2400	2350	0.29	4891	0	0	2	723	0	0	0.00	0.01	49.02	0.00	0.00	50.08	0.00	0.00	0.00	52	57	104.45	40.53	0.00	0.00
1201	50.05	2400	2400	0.28	8981	0	0	6	713	0	0	0.00	0.00	49.95	0.00	0.00	49.95	0.00	0.00	0.00	53	57	107.47	41.72	0.00	0.00
1201	50.06	2400	2400	0.28	4818	0	0	0	718	0	0	0.00	0.00	49.94	0.00	0.00	49.94	0.00	0.00	0.00	53	56	107.36	41.68	0.00	0.00
1201	50.05	2400	2400	0.28	4812	0	0	12	584	0	0	0.00	0.70	49.26	0.00	0.00	49.95	0.00	0.00	0.00	54	56	107.42	41.54	0.00	0.00
1201	50.06	2400	2400	0.28	4730	0	0	8	646	0	0	0.00	0.09	49.84	0.00	0.00	49.94	0.00	0.00	0.00	53	56	107.47	41.64	0.00	0.00
1202	50.07	2400	2400	0.28	4908	0	0	4	722	0	0	0.00	0.08	49.86	0.00	0.00	49.93	0.00	0.00	0.00	54	56	107.43	41.26	0.00	0.00
1202	50.07	2400	2400	0.28	4840	0	0	5	725	0	0	0.00	0.05	49.89	0.00	0.00	49.93	0.00	0.00	0.00	53	56	107.41	41.74	0.00	0.00
1202	50.06	2400	2400	0.28	4785	0	0	0	727	0	0	0.00	0.00	49.95	0.00	0.00	49.94	0.00	0.00	0.00	53	58	107.47	41.85	0.00	0.00
1201	50.06	2400	2400	0.28	4701	0	0	0	602	0	0	0.00	0.00	49.95	0.00	0.00	49.94	0.00	0.00	0.00	53	56	107.37	41.63	0.00	0.00
1202	50.07	2400	2400	0.28	4793	0	0	12	692	0	0	0.00	0.78	49.15	0.00	0.00	49.93	0.00	0.00	0.00	53	56	107.41	41.77	0.00	0.00
1202	50.08	2400	2400	0.28	4740	0	0	4	660	0	0	0.00	0.72	49.21	0.00	0.00	49.92	0.00	0.00	0.00	53	57	107.43	41.58	0.00	0.00
1202	50.06	2400	2400	0.28	4754	0	0	0	705	0	0	0.00	0.00	49.94	0.00	0.00	49.94	0.00	0.00	0.00	53	56	107.46	41.75	0.00	0.00
1201	50.06	2400	2400	0.28	4920	0	0	40	747	0	0	0.00	25.37	24.57	0.00	0.00	49.94	0.00	0.00	0.00	54	57	107.41	41.57	0.00	0.00
1201	50.06	2400	2400	0.28	4749	0	0	28	657	0	0	0.00	0.98	48.96	0.00	0.00	49.94	0.00	0.00	0.00	53	57	107.53	41.93	0.00	0.00
1194	49.76	2400	2400	0.28	4826	0	0	9	708	0	0	0.00	0.05	50.19	0.00	0.00	50.24	0.00	0.00	0.00	53	56	107.20	41.63	0.00	0.00
1192	49.54	2400	2407	0.28	5487	0	0	10	633	0	0	0.00	0.11	50.49	0.00	0.00	50.46	0.00	0.00	0.00	53	56	107.75	41.88	0.00	0.00
1196	49.99	2400	2393	0.28	4549	0	0	6	600	0	0	0.00	0.01	49.85	0.00	0.00	50.01	0.00	0.00	0.00	53	58	106.61	41.26	0.00	0.00
1201	50.03	2400	2400	0.28	5100	0	0	5	675	0	0	0.00	0.45	49.52	0.00	0.00	49.97	0.00	0.00	0.00	53	57	107.35	41.81	0.00	0.00
1187	49.48	2399	2400	0.28	4591	0	0	13	807	0	0	0.00	0.03	50.48	0.00	0.00	50.52	0.00	0.00	0.00	53	56	106.67	41.43	0.00	0.00
1200	49.99	2400	2400	0.28	4764	0	0	1	663	0	0	0.00	0.00	50.01	0.00	0.00	50.01	0.00	0.00	0.00	54	57	107.19	41.33	0.00	0.00
1201	50.06	2400	2400	0.28	4660	0	0	8	626	0	0	0.00	0.12	49.82	0.00	0.00	49.94	0.00	0.00	0.00	53	57	107.33	41.37	0.00	0.00
1198	49.91	2400	2400	0.28	4825	0	0	1	714	0	0	0.00	0.01	50.09	0.00	0.00	50.09	0.00	0.00	0.00	54	57	107.26	41.78	0.00	0.00
1201	50.06	2400	2400	0.28	4683	0	0	0	649	0	0	0.00	0.00	49.94	0.00	0.00	49.94	0.00	0.00	0.00	53	56	107.44	41.69	0.00	0.00
1198	49.92	2400	2400	0.28	5366	0	0	5	700	0	0	0.00	0.06	50.03	0.00	0.00	50.08	0.00	0.00	0.00	54	57	107.24	42.16	0.00	0.00
1201	50.07	2400	2400	0.28	4703	0	0	7	653	0	0	0.00	0.94	49.00	0.00	0.00	49.93	0.00	0.00	0.00	53	56	107.44	41.75	0.00	0.00
1199	49.94	2400	2400	0.28	4815	0	0	7	709	0	0	0.00	1.03	49.03	0.00	0.00	50.06	0.00	0.00	0.00	53	56	107.36	41.99	0.00	0.00
1201	50.05	2400	2400	0.28	4681	0	0	4	622	0	0	0.00	0.07	49.88	0.00	0.00	49.95	0.00	0.00	0.00	54	56	107.43	41.92	0.00	0.00
1199	49.95	2400	2400	0.28	4835	0	0	9	662	0	0	0.00	0.24	49.82	0.00	0.00	50.05	0.00	0.00	0.00	54	57	107.45	41.69	0.00	0.00
1202	50.07	2400	2400	0.28	4248	0	0	3	634	0	0	0.00	0.12	49.82	0.00	0.00	49.93	0.00	0.00	0.00	53	58	107.35	41.98	0.00	0.00
