Loading GT:
Loading queries:
Loading index from sift1b_1m_ef_40_M_16.bin:
Actual memory usage: 416 Mb 
Parsing gt:
10000
Loaded gt
1	0.2346	5.7045 us	47.5354
2	0.3608	7.8013 us	79.5329
3	0.4482	9.5863 us	105.61
4	0.5151	10.8905 us	128.669
5	0.5652	11.8623 us	149.676
6	0.6065	13.1752 us	169.047
7	0.6392	14.6263 us	186.814
8	0.6666	15.8574 us	204.337
9	0.6897	16.8271 us	221.409
10	0.7087	18.007 us	237.477
11	0.7261	19.4779 us	253.175
12	0.7414	20.1973 us	268.575
13	0.7563	22.002 us	283.919
14	0.7656	22.9454 us	299.144
15	0.7773	23.4671 us	313.6
16	0.7875	24.5488 us	328.035
17	0.7976	25.9779 us	342.249
18	0.8072	27.3207 us	356.092
19	0.8152	28.1866 us	370.002
20	0.8219	28.1943 us	383.881
21	0.8282	29.3916 us	397.626
22	0.8336	30.6712 us	411.365
23	0.8383	31.0713 us	424.852
24	0.8435	32.5485 us	438.408
25	0.8477	33.3822 us	451.849
26	0.8512	34.6016 us	465.125
27	0.8548	35.4258 us	478.407
28	0.8584	36.2328 us	491.481
29	0.8627	37.1649 us	504.526
30	0.8663	38.0411 us	517.761
40	0.893	47.5919 us	647.504
50	0.9122	56.7965 us	772.981
60	0.9237	66.3384 us	896.755
70	0.9328	75.6304 us	1017.71
80	0.9388	84.601 us	1136.49
90	0.9442	94.2748 us	1253.91
100	0.9473	103.162 us	1369.39
140	0.9546	137.936 us	1816.74
180	0.9583	174.136 us	2243.15
220	0.96	207.122 us	2653.56
260	0.9614	242.678 us	3051.66
300	0.962	275.28 us	3437.83
340	0.9627	312.675 us	3814.84
380	0.9633	344.595 us	4183.37
420	0.9634	377.139 us	4545.07
460	0.9637	409.437 us	4900.59
Actual memory usage: 419 Mb 
