Loading GT:
Loading queries:
Loading index from sift1b_1m_ef_40_M_16.bin:
Actual memory usage: 454 Mb 
Parsing gt:
10000
Loaded gt
1	0.2308	7.9782 us	46.9724
2	0.362	11.153 us	79.6959
3	0.4543	13.9829 us	108.444
4	0.5267	16.9189 us	137.418
5	0.5843	19.7068 us	166.609
6	0.6294	22.063 us	193.168
7	0.6643	24.5862 us	219.222
8	0.6934	26.884 us	243.935
9	0.7176	29.1029 us	267.22
10	0.7392	31.1716 us	289.608
11	0.7542	33.2321 us	310.523
12	0.7696	34.9262 us	330.079
13	0.783	36.6539 us	348.459
14	0.7939	38.7367 us	365.876
15	0.803	39.9921 us	382.481
16	0.8131	41.5472 us	397.821
17	0.8211	43.0645 us	413.413
18	0.8287	44.7555 us	428.259
19	0.8352	46.1793 us	442.69
20	0.8414	47.616 us	456.578
21	0.8461	48.9313 us	470.261
22	0.8513	50.9794 us	483.828
23	0.8559	51.6043 us	497.024
24	0.86	53.1529 us	509.984
25	0.8641	53.8274 us	522.849
26	0.8669	54.9757 us	535.598
27	0.87	56.4948 us	548.251
28	0.8738	57.3318 us	560.884
29	0.8772	60.3904 us	573.434
30	0.881	60.7792 us	585.986
40	0.9026	73.1613 us	707.9
50	0.918	84.8539 us	828.168
60	0.9282	96.2463 us	946.503
70	0.9356	109.117 us	1064.68
80	0.9418	120.459 us	1181.07
90	0.9454	131.902 us	1295.83
100	0.9488	143.482 us	1409.49
140	0.9571	187.672 us	1850.8
180	0.9605	231.66 us	2273.95
220	0.9616	274.345 us	2682.52
260	0.9632	315.536 us	3079.5
300	0.9638	356.533 us	3465.4
340	0.9645	398.756 us	3841.96
380	0.9647	434.867 us	4209.9
420	0.9653	471.817 us	4571.91
460	0.9657	510.388 us	4927.37
