Avg_MHz	Busy%	Bzy_MHz	TSC_MHz	IPC	IRQ	SMI	POLL	C1	POLL%	C1%	CPU%c1	CPU%c6	CoreTmp	PkgTmp	Pkg%pc2	Pkg%pc6	PkgWatt	RAMWatt	PKG_%	RAM_%
1204	50.10	2401	2502	0.19	14965	0	20	2062	0.00	49.94	49.90	0.00	50	50	0.00	0.00	242.09	45.66	0.00	0.00
1203	50.09	2401	2500	0.19	13895	0	12	1597	0.00	49.91	49.91	0.00	50	50	0.00	0.00	242.13	45.62	0.00	0.00
1201	50.04	2401	2500	0.19	14169	0	0	1767	0.00	49.96	49.96	0.00	50	50	0.00	0.00	242.20	45.65	0.00	0.00
1201	50.04	2400	2500	0.19	14019	0	0	1725	0.00	49.96	49.96	0.00	51	51	0.00	0.00	242.31	45.64	0.00	0.00
1201	50.05	2400	2500	0.19	14134	0	0	1767	0.00	49.95	49.95	0.00	51	50	0.00	0.00	242.56	45.67	0.00	0.00
1201	50.04	2400	2500	0.19	15715	0	4	1671	0.00	49.96	49.96	0.00	51	51	0.00	0.00	242.44	45.63	0.00	0.00
1201	50.04	2400	2500	0.19	20804	0	3	1662	0.00	49.96	49.96	0.00	51	51	0.00	0.00	242.75	45.67	0.00	0.00
1202	50.04	2401	2500	0.19	32277	0	1	1807	0.00	49.95	49.96	0.00	51	51	0.00	0.00	242.99	45.68	0.00	0.00
1202	50.03	2403	2500	0.19	70075	0	1	1576	0.00	49.96	49.97	0.00	51	51	0.00	0.00	243.51	45.73	0.00	0.00
1202	50.04	2403	2500	0.19	63840	0	1	1737	0.00	49.95	49.96	0.00	51	51	0.00	0.00	243.54	45.79	0.00	0.00
1202	50.03	2402	2500	0.19	65404	0	0	1613	0.00	49.96	49.97	0.00	51	52	0.00	0.00	243.22	45.77	0.00	0.00
1201	50.04	2401	2500	0.20	351943	0	0	1563	0.00	49.96	49.96	0.00	51	52	0.00	0.00	244.83	46.15	0.00	0.00
1201	50.04	2400	2500	0.20	115350	0	0	1652	0.00	49.96	49.96	0.00	51	52	0.00	0.00	245.39	46.63	0.00	0.00
1201	50.05	2400	2500	0.20	87784	0	2	1670	0.00	49.95	49.95	0.00	52	52	0.00	0.00	246.32	47.18	0.00	0.00
1201	50.04	2400	2500	0.21	80934	0	0	1573	0.00	49.96	49.96	0.00	52	52	0.00	0.00	246.86	47.67	0.00	0.00
1201	50.05	2400	2500	0.21	74194	0	1	1676	0.00	49.95	49.95	0.00	52	52	0.00	0.00	247.42	48.24	0.00	0.00
1201	50.04	2400	2500	0.21	68314	0	0	1538	0.00	49.96	49.96	0.00	52	52	0.00	0.00	248.03	48.47	0.00	0.00
1201	50.04	2400	2500	0.21	66265	0	0	1636	0.00	49.96	49.96	0.00	52	52	0.00	0.00	249.17	49.09	0.00	0.00
1201	50.04	2400	2500	0.22	77196	0	3	1686	0.00	49.96	49.96	0.00	53	52	0.00	0.00	249.80	49.52	0.00	0.00
1201	50.05	2400	2500	0.22	62924	0	1	1951	0.00	49.95	49.95	0.00	53	53	0.00	0.00	250.71	49.88	0.00	0.00
1201	50.04	2400	2500	0.22	53171	0	0	1652	0.00	49.95	49.96	0.00	53	53	0.00	0.00	251.16	50.34	0.00	0.00
1201	50.05	2400	2500	0.22	14172	0	0	1878	0.00	49.96	49.95	0.00	53	53	0.00	0.00	252.19	50.68	0.00	0.00
1201	50.05	2400	2500	0.23	69709	0	3	1877	0.00	49.96	49.95	0.00	53	53	0.00	0.00	252.95	50.89	0.00	0.00
1201	50.06	2400	2500	0.23	59445	0	0	1744	0.00	49.94	49.94	0.00	53	53	0.00	0.00	253.29	51.16	0.00	0.00
1201	50.04	2400	2500	0.23	68261	0	1	1631	0.00	49.96	49.96	0.00	53	53	0.00	0.00	254.05	51.62	0.00	0.00
1201	50.05	2400	2500	0.24	65583	0	0	1668	0.00	49.96	49.95	0.00	53	53	0.00	0.00	254.62	51.83	0.00	0.00
1201	50.04	2400	2500	0.24	84997	0	4	1523	0.00	49.96	49.96	0.00	53	53	0.00	0.00	255.67	52.14	0.00	0.00
1201	50.05	2400	2500	0.24	66401	0	2	1729	0.00	49.96	49.95	0.00	54	54	0.00	0.00	256.32	52.65	0.00	0.00
1201	50.04	2400	2500	0.24	73851	0	2	1648	0.00	49.96	49.96	0.00	54	54	0.00	0.00	256.94	52.73	0.00	0.00
1201	50.05	2400	2500	0.25	56810	0	6	1690	0.00	49.95	49.95	0.00	54	54	0.00	0.00	257.57	53.20	0.00	0.00
1201	50.05	2400	2500	0.25	66805	0	3	1746	0.00	49.96	49.95	0.00	54	54	0.00	0.00	258.59	53.36	0.00	0.00
1201	50.05	2400	2500	0.25	62968	0	0	1662	0.00	49.96	49.95	0.00	54	54	0.00	0.00	259.10	53.49	0.00	0.00
1201	50.04	2400	2500	0.26	76738	0	1	1679	0.00	49.96	49.96	0.00	54	54	0.00	0.00	259.54	53.88	0.00	0.00
1201	50.04	2400	2500	0.26	58330	0	1	1676	0.00	49.96	49.96	0.00	54	54	0.00	0.00	260.36	54.02	0.00	0.00
1201	50.05	2400	2500	0.26	60945	0	0	1792	0.00	49.96	49.95	0.00	54	54	0.00	0.00	261.21	54.46	0.00	0.00
1201	50.05	2400	2500	0.26	56882	0	3	1600	0.00	49.96	49.95	0.00	54	54	0.00	0.00	262.09	54.49	0.00	0.00
1201	50.04	2400	2500	0.27	78251	0	1	1762	0.00	49.96	49.96	0.00	55	55	0.00	0.00	262.77	54.75	0.00	0.00
1201	50.04	2400	2500	0.27	51440	0	7	1734	0.00	49.96	49.96	0.00	55	55	0.00	0.00	263.24	55.04	0.00	0.00
1201	50.05	2400	2500	0.27	66317	0	2	1830	0.00	49.95	49.95	0.00	55	55	0.00	0.00	263.75	55.49	0.00	0.00
1201	50.05	2400	2500	0.27	90444	0	0	1757	0.00	49.96	49.95	0.00	55	55	0.00	0.00	264.77	55.39	0.00	0.00
1201	50.05	2400	2500	0.28	25553	0	11	1793	0.00	49.95	49.95	0.00	55	55	0.00	0.00	265.37	55.62	0.00	0.00
1201	50.05	2400	2500	0.28	14241	0	4	1697	0.00	49.96	49.95	0.00	55	55	0.00	0.00	265.48	56.00	0.00	0.00
1201	50.05	2400	2500	0.28	14301	0	0	1669	0.00	49.95	49.95	0.00	55	55	0.00	0.00	265.54	56.06	0.00	0.00
1202	50.06	2400	2500	0.27	14651	0	1	2069	0.00	49.94	49.94	0.00	55	55	0.00	0.00	265.48	56.08	0.00	0.00
1201	50.05	2400	2500	0.27	14321	0	2	1756	0.00	49.95	49.95	0.00	55	56	0.00	0.00	264.47	55.98	0.00	0.00
1201	50.05	2400	2500	0.28	14240	0	1	1690	0.00	49.95	49.95	0.00	55	55	0.00	0.00	264.83	55.79	0.00	0.00
1201	50.05	2400	2500	0.28	14398	0	2	1641	0.00	49.95	49.95	0.00	56	55	0.00	0.00	265.19	56.09	0.00	0.00
1201	50.05	2400	2500	0.28	14539	0	3	1897	0.00	49.96	49.95	0.00	55	55	0.00	0.00	265.41	55.68	0.00	0.00
1201	50.05	2400	2500	0.28	14347	0	0	1717	0.00	49.95	49.95	0.00	56	56	0.00	0.00	265.57	55.88	0.00	0.00
1201	50.05	2400	2500	0.28	14860	0	6	1708	0.00	49.95	49.95	0.00	56	56	0.00	0.00	265.81	55.96	0.00	0.00
1202	50.04	2401	2500	0.28	122795	0	19	1734	0.00	49.95	49.96	0.00	56	56	0.00	0.00	265.83	55.72	0.00	0.00
1201	50.05	2401	2500	0.28	94150	0	1	1819	0.00	49.95	49.95	0.00	56	56	0.00	0.00	266.07	55.75	0.00	0.00
1202	50.07	2401	2500	0.28	94490	0	4	1555	0.00	49.92	49.93	0.00	56	56	0.00	0.00	266.39	55.81	0.00	0.00
1201	50.05	2400	2500	0.28	18845	0	3	1698	0.00	49.96	49.95	0.00	56	56	0.00	0.00	266.70	55.81	0.00	0.00
1201	50.05	2401	2500	0.28	794205	0	2	1757	0.00	49.95	49.95	0.00	56	56	0.00	0.00	266.70	55.74	0.00	0.00
1201	50.05	2401	2500	0.29	752298	0	2	1609	0.00	49.95	49.95	0.00	56	56	0.00	0.00	269.27	56.91	0.00	0.00
1198	50.08	2400	2492	0.29	129906	0	0	1824	0.00	49.78	49.92	0.00	56	56	0.00	0.00	270.12	57.61	0.00	0.00
1207	50.11	2401	2508	0.29	146669	0	1	1897	0.00	50.05	49.89	0.00	57	56	0.00	0.00	271.99	57.99	0.00	0.00
1201	50.05	2400	2500	0.29	143477	0	2	1761	0.00	49.95	49.95	0.00	57	57	0.00	0.00	270.85	57.79	0.00	0.00
1202	50.06	2400	2500	0.29	230952	0	7	1811	0.00	49.95	49.94	0.00	56	56	0.00	0.00	270.26	57.67	0.00	0.00
1201	50.05	2400	2500	0.29	124967	0	2	1734	0.00	49.96	49.95	0.00	57	57	0.00	0.00	270.12	57.66	0.00	0.00
1201	50.05	2400	2500	0.29	380373	0	3	1913	0.00	49.95	49.95	0.00	56	56	0.00	0.00	269.46	57.23	0.00	0.00
1201	50.05	2400	2500	0.29	468394	0	5	1733	0.00	49.95	49.95	0.00	57	57	0.00	0.00	268.85	56.81	0.00	0.00
1201	50.05	2400	2500	0.28	345764	0	1	1631	0.00	49.95	49.95	0.00	56	56	0.00	0.00	266.97	55.67	0.00	0.00
1201	50.05	2400	2500	0.28	208333	0	3	1793	0.00	49.96	49.95	0.00	57	57	0.00	0.00	266.64	55.57	0.00	0.00
1201	50.05	2400	2500	0.27	14097	0	2	1685	0.00	49.95	49.95	0.00	57	56	0.00	0.00	266.42	55.47	0.00	0.00
1201	50.05	2400	2500	0.27	14762	0	4	1726	0.00	49.95	49.95	0.00	57	57	0.00	0.00	266.68	55.42	0.00	0.00
1201	50.05	2400	2500	0.27	18258	0	2	1671	0.00	49.96	49.95	0.00	57	57	0.00	0.00	266.72	55.26	0.00	0.00
1202	50.02	2404	2500	0.28	265085	0	17	1896	0.00	49.97	49.98	0.00	57	57	0.00	0.00	267.00	55.49	0.00	0.00
1201	50.05	2401	2500	0.28	114772	0	3	1757	0.00	49.95	49.95	0.00	57	57	0.00	0.00	267.56	55.77	0.00	0.00
1202	50.05	2400	2501	0.28	14173	0	1	1826	0.00	49.96	49.95	0.00	57	57	0.00	0.00	267.50	56.05	0.00	0.00
1201	50.05	2400	2500	0.28	17564	0	1	1584	0.00	49.96	49.95	0.00	57	57	0.00	0.00	267.74	55.77	0.00	0.00
1201	50.05	2400	2500	0.28	14245	0	2	1848	0.00	49.95	49.95	0.00	57	57	0.00	0.00	267.73	55.80	0.00	0.00
1201	50.05	2400	2500	0.28	16727	0	1	1656	0.00	49.95	49.95	0.00	57	57	0.00	0.00	267.59	55.85	0.00	0.00
1201	50.05	2400	2500	0.28	14148	0	4	1755	0.00	49.95	49.95	0.00	57	57	0.00	0.00	267.76	55.86	0.00	0.00
1201	50.05	2400	2500	0.28	20455	0	1	1658	0.00	49.96	49.95	0.00	57	57	0.00	0.00	267.89	55.96	0.00	0.00
1201	50.05	2400	2500	0.28	14021	0	5	1647	0.00	49.95	49.95	0.00	57	57	0.00	0.00	267.92	55.95	0.00	0.00
1201	50.05	2400	2500	0.28	44307	0	3	1672	0.00	49.95	49.95	0.00	58	57	0.00	0.00	268.01	55.89	0.00	0.00
1201	50.05	2400	2500	0.28	14144	0	5	1723	0.00	49.95	49.95	0.00	58	57	0.00	0.00	267.94	55.88	0.00	0.00
1112	50.04	2400	2315	0.28	198518	0	10	1596	0.00	46.25	49.96	0.00	57	58	0.00	0.00	240.71	50.14	0.00	0.00
1199	50.04	2400	2496	0.28	15878	0	5	1710	0.00	49.88	49.96	0.00	58	58	0.00	0.00	264.22	55.05	0.00	0.00
1206	50.05	2400	2509	0.28	195776	0	13	1619	0.00	50.14	49.95	0.00	57	57	0.00	0.00	269.27	56.42	0.00	0.00
1195	50.04	2400	2487	0.28	16137	0	9	1628	0.00	49.70	49.96	0.00	57	58	0.00	0.00	264.45	55.23	0.00	0.00
1208	50.05	2401	2513	0.28	153575	0	20	1717	0.00	50.21	49.95	0.00	58	58	0.00	0.00	268.48	55.95	0.00	0.00
1201	49.99	2401	2501	0.28	16083	0	14	1737	0.00	50.03	50.01	0.00	58	58	0.00	0.00	266.92	55.60	0.00	0.00
1199	49.99	2404	2495	0.28	159450	0	21	1692	0.00	49.91	50.01	0.00	58	58	0.00	0.00	265.82	55.32	0.00	0.00
1197	50.04	2400	2492	0.28	16107	0	4	1601	0.00	49.80	49.96	0.00	58	58	0.00	0.00	266.15	55.31	0.00	0.00
1211	50.05	2400	2521	0.28	180813	0	4	1672	0.00	50.37	49.95	0.00	58	58	0.00	0.00	269.87	56.06	0.00	0.00
1191	50.01	2400	2482	0.27	303670	0	5	1790	0.00	49.63	49.99	0.00	58	58	0.00	0.00	264.32	54.73	0.00	0.00
1199	50.02	2400	2497	0.27	132315	0	3	1628	0.00	49.93	49.98	0.00	58	58	0.00	0.00	266.29	55.20	0.00	0.00
1201	50.04	2400	2501	0.27	16096	0	0	1581	0.00	49.98	49.96	0.00	58	58	0.00	0.00	267.53	55.40	0.00	0.00
1207	50.04	2400	2512	0.27	625686	0	11	1613	0.00	50.21	49.96	0.00	58	58	0.00	0.00	267.59	55.13	0.00	0.00
1193	49.95	2402	2487	0.27	171597	0	6	1399	0.00	49.78	50.05	0.00	58	58	0.00	0.00	264.26	54.51	0.00	0.00
1201	50.04	2400	2500	0.27	173678	0	1	1690	0.00	49.96	49.96	0.00	58	58	0.00	0.00	266.13	54.95	0.00	0.00
1202	50.05	2400	2502	0.27	310892	0	1	1630	0.00	49.99	49.95	0.00	58	58	0.00	0.00	266.39	54.89	0.00	0.00
1209	50.05	2400	2515	0.27	434323	0	4	1698	0.00	50.26	49.95	0.00	58	58	0.00	0.00	268.02	55.11	0.00	0.00
1194	49.96	2400	2490	0.27	15954	0	2	1663	0.00	49.83	50.04	0.00	58	58	0.00	0.00	264.04	54.42	0.00	0.00
1197	50.01	2400	2493	0.27	951625	0	8	1719	0.00	49.85	49.99	0.00	58	58	0.00	0.00	263.59	54.25	0.00	0.00
1203	50.04	2400	2504	0.27	354483	0	21	1706	0.00	50.04	49.96	0.00	58	58	0.00	0.00	265.17	54.66	0.00	0.00
1201	50.05	2400	2499	0.26	16973	0	12	1821	0.00	49.93	49.95	0.00	58	58	0.00	0.00	264.58	54.60	0.00	0.00
1200	50.01	2400	2500	0.26	16179	0	4	1732	0.00	49.99	49.99	0.00	58	58	0.00	0.00	264.63	54.64	0.00	0.00
1200	50.05	2400	2497	0.26	20649	0	3	1563	0.00	49.89	49.95	0.00	59	58	0.00	0.00	264.40	54.43	0.00	0.00
1201	50.06	2400	2500	0.26	13172	0	6	1606	0.00	49.95	49.94	0.00	59	58	0.00	0.00	264.94	54.58	0.00	0.00
