Avg_MHz	Busy%	Bzy_MHz	TSC_MHz	IPC	IRQ	SMI	POLL	C1	POLL%	C1%	CPU%c1	CPU%c6	CoreTmp	PkgTmp	Pkg%pc2	Pkg%pc6	PkgWatt	RAMWatt	PKG_%	RAM_%
1204	50.08	2402	2503	0.25	117535	0	9	1802	0.00	49.95	49.92	0.00	52	53	0.00	0.00	254.74	49.87	0.00	0.00
1201	50.03	2401	2499	0.25	107694	0	5	1720	0.00	49.94	49.97	0.00	52	52	0.00	0.00	254.90	50.10	0.00	0.00
1203	50.07	2401	2501	0.25	105370	0	9	1798	0.00	49.93	49.93	0.00	53	53	0.00	0.00	256.09	50.42	0.00	0.00
1203	50.08	2401	2500	0.26	84798	0	6	1967	0.00	49.91	49.92	0.00	52	53	0.00	0.00	256.83	50.72	0.00	0.00
1201	50.04	2401	2500	0.26	83803	0	2	1781	0.00	49.95	49.96	0.00	53	52	0.00	0.00	257.77	51.15	0.00	0.00
1201	50.04	2401	2500	0.26	57299	0	1	1990	0.00	49.95	49.96	0.00	53	53	0.00	0.00	258.65	51.28	0.00	0.00
1201	50.04	2400	2500	0.27	71016	0	2	1850	0.00	49.96	49.96	0.00	53	53	0.00	0.00	259.35	51.58	0.00	0.00
1201	50.04	2400	2500	0.27	86288	0	3	1999	0.00	49.95	49.96	0.00	53	53	0.00	0.00	260.52	52.00	0.00	0.00
1201	50.04	2401	2500	0.27	57766	0	1	1890	0.00	49.95	49.96	0.00	53	53	0.00	0.00	261.00	52.17	0.00	0.00
1201	50.05	2400	2500	0.28	78380	0	3	1792	0.00	49.95	49.95	0.00	53	53	0.00	0.00	261.59	52.37	0.00	0.00
1201	50.04	2400	2500	0.28	74879	0	0	1642	0.00	49.96	49.96	0.00	53	54	0.00	0.00	262.66	52.91	0.00	0.00
1201	50.04	2400	2500	0.28	74426	0	2	1791	0.00	49.95	49.96	0.00	53	53	0.00	0.00	263.53	52.98	0.00	0.00
1201	50.05	2400	2500	0.28	134154	0	6	1882	0.00	49.95	49.95	0.00	54	54	0.00	0.00	263.81	53.15	0.00	0.00
1201	50.04	2400	2500	0.28	14341	0	0	1661	0.00	49.96	49.96	0.00	54	54	0.00	0.00	264.21	53.17	0.00	0.00
1201	50.05	2400	2500	0.28	14667	0	1	1908	0.00	49.96	49.95	0.00	54	54	0.00	0.00	264.17	53.16	0.00	0.00
1201	50.04	2400	2500	0.28	14509	0	3	1769	0.00	49.96	49.96	0.00	54	54	0.00	0.00	264.44	53.16	0.00	0.00
1201	50.04	2400	2500	0.28	14383	0	1	1688	0.00	49.96	49.96	0.00	54	54	0.00	0.00	264.27	53.23	0.00	0.00
1201	50.04	2400	2500	0.28	14443	0	1	1764	0.00	49.95	49.96	0.00	54	54	0.00	0.00	264.59	53.34	0.00	0.00
1201	50.05	2400	2500	0.28	14651	0	2	1912	0.00	49.96	49.95	0.00	54	54	0.00	0.00	264.68	53.39	0.00	0.00
1201	50.05	2400	2500	0.28	14629	0	0	1939	0.00	49.95	49.95	0.00	54	54	0.00	0.00	264.48	53.37	0.00	0.00
1202	50.05	2402	2500	0.28	14431	0	4	1763	0.00	49.95	49.95	0.00	54	55	0.00	0.00	264.72	53.24	0.00	0.00
1201	50.04	2400	2500	0.29	14455	0	1	1718	0.00	49.95	49.96	0.00	54	55	0.00	0.00	264.93	53.49	0.00	0.00
1201	50.05	2400	2500	0.29	14681	0	5	1911	0.00	49.95	49.95	0.00	54	54	0.00	0.00	264.72	53.31	0.00	0.00
1201	50.05	2400	2500	0.29	14578	0	2	1855	0.00	49.95	49.95	0.00	55	55	0.00	0.00	264.96	53.21	0.00	0.00
1201	50.05	2400	2500	0.29	14343	0	5	1678	0.00	49.96	49.95	0.00	55	55	0.00	0.00	265.04	53.22	0.00	0.00
1201	50.04	2400	2500	0.29	14364	0	2	1647	0.00	49.96	49.96	0.00	55	55	0.00	0.00	264.93	53.24	0.00	0.00
1201	50.05	2400	2500	0.29	16263	0	17	1770	0.00	49.96	49.95	0.00	55	55	0.00	0.00	265.25	53.45	0.00	0.00
1201	50.04	2401	2500	0.28	14426	0	5	1850	0.00	49.95	49.96	0.00	55	55	0.00	0.00	265.24	53.53	0.00	0.00
1201	50.04	2400	2500	0.28	23510	0	30	1595	0.00	49.96	49.96	0.00	55	55	0.00	0.00	264.72	53.21	0.00	0.00
1198	49.62	2414	2500	0.28	214910	0	5	2001	0.00	50.35	50.38	0.00	55	55	0.00	0.00	262.91	52.62	0.00	0.00
1201	50.05	2400	2500	0.29	19901	0	0	1632	0.00	49.96	49.95	0.00	56	55	0.00	0.00	265.06	53.39	0.00	0.00
1201	50.04	2400	2500	0.29	14252	0	0	1682	0.00	49.95	49.96	0.00	56	55	0.00	0.00	265.03	53.33	0.00	0.00
1201	50.04	2400	2500	0.29	18527	0	0	1645	0.00	49.95	49.96	0.00	56	56	0.00	0.00	265.30	53.43	0.00	0.00
1201	50.04	2400	2500	0.29	36733	0	0	1719	0.00	49.96	49.96	0.00	56	56	0.00	0.00	265.38	53.46	0.00	0.00
1201	50.05	2400	2500	0.29	37193	0	0	1658	0.00	49.95	49.95	0.00	56	56	0.00	0.00	265.29	53.23	0.00	0.00
1201	50.04	2400	2500	0.29	195592	0	0	1645	0.00	49.95	49.96	0.00	56	56	0.00	0.00	265.46	53.19	0.00	0.00
1201	50.05	2400	2500	0.29	14936	0	0	1690	0.00	49.96	49.95	0.00	56	56	0.00	0.00	267.06	53.99	0.00	0.00
1201	50.05	2400	2500	0.29	191996	0	2	1827	0.00	49.95	49.95	0.00	56	56	0.00	0.00	267.71	54.07	0.00	0.00
1201	50.05	2400	2500	0.30	175794	0	0	1767	0.00	49.96	49.95	0.00	56	56	0.00	0.00	268.61	54.20	0.00	0.00
1201	50.05	2401	2500	0.30	363394	0	0	1707	0.00	49.94	49.95	0.00	56	56	0.00	0.00	268.90	54.28	0.00	0.00
1202	50.06	2400	2500	0.31	176676	0	0	1933	0.00	49.95	49.94	0.00	56	57	0.00	0.00	272.33	56.09	0.00	0.00
1201	50.05	2400	2500	0.31	184558	0	2	1667	0.00	49.96	49.95	0.00	57	57	0.00	0.00	272.85	56.02	0.00	0.00
1201	50.05	2400	2500	0.32	167367	0	0	1689	0.00	49.96	49.95	0.00	57	56	0.00	0.00	273.41	56.24	0.00	0.00
1201	50.04	2400	2500	0.32	147285	0	0	1416	0.00	49.96	49.96	0.00	57	57	0.00	0.00	274.03	56.35	0.00	0.00
1117	50.04	2400	2325	0.32	144974	0	3	1691	0.00	46.46	49.96	0.00	57	57	0.00	0.00	245.16	50.41	0.00	0.00
1200	50.04	2400	2497	0.32	142632	0	3	1644	0.00	49.91	49.96	0.00	57	57	0.00	0.00	275.19	56.72	0.00	0.00
1195	49.97	2403	2488	0.33	707307	0	14	1652	0.00	49.79	50.03	0.00	57	57	0.00	0.00	273.41	56.25	0.00	0.00
1205	50.04	2400	2507	0.33	151730	0	1	1639	0.00	50.10	49.96	0.00	57	57	0.00	0.00	278.38	57.67	0.00	0.00
1197	49.96	2402	2493	0.33	152828	0	17	1720	0.00	49.90	50.04	0.00	57	57	0.00	0.00	275.10	56.76	0.00	0.00
1213	50.04	2400	2525	0.33	124311	0	2	1608	0.00	50.47	49.96	0.00	57	57	0.00	0.00	280.88	58.11	0.00	0.00
1192	49.98	2402	2483	0.33	388494	0	5	1714	0.00	49.68	50.02	0.00	57	57	0.00	0.00	274.50	56.59	0.00	0.00
1211	50.04	2403	2518	0.33	21263	0	1	1703	0.00	50.32	49.96	0.00	57	57	0.00	0.00	279.69	57.82	0.00	0.00
1194	49.92	2408	2483	0.33	22582	0	0	1769	0.00	49.73	50.08	0.00	58	58	0.00	0.00	274.54	56.64	0.00	0.00
1202	50.01	2401	2503	0.33	16880	0	0	1693	0.00	50.05	49.99	0.00	58	57	0.00	0.00	276.24	57.17	0.00	0.00
1196	50.04	2400	2489	0.33	22916	0	2	1658	0.00	49.73	49.96	0.00	58	58	0.00	0.00	275.47	57.06	0.00	0.00
1224	50.04	2402	2547	0.33	16488	0	0	1753	0.00	50.91	49.96	0.00	58	58	0.00	0.00	284.56	58.94	0.00	0.00
1182	49.82	2409	2463	0.33	16007	0	0	1842	0.00	49.43	50.18	0.00	58	58	0.00	0.00	270.23	55.73	0.00	0.00
1199	49.91	2408	2494	0.32	214656	0	0	1620	0.00	49.96	50.09	0.00	58	58	0.00	0.00	274.58	56.64	0.00	0.00
1208	50.04	2403	2513	0.33	16325	0	0	1627	0.00	50.22	49.96	0.00	58	58	0.00	0.00	278.72	57.80	0.00	0.00
1201	48.84	2447	2513	0.32	15888	0	0	2419	0.00	51.40	51.16	0.00	58	58	0.00	0.00	272.86	55.22	0.00	0.00
1192	50.03	2402	2479	0.33	124093	0	0	1530	0.00	49.55	49.97	0.00	58	58	0.00	0.00	274.24	56.72	0.00	0.00
1212	50.03	2402	2520	0.33	60689	0	0	1650	0.00	50.37	49.97	0.00	59	58	0.00	0.00	280.91	58.08	0.00	0.00
1195	49.65	2409	2497	0.33	202162	0	4	1864	0.00	50.28	50.35	0.00	58	58	0.00	0.00	273.57	56.30	0.00	0.00
1199	49.68	2418	2494	0.32	938267	0	2	1902	0.00	50.20	50.32	0.00	58	58	0.00	0.00	272.05	55.18	0.00	0.00
1193	49.87	2408	2482	0.31	422342	0	0	1743	0.00	49.77	50.13	0.00	58	58	0.00	0.00	269.05	54.43	0.00	0.00
1203	50.05	2400	2505	0.31	16324	0	0	1688	0.00	50.05	49.95	0.00	58	59	0.00	0.00	273.95	55.41	0.00	0.00
1203	50.04	2400	2505	0.31	237614	0	0	1636	0.00	50.05	49.96	0.00	58	59	0.00	0.00	272.81	55.11	0.00	0.00
1200	50.04	2400	2498	0.31	16350	0	0	1723	0.00	49.93	49.96	0.00	58	58	0.00	0.00	271.88	55.02	0.00	0.00
1203	50.02	2405	2500	0.31	291903	0	0	1905	0.00	49.98	49.98	0.00	58	58	0.00	0.00	271.76	54.90	0.00	0.00
1203	50.03	2400	2504	0.31	16251	0	0	1615	0.00	50.04	49.97	0.00	58	59	0.00	0.00	272.42	54.94	0.00	0.00
1200	49.99	2400	2500	0.30	502494	0	0	1802	0.00	50.01	50.01	0.00	58	59	0.00	0.00	270.44	54.52	0.00	0.00
1196	50.04	2400	2489	0.30	277478	0	0	1746	0.00	49.74	49.96	0.00	59	59	0.00	0.00	268.40	53.86	0.00	0.00
1201	50.04	2400	2500	0.30	147294	0	0	1650	0.00	49.96	49.96	0.00	58	59	0.00	0.00	269.36	54.17	0.00	0.00
1211	50.05	2401	2520	0.29	249455	0	0	1710	0.00	50.35	49.95	0.00	58	59	0.00	0.00	271.07	54.08	0.00	0.00
1195	50.00	2402	2487	0.29	145071	0	0	1726	0.00	49.75	50.00	0.00	58	59	0.00	0.00	267.09	53.16	0.00	0.00
1218	50.04	2401	2534	0.29	23935	0	10	1677	0.00	50.65	49.96	0.00	58	59	0.00	0.00	273.45	54.44	0.00	0.00
1187	48.81	2447	2484	0.28	16240	0	4	2402	0.00	50.86	51.19	0.00	59	58	0.00	0.00	262.00	51.23	0.00	0.00
1191	49.89	2405	2481	0.29	15682	0	1	1373	0.00	49.72	50.11	0.00	59	58	0.00	0.00	264.71	52.78	0.00	0.00
1200	50.04	2400	2497	0.29	22748	0	0	1764	0.00	49.90	49.96	0.00	59	59	0.00	0.00	268.31	53.40	0.00	0.00
1207	50.04	2400	2513	0.29	51386	0	0	1682	0.00	50.22	49.96	0.00	59	59	0.00	0.00	270.85	54.10	0.00	0.00
1217	49.97	2406	2530	0.29	16285	0	0	1821	0.00	50.62	50.03	0.00	59	59	0.00	0.00	273.31	54.26	0.00	0.00
1182	50.00	2402	2460	0.29	114238	0	0	1629	0.00	49.19	50.00	0.00	59	59	0.00	0.00	262.31	52.13	0.00	0.00
1202	50.04	2401	2501	0.29	108078	0	0	1649	0.00	49.97	49.96	0.00	59	59	0.00	0.00	268.80	53.56	0.00	0.00
1197	50.04	2401	2491	0.29	107839	0	2	1734	0.00	49.77	49.96	0.00	59	59	0.00	0.00	268.62	53.69	0.00	0.00
1205	49.99	2400	2510	0.29	16230	0	3	1655	0.00	50.21	50.01	0.00	59	59	0.00	0.00	269.63	54.26	0.00	0.00
1205	50.04	2400	2509	0.30	19979	0	1	1656	0.00	50.14	49.96	0.00	59	59	0.00	0.00	270.40	54.29	0.00	0.00
1201	50.04	2400	2499	0.30	18779	0	2	1705	0.00	49.94	49.96	0.00	59	59	0.00	0.00	270.02	54.11	0.00	0.00
1200	50.04	2400	2498	0.30	25643	0	0	1720	0.00	49.92	49.96	0.00	59	59	0.00	0.00	269.47	54.02	0.00	0.00
1205	50.04	2400	2507	0.30	16185	0	1	1653	0.00	50.10	49.96	0.00	59	59	0.00	0.00	270.95	54.21	0.00	0.00
1192	50.04	2400	2480	0.30	282380	0	0	1773	0.00	49.57	49.96	0.00	59	59	0.00	0.00	266.90	53.28	0.00	0.00
1202	50.05	2400	2500	0.29	202943	0	10	1863	0.00	49.96	49.95	0.00	59	59	0.00	0.00	269.74	53.97	0.00	0.00
1202	50.04	2400	2501	0.29	179331	0	10	1702	0.00	49.98	49.96	0.00	59	59	0.00	0.00	268.94	53.77	0.00	0.00
1200	50.04	2400	2498	0.29	16347	0	0	1700	0.00	49.92	49.96	0.00	59	59	0.00	0.00	268.84	53.78	0.00	0.00
1206	50.05	2400	2510	0.29	197625	0	5	1821	0.00	50.15	49.95	0.00	59	59	0.00	0.00	270.11	53.68	0.00	0.00
1196	49.99	2403	2490	0.29	197221	0	20	1744	0.00	49.81	50.01	0.00	59	59	0.00	0.00	267.04	53.00	0.00	0.00
1213	50.04	2401	2525	0.29	383009	0	15	1654	0.00	50.47	49.96	0.00	60	59	0.00	0.00	271.78	54.07	0.00	0.00
1195	49.91	2407	2486	0.29	211122	0	11	1801	0.00	49.82	50.09	0.00	59	60	0.00	0.00	267.06	53.17	0.00	0.00
1197	49.72	2413	2494	0.29	199294	0	2	1909	0.00	50.16	50.28	0.00	60	59	0.00	0.00	266.96	53.16	0.00	0.00
1201	50.04	2400	2501	0.29	177324	0	0	1720	0.00	49.97	49.96	0.00	60	59	0.00	0.00	269.57	53.86	0.00	0.00
1198	50.05	2400	2494	0.29	388867	0	4	1845	0.00	49.82	49.95	0.00	60	60	0.00	0.00	268.92	53.72	0.00	0.00
1207	50.04	2400	2512	0.30	184908	0	2	1715	0.00	50.19	49.96	0.00	60	60	0.00	0.00	271.27	54.23	0.00	0.00
1201	49.96	2405	2500	0.29	193714	0	4	1881	0.00	50.04	50.04	0.00	60	60	0.00	0.00	270.33	54.10	0.00	0.00
1198	50.05	2400	2494	0.30	16360	0	0	1677	0.00	49.82	49.95	0.00	60	60	0.00	0.00	269.59	54.03	0.00	0.00
1212	50.05	2401	2521	0.30	178632	0	1	1883	0.00	50.37	49.95	0.00	60	60	0.00	0.00	272.93	54.65	0.00	0.00
1193	50.02	2402	2481	0.30	16152	0	3	1729	0.00	49.61	49.98	0.00	60	60	0.00	0.00	268.45	53.70	0.00	0.00
1200	50.08	2401	2495	0.30	366811	0	5	1755	0.00	49.82	49.92	0.00	60	60	0.00	0.00	270.69	54.26	0.00	0.00
1205	50.06	2400	2508	0.30	194051	0	0	1761	0.00	50.10	49.94	0.00	60	60	0.00	0.00	272.18	54.52	0.00	0.00
