Avg_MHz	Busy%	Bzy_MHz	TSC_MHz	IPC	IRQ	SMI	POLL	C1	POLL%	C1%	CPU%c1	CPU%c6	CoreTmp	PkgTmp	Pkg%pc2	Pkg%pc6	PkgWatt	RAMWatt	PKG_%	RAM_%
402	16.75	2397	2503	0.43	7293	0	2	2867	0.00	83.38	83.25	0.00	56	56	0.00	0.00	165.26	36.92	0.00	0.00
401	16.73	2396	2500	0.44	6949	0	0	2799	0.00	83.28	83.27	0.00	56	56	0.00	0.00	164.83	36.76	0.00	0.00
401	16.72	2400	2500	0.43	6801	0	2	2445	0.00	83.29	83.28	0.00	56	56	0.00	0.00	164.90	36.63	0.00	0.00
401	16.72	2396	2500	0.44	6862	0	1	2683	0.00	83.28	83.28	0.00	56	56	0.00	0.00	165.15	36.82	0.00	0.00
401	16.72	2400	2500	0.43	7156	0	4	2570	0.00	83.28	83.28	0.00	56	56	0.00	0.00	165.07	36.67	0.00	0.00
401	16.72	2396	2500	0.44	6744	0	3	2581	0.00	83.28	83.28	0.00	56	56	0.00	0.00	165.21	36.80	0.00	0.00
401	16.72	2398	2500	0.43	7106	0	3	2624	0.00	83.28	83.28	0.00	56	56	0.00	0.00	165.14	36.70	0.00	0.00
401	16.73	2397	2500	0.44	6867	0	2	2643	0.00	83.28	83.27	0.00	57	57	0.00	0.00	165.45	36.85	0.00	0.00
401	16.72	2397	2500	0.44	6807	0	4	2592	0.00	83.28	83.28	0.00	56	56	0.00	0.00	165.49	36.87	0.00	0.00
401	16.72	2396	2500	0.44	6823	0	0	2667	0.00	83.28	83.28	0.00	56	56	0.00	0.00	165.40	36.79	0.00	0.00
401	16.72	2398	2500	0.43	6573	0	2	2375	0.00	83.28	83.28	0.00	56	56	0.00	0.00	165.55	36.73	0.00	0.00
401	16.72	2396	2500	0.44	6773	0	1	2594	0.00	83.28	83.28	0.00	56	56	0.00	0.00	165.78	36.83	0.00	0.00
401	16.72	2399	2500	0.43	6720	0	1	2495	0.00	83.28	83.28	0.00	56	56	0.00	0.00	165.43	36.75	0.00	0.00
401	16.72	2396	2500	0.44	6692	0	3	2489	0.00	83.28	83.28	0.00	56	56	0.00	0.00	165.36	36.81	0.00	0.00
401	16.72	2399	2500	0.43	6591	0	0	2369	0.00	83.28	83.28	0.00	56	56	0.00	0.00	165.49	36.71	0.00	0.00
401	16.72	2396	2500	0.44	6756	0	0	2596	0.00	83.28	83.28	0.00	56	56	0.00	0.00	165.40	36.83	0.00	0.00
401	16.72	2398	2500	0.43	6865	0	0	2641	0.00	83.28	83.28	0.00	56	56	0.00	0.00	165.30	36.65	0.00	0.00
401	16.73	2397	2500	0.44	6675	0	0	2524	0.00	83.28	83.27	0.00	56	56	0.00	0.00	165.17	36.77	0.00	0.00
401	16.72	2398	2500	0.43	6724	0	0	2522	0.00	83.29	83.28	0.00	56	56	0.00	0.00	165.23	36.61	0.00	0.00
401	16.72	2396	2500	0.44	6900	0	0	2689	0.00	83.28	83.28	0.00	56	56	0.00	0.00	165.43	36.72	0.00	0.00
401	16.72	2398	2500	0.43	6635	0	0	2470	0.00	83.29	83.28	0.00	56	56	0.00	0.00	165.23	36.60	0.00	0.00
402	16.75	2400	2499	0.43	7049	0	1	2805	0.00	83.22	83.25	0.00	57	57	0.00	0.00	165.01	37.00	0.00	0.00
401	16.73	2398	2501	0.43	6676	0	3	2487	0.00	83.31	83.27	0.00	56	56	0.00	0.00	165.42	37.96	0.00	0.00
401	16.74	2396	2500	0.44	6791	0	6	2683	0.00	83.26	83.26	0.00	56	56	0.00	0.00	164.99	37.93	0.00	0.00
401	16.72	2398	2500	0.43	6834	0	2	2606	0.00	83.29	83.28	0.00	56	56	0.00	0.00	165.12	37.89	0.00	0.00
401	16.72	2398	2500	0.43	7042	0	6	2848	0.00	83.28	83.28	0.00	57	57	0.00	0.00	165.05	37.88	0.00	0.00
401	16.73	2396	2500	0.44	6712	0	1	2535	0.00	83.28	83.27	0.00	56	56	0.00	0.00	165.15	37.99	0.00	0.00
401	16.72	2398	2500	0.43	6638	0	0	2428	0.00	83.28	83.28	0.00	56	56	0.00	0.00	165.26	37.84	0.00	0.00
401	16.72	2398	2500	0.43	6586	0	1	2360	0.00	83.29	83.28	0.00	56	56	0.00	0.00	165.16	37.79	0.00	0.00
401	16.72	2398	2500	0.43	6628	0	1	2442	0.00	83.28	83.28	0.00	56	56	0.00	0.00	165.42	37.88	0.00	0.00
401	16.72	2398	2500	0.43	6741	0	3	2575	0.00	83.29	83.28	0.00	56	56	0.00	0.00	165.34	37.86	0.00	0.00
401	16.72	2397	2500	0.44	6580	0	3	2403	0.00	83.28	83.28	0.00	56	56	0.00	0.00	165.70	38.05	0.00	0.00
401	16.72	2398	2500	0.43	6848	0	0	2634	0.00	83.28	83.28	0.00	56	56	0.00	0.00	165.30	37.89	0.00	0.00
401	16.72	2397	2500	0.43	6866	0	2	2622	0.00	83.28	83.28	0.00	56	56	0.00	0.00	165.36	37.91	0.00	0.00
401	16.72	2397	2500	0.43	6771	0	2	2645	0.00	83.28	83.28	0.00	57	57	0.00	0.00	165.32	37.83	0.00	0.00
401	16.72	2396	2500	0.44	6717	0	2	2567	0.00	83.28	83.28	0.00	57	57	0.00	0.00	165.31	37.90	0.00	0.00
401	16.73	2397	2500	0.44	6831	0	2	2596	0.00	83.27	83.27	0.00	56	56	0.00	0.00	165.44	37.91	0.00	0.00
401	16.72	2397	2500	0.43	6779	0	1	2549	0.00	83.28	83.28	0.00	57	57	0.00	0.00	165.58	37.91	0.00	0.00
401	16.73	2397	2500	0.43	7076	0	0	2866	0.00	83.28	83.27	0.00	56	56	0.00	0.00	165.34	37.95	0.00	0.00
401	16.72	2397	2500	0.43	6717	0	2	2512	0.00	83.28	83.28	0.00	57	57	0.00	0.00	165.18	37.97	0.00	0.00
401	16.72	2396	2500	0.44	6719	0	2	2540	0.00	83.28	83.28	0.00	56	56	0.00	0.00	165.36	37.99	0.00	0.00
401	16.72	2398	2500	0.44	6668	0	1	2474	0.00	83.28	83.28	0.00	56	56	0.00	0.00	165.25	37.96	0.00	0.00
401	16.72	2397	2500	0.43	6768	0	1	2556	0.00	83.28	83.28	0.00	56	56	0.00	0.00	165.06	37.87	0.00	0.00
401	16.72	2398	2500	0.43	6604	0	1	2379	0.00	83.29	83.28	0.00	57	57	0.00	0.00	165.19	37.96	0.00	0.00
401	16.72	2396	2500	0.44	6672	0	1	2495	0.00	83.28	83.28	0.00	57	57	0.00	0.00	165.29	38.07	0.00	0.00
402	16.72	2403	2500	0.43	6602	0	0	2416	0.00	83.29	83.28	0.00	56	56	0.00	0.00	165.05	37.88	0.00	0.00
401	16.73	2397	2500	0.43	6684	0	2	2490	0.00	83.28	83.27	0.00	57	57	0.00	0.00	165.01	37.90	0.00	0.00
401	16.72	2396	2500	0.44	6734	0	4	2522	0.00	83.28	83.28	0.00	57	57	0.00	0.00	165.26	37.94	0.00	0.00
401	16.72	2396	2500	0.44	6980	0	2	2556	0.00	83.28	83.28	0.00	57	57	0.00	0.00	165.14	38.01	0.00	0.00
401	16.72	2396	2500	0.44	6827	0	3	2683	0.00	83.28	83.28	0.00	57	57	0.00	0.00	165.16	38.00	0.00	0.00
401	16.72	2397	2500	0.43	6623	0	0	2468	0.00	83.28	83.28	0.00	57	57	0.00	0.00	165.26	38.01	0.00	0.00
390	16.42	2399	2478	0.43	6757	0	3	2396	0.00	82.84	83.58	0.00	57	57	0.00	0.00	159.24	36.46	0.00	0.00
407	16.86	2405	2510	0.43	6622	0	7	2167	0.00	83.50	83.14	0.00	57	57	0.00	0.00	168.02	38.62	0.00	0.00
396	16.52	2406	2490	0.43	7122	0	7	2489	0.00	83.13	83.48	0.00	57	57	0.00	0.00	162.36	35.86	0.00	0.00
401	16.72	2398	2500	0.43	7019	0	0	2273	0.00	83.28	83.28	0.00	57	57	0.00	0.00	165.58	36.88	0.00	0.00
401	16.72	2396	2500	0.44	6930	0	2	2559	0.00	83.27	83.28	0.00	57	57	0.00	0.00	165.65	37.01	0.00	0.00
403	16.77	2401	2504	0.43	6848	0	0	2414	0.00	83.36	83.23	0.00	57	57	0.00	0.00	166.34	37.06	0.00	0.00
403	16.74	2405	2502	0.43	6654	0	3	2321	0.00	83.33	83.26	0.00	57	57	0.00	0.00	166.46	37.06	0.00	0.00
400	16.67	2407	2494	0.43	6585	0	1	2311	0.00	83.14	83.33	0.00	57	57	0.00	0.00	163.48	36.09	0.00	0.00
401	16.72	2399	2501	0.43	6969	0	0	2532	0.00	83.30	83.28	0.00	57	57	0.00	0.00	165.71	36.83	0.00	0.00
407	16.77	2419	2507	0.42	6075	0	1	1795	0.00	83.47	83.23	0.00	57	57	0.00	0.00	167.68	37.16	0.00	0.00
401	16.63	2415	2497	0.42	6707	0	0	2450	0.00	83.27	83.37	0.00	57	57	0.00	0.00	163.74	36.00	0.00	0.00
403	16.76	2403	2505	0.43	6753	0	0	2411	0.00	83.40	83.24	0.00	57	57	0.00	0.00	165.83	36.79	0.00	0.00
402	16.70	2406	2500	0.43	6703	0	0	2364	0.00	83.31	83.30	0.00	57	57	0.00	0.00	165.38	36.67	0.00	0.00
398	16.61	2401	2493	0.43	6708	0	0	2447	0.00	83.15	83.39	0.00	57	57	0.00	0.00	164.11	36.45	0.00	0.00
401	16.71	2399	2499	0.43	7049	0	2	2559	0.00	83.26	83.29	0.00	57	57	0.00	0.00	165.56	36.74	0.00	0.00
401	16.72	2397	2500	0.44	6613	0	0	2220	0.00	83.29	83.28	0.00	57	57	0.00	0.00	165.58	37.00	0.00	0.00
405	16.81	2400	2507	0.43	6922	0	0	2514	0.00	83.42	83.19	0.00	57	57	0.00	0.00	167.21	37.29	0.00	0.00
405	16.70	2422	2501	0.42	6600	0	2	2312	0.00	83.35	83.30	0.00	57	57	0.00	0.00	165.09	36.51	0.00	0.00
400	16.63	2410	2495	0.43	6742	0	0	2402	0.00	83.20	83.37	0.00	57	57	0.00	0.00	164.77	36.62	0.00	0.00
399	16.66	2400	2497	0.43	6963	0	0	2634	0.00	83.24	83.34	0.00	57	57	0.00	0.00	164.05	36.61	0.00	0.00
406	16.85	2401	2509	0.43	6831	0	2	2389	0.00	83.47	83.15	0.00	57	57	0.00	0.00	168.11	37.59	0.00	0.00
401	16.68	2404	2499	0.43	6547	0	2	2249	0.00	83.30	83.32	0.00	57	57	0.00	0.00	164.34	36.60	0.00	0.00
400	16.63	2409	2496	0.43	6616	0	0	2428	0.00	83.25	83.37	0.00	57	57	0.00	0.00	164.10	36.63	0.00	0.00
402	16.72	2404	2501	0.43	6977	0	0	2585	0.00	83.31	83.28	0.00	57	57	0.00	0.00	165.92	37.01	0.00	0.00
398	16.63	2401	2494	0.43	6731	0	0	2432	0.00	83.19	83.37	0.00	57	57	0.00	0.00	164.20	36.56	0.00	0.00
402	16.76	2398	2503	0.43	7054	0	0	2602	0.00	83.34	83.24	0.00	57	57	0.00	0.00	165.95	37.04	0.00	0.00
400	16.65	2407	2497	0.43	6173	0	0	1833	0.00	83.26	83.35	0.00	57	57	0.00	0.00	165.07	36.77	0.00	0.00
401	16.72	2398	2500	0.43	6927	0	0	2490	0.00	83.29	83.28	0.00	57	57	0.00	0.00	165.73	36.94	0.00	0.00
401	16.72	2397	2500	0.44	6865	0	0	2522	0.00	83.28	83.28	0.00	57	57	0.00	0.00	165.94	37.04	0.00	0.00
403	16.75	2403	2502	0.43	6764	0	0	2288	0.00	83.33	83.25	0.00	57	57	0.00	0.00	166.69	37.18	0.00	0.00
400	16.68	2398	2498	0.43	6860	0	0	2508	0.00	83.25	83.32	0.00	57	57	0.00	0.00	164.83	36.75	0.00	0.00
406	16.82	2407	2508	0.43	6789	0	2	2330	0.00	83.44	83.18	0.00	57	57	0.00	0.00	167.67	37.48	0.00	0.00
400	16.62	2412	2496	0.43	6597	0	0	2381	0.00	83.24	83.38	0.00	57	57	0.00	0.00	164.38	36.46	0.00	0.00
401	16.62	2417	2497	0.42	6257	0	0	1920	0.00	83.27	83.38	0.00	57	57	0.00	0.00	163.79	36.11	0.00	0.00
402	16.73	2404	2501	0.43	6927	0	0	2532	0.00	83.31	83.27	0.00	57	57	0.00	0.00	166.54	37.27	0.00	0.00
400	16.67	2402	2499	0.43	6773	0	1	2368	0.00	83.28	83.33	0.00	57	57	0.00	0.00	164.49	36.43	0.00	0.00
403	16.74	2404	2502	0.43	6938	0	2	2592	0.00	83.33	83.26	0.00	57	57	0.00	0.00	167.12	37.34	0.00	0.00
401	16.70	2400	2501	0.43	6501	0	2	2174	0.00	83.33	83.30	0.00	57	57	0.00	0.00	164.54	36.57	0.00	0.00
408	16.91	2400	2513	0.43	6876	0	0	2339	0.00	83.52	83.09	0.00	57	57	0.00	0.00	168.74	37.66	0.00	0.00
393	16.47	2400	2485	0.43	6639	0	0	2407	0.00	83.03	83.53	0.00	57	57	0.00	0.00	162.06	35.96	0.00	0.00
406	16.79	2414	2505	0.42	6963	0	2	2552	0.00	83.39	83.21	0.00	57	57	0.00	0.00	166.71	36.99	0.00	0.00
401	16.70	2402	2500	0.43	6549	0	0	2245	0.00	83.30	83.30	0.00	57	57	0.00	0.00	164.97	36.82	0.00	0.00
399	16.62	2406	2495	0.43	6796	0	0	2468	0.00	83.22	83.38	0.00	57	57	0.00	0.00	164.24	36.59	0.00	0.00
401	16.72	2396	2500	0.44	6899	0	0	2459	0.00	83.28	83.28	0.00	57	57	0.00	0.00	165.69	37.04	0.00	0.00
401	16.74	2396	2499	0.43	6862	0	2	2438	0.00	83.24	83.26	0.00	57	57	0.00	0.00	165.40	36.90	0.00	0.00
401	16.72	2397	2501	0.44	6798	0	0	2394	0.00	83.31	83.28	0.00	57	57	0.00	0.00	165.69	37.11	0.00	0.00
401	16.72	2398	2500	0.43	6664	0	2	2284	0.00	83.29	83.28	0.00	57	57	0.00	0.00	165.63	36.94	0.00	0.00
402	16.76	2397	2503	0.43	6858	0	0	2433	0.00	83.35	83.24	0.00	57	57	0.00	0.00	165.90	37.05	0.00	0.00
400	16.67	2402	2497	0.43	6521	0	0	2159	0.00	83.23	83.33	0.00	57	57	0.00	0.00	164.73	36.54	0.00	0.00
401	16.72	2397	2500	0.44	6735	0	1	2308	0.00	83.29	83.28	0.00	57	57	0.00	0.00	165.36	36.94	0.00	0.00
401	16.72	2397	2500	0.43	7139	0	0	2718	0.00	83.29	83.28	0.00	57	57	0.00	0.00	165.42	36.82	0.00	0.00
403	16.91	2385	2500	0.44	2620	0	0	2079	0.00	83.12	83.09	0.00	57	57	0.00	0.00	165.73	36.91	0.00	0.00
