Avg_MHz	Busy%	Bzy_MHz	TSC_MHz	IPC	IRQ	SMI	POLL	C1	POLL%	C1%	CPU%c1	CPU%c6	CoreTmp	PkgTmp	Pkg%pc2	Pkg%pc6	PkgWatt	RAMWatt	PKG_%	RAM_%
462	16.69	2766	2502	0.71	6745	0	0	2447	0.00	83.34	83.31	0.00	52	52	0.00	0.00	177.50	39.09	0.00	0.00
462	16.68	2768	2500	0.70	6609	0	0	2469	0.00	83.28	83.32	0.00	52	52	0.00	0.00	177.39	38.97	0.00	0.00
462	16.68	2766	2500	0.70	6952	0	2	2725	0.00	83.28	83.32	0.00	52	52	0.00	0.00	177.50	38.96	0.00	0.00
461	16.69	2764	2500	0.71	6987	0	0	2799	0.00	83.28	83.31	0.00	52	52	0.00	0.00	178.09	39.12	0.00	0.00
461	16.68	2766	2500	0.70	6586	0	0	2401	0.00	83.28	83.32	0.00	52	52	0.00	0.00	177.60	39.04	0.00	0.00
462	16.70	2765	2500	0.70	6992	0	0	2960	0.00	83.25	83.30	0.00	52	52	0.00	0.00	177.91	39.04	0.00	0.00
462	16.69	2765	2500	0.71	6717	0	0	2546	0.00	83.29	83.31	0.00	53	53	0.00	0.00	177.76	39.04	0.00	0.00
461	16.68	2763	2500	0.71	7062	0	0	2866	0.00	83.28	83.32	0.00	53	53	0.00	0.00	178.17	39.28	0.00	0.00
462	16.68	2768	2500	0.70	6652	0	0	2519	0.00	83.27	83.32	0.00	53	53	0.00	0.00	177.59	39.00	0.00	0.00
462	16.68	2768	2500	0.70	6765	0	0	2622	0.00	83.28	83.32	0.00	53	53	0.00	0.00	177.65	38.97	0.00	0.00
461	16.68	2762	2500	0.71	7508	0	2	2546	0.00	83.28	83.32	0.00	53	53	0.00	0.00	178.09	39.29	0.00	0.00
461	16.69	2763	2500	0.71	8430	0	0	3242	0.00	83.26	83.31	0.00	53	53	0.00	0.00	177.91	39.17	0.00	0.00
462	16.69	2768	2500	0.70	6826	0	7	2629	0.00	83.28	83.31	0.00	53	53	0.00	0.00	177.50	39.04	0.00	0.00
461	16.69	2764	2500	0.71	7035	0	0	2886	0.00	83.27	83.31	0.00	53	53	0.00	0.00	177.78	39.10	0.00	0.00
461	16.69	2764	2500	0.71	6990	0	2	2840	0.00	83.28	83.31	0.00	53	53	0.00	0.00	178.02	39.15	0.00	0.00
461	16.68	2766	2500	0.70	6524	0	0	2468	0.00	83.29	83.32	0.00	54	54	0.00	0.00	177.55	39.05	0.00	0.00
462	16.68	2771	2500	0.70	6959	0	0	2730	0.00	83.27	83.32	0.00	54	54	0.00	0.00	177.60	38.89	0.00	0.00
461	16.68	2766	2500	0.71	6945	0	0	2727	0.00	83.28	83.32	0.00	53	53	0.00	0.00	177.84	39.08	0.00	0.00
461	16.68	2763	2500	0.71	6786	0	0	2644	0.00	83.28	83.32	0.00	53	53	0.00	0.00	178.16	39.26	0.00	0.00
461	16.68	2767	2499	0.70	7030	0	0	2901	0.00	83.26	83.32	0.00	54	54	0.00	0.00	177.89	39.03	0.00	0.00
462	16.71	2765	2500	0.70	6843	0	0	2671	0.00	83.25	83.29	0.00	54	54	0.00	0.00	177.85	39.11	0.00	0.00
461	16.68	2764	2501	0.71	6672	0	4	2503	0.00	83.30	83.32	0.00	54	54	0.00	0.00	178.24	39.21	0.00	0.00
461	16.68	2763	2500	0.71	6671	0	0	2554	0.00	83.28	83.32	0.00	54	54	0.00	0.00	178.25	39.24	0.00	0.00
462	16.69	2768	2500	0.70	7182	0	2	3027	0.00	83.27	83.31	0.00	54	54	0.00	0.00	177.94	39.00	0.00	0.00
461	16.68	2765	2500	0.71	6942	0	0	2736	0.00	83.28	83.32	0.00	54	54	0.00	0.00	177.92	39.10	0.00	0.00
461	16.68	2764	2500	0.71	6835	0	0	2743	0.00	83.28	83.32	0.00	54	54	0.00	0.00	178.22	39.13	0.00	0.00
461	16.69	2765	2500	0.71	6760	0	0	2538	0.00	83.28	83.31	0.00	54	54	0.00	0.00	178.41	39.15	0.00	0.00
462	16.69	2766	2500	0.71	8300	0	0	3325	0.00	83.27	83.31	0.00	55	55	0.00	0.00	178.06	39.09	0.00	0.00
462	16.70	2764	2500	0.70	6847	0	0	2700	0.00	83.25	83.30	0.00	55	55	0.00	0.00	177.93	39.02	0.00	0.00
461	16.69	2763	2500	0.71	7760	0	0	2710	0.00	83.29	83.31	0.00	54	54	0.00	0.00	178.08	39.22	0.00	0.00
461	16.68	2767	2500	0.70	6855	0	0	2771	0.00	83.28	83.32	0.00	55	55	0.00	0.00	177.80	38.99	0.00	0.00
461	16.66	2767	2500	0.70	6782	0	2	2579	0.00	83.31	83.34	0.00	55	55	0.00	0.00	177.80	38.92	0.00	0.00
461	16.68	2764	2500	0.71	6585	0	0	2453	0.00	83.28	83.32	0.00	55	55	0.00	0.00	177.90	39.14	0.00	0.00
461	16.68	2765	2500	0.71	6830	0	0	2644	0.00	83.28	83.32	0.00	55	55	0.00	0.00	177.85	39.13	0.00	0.00
462	16.68	2768	2500	0.70	6792	0	2	2705	0.00	83.28	83.32	0.00	55	55	0.00	0.00	177.79	38.99	0.00	0.00
462	16.68	2768	2500	0.70	6571	0	2	2574	0.00	83.28	83.32	0.00	56	56	0.00	0.00	177.45	39.00	0.00	0.00
461	16.68	2762	2500	0.71	6549	0	4	2357	0.00	83.28	83.32	0.00	55	55	0.00	0.00	178.05	39.33	0.00	0.00
461	16.68	2765	2500	0.71	6594	0	0	2429	0.00	83.28	83.32	0.00	55	55	0.00	0.00	177.86	39.13	0.00	0.00
462	16.68	2768	2500	0.70	6812	0	0	2632	0.00	83.28	83.32	0.00	55	55	0.00	0.00	177.53	39.00	0.00	0.00
461	16.68	2766	2500	0.71	6492	0	0	2325	0.00	83.28	83.32	0.00	55	55	0.00	0.00	177.85	39.11	0.00	0.00
461	16.68	2762	2500	0.71	6505	0	2	2417	0.00	83.28	83.32	0.00	56	56	0.00	0.00	177.99	39.33	0.00	0.00
461	16.68	2766	2500	0.70	6786	0	3	2646	0.00	83.28	83.32	0.00	55	55	0.00	0.00	177.75	39.09	0.00	0.00
462	16.68	2769	2500	0.70	6623	0	0	2440	0.00	83.28	83.32	0.00	56	56	0.00	0.00	177.83	39.00	0.00	0.00
461	16.68	2763	2500	0.71	6835	0	0	2688	0.00	83.28	83.32	0.00	56	56	0.00	0.00	178.09	39.20	0.00	0.00
461	16.68	2764	2500	0.71	6445	0	0	2314	0.00	83.28	83.32	0.00	56	56	0.00	0.00	178.14	39.31	0.00	0.00
462	16.68	2768	2500	0.70	6460	0	0	2289	0.00	83.28	83.32	0.00	56	56	0.00	0.00	177.86	39.01	0.00	0.00
462	16.68	2766	2500	0.71	6874	0	2	2665	0.00	83.28	83.32	0.00	56	56	0.00	0.00	177.99	39.12	0.00	0.00
461	16.68	2763	2500	0.71	6890	0	1	2708	0.00	83.27	83.32	0.00	56	56	0.00	0.00	178.18	39.21	0.00	0.00
461	16.69	2762	2500	0.71	6955	0	0	2732	0.00	83.28	83.31	0.00	56	56	0.00	0.00	178.34	39.25	0.00	0.00
461	16.67	2769	2499	0.70	6542	0	0	2434	0.00	83.26	83.33	0.00	56	56	0.00	0.00	177.75	38.96	0.00	0.00
449	16.39	2765	2478	0.71	6777	0	0	2627	0.00	82.86	83.61	0.00	56	56	0.00	0.00	171.16	37.58	0.00	0.00
461	16.68	2763	2500	0.71	6761	0	0	2403	0.00	83.28	83.32	0.00	56	56	0.00	0.00	178.29	39.22	0.00	0.00
461	16.68	2767	2500	0.70	6781	0	2	2305	0.00	83.28	83.32	0.00	56	56	0.00	0.00	177.94	39.04	0.00	0.00
462	16.68	2768	2500	0.70	6834	0	2	2490	0.00	83.28	83.32	0.00	56	56	0.00	0.00	177.98	39.05	0.00	0.00
461	16.68	2765	2500	0.71	6651	0	2	2267	0.00	83.29	83.32	0.00	56	56	0.00	0.00	178.05	39.09	0.00	0.00
461	16.68	2763	2500	0.71	6710	0	0	2351	0.00	83.28	83.32	0.00	57	57	0.00	0.00	178.34	39.20	0.00	0.00
462	16.67	2770	2500	0.70	6589	0	2	2162	0.00	83.29	83.33	0.00	56	56	0.00	0.00	177.65	38.87	0.00	0.00
461	16.68	2765	2500	0.71	6973	0	0	2589	0.00	83.28	83.32	0.00	56	56	0.00	0.00	178.02	39.16	0.00	0.00
464	16.74	2764	2504	0.71	6900	0	1	2531	0.00	83.36	83.26	0.00	56	56	0.00	0.00	179.54	39.43	0.00	0.00
457	16.51	2770	2496	0.70	6380	0	2	2167	0.00	83.31	83.49	0.00	56	56	0.00	0.00	176.28	38.48	0.00	0.00
462	16.68	2768	2500	0.70	6857	0	0	2437	0.00	83.28	83.32	0.00	57	57	0.00	0.00	178.18	39.07	0.00	0.00
462	16.71	2765	2502	0.71	7704	0	0	2424	0.00	83.33	83.29	0.00	56	56	0.00	0.00	178.74	39.29	0.00	0.00
460	16.71	2758	2497	0.71	6724	0	4	2300	0.00	83.15	83.29	0.00	57	57	0.00	0.00	177.93	39.16	0.00	0.00
462	16.68	2769	2501	0.70	7635	0	0	2338	0.00	83.31	83.32	0.00	57	57	0.00	0.00	178.08	38.95	0.00	0.00
461	16.68	2766	2500	0.71	6782	0	0	2408	0.00	83.28	83.32	0.00	57	57	0.00	0.00	178.15	39.03	0.00	0.00
461	16.68	2763	2499	0.71	7007	0	1	2636	0.00	83.25	83.32	0.00	57	57	0.00	0.00	178.16	39.10	0.00	0.00
462	16.69	2766	2501	0.70	7027	0	0	2523	0.00	83.29	83.31	0.00	57	57	0.00	0.00	178.37	39.04	0.00	0.00
462	16.67	2770	2500	0.70	6799	0	0	2479	0.00	83.29	83.33	0.00	57	57	0.00	0.00	178.10	38.83	0.00	0.00
461	16.68	2764	2500	0.71	6666	0	1	2332	0.00	83.28	83.32	0.00	57	57	0.00	0.00	178.15	39.10	0.00	0.00
461	16.68	2763	2500	0.71	6626	0	0	2322	0.00	83.28	83.32	0.00	57	57	0.00	0.00	178.44	39.19	0.00	0.00
462	16.68	2768	2499	0.70	6748	0	2	2323	0.00	83.26	83.32	0.00	57	57	0.00	0.00	177.85	38.86	0.00	0.00
461	16.68	2765	2500	0.71	6844	0	4	2465	0.00	83.29	83.32	0.00	57	57	0.00	0.00	178.31	39.00	0.00	0.00
461	16.68	2763	2500	0.71	6723	0	0	2434	0.00	83.28	83.32	0.00	57	57	0.00	0.00	178.52	39.19	0.00	0.00
462	16.69	2767	2500	0.70	7098	0	0	2708	0.00	83.27	83.31	0.00	57	57	0.00	0.00	178.23	38.98	0.00	0.00
462	16.67	2768	2500	0.70	6595	0	0	2288	0.00	83.29	83.33	0.00	57	57	0.00	0.00	178.25	38.99	0.00	0.00
461	16.67	2766	2500	0.71	6666	0	2	2292	0.00	83.29	83.33	0.00	57	57	0.00	0.00	178.41	39.08	0.00	0.00
461	16.68	2763	2500	0.71	6815	0	0	2414	0.00	83.29	83.32	0.00	57	57	0.00	0.00	178.63	39.19	0.00	0.00
462	16.68	2768	2500	0.70	6813	0	0	2474	0.00	83.28	83.32	0.00	58	58	0.00	0.00	178.30	38.89	0.00	0.00
461	16.68	2766	2500	0.71	6867	0	2	2434	0.00	83.29	83.32	0.00	57	57	0.00	0.00	178.36	38.98	0.00	0.00
461	16.67	2763	2500	0.71	6631	0	0	2280	0.00	83.28	83.33	0.00	58	58	0.00	0.00	178.60	39.19	0.00	0.00
461	16.68	2767	2500	0.70	6861	0	0	2461	0.00	83.29	83.32	0.00	57	57	0.00	0.00	178.18	39.05	0.00	0.00
461	16.67	2768	2500	0.70	6617	0	0	2220	0.00	83.28	83.33	0.00	58	58	0.00	0.00	178.36	38.99	0.00	0.00
461	16.68	2764	2500	0.71	6803	0	2	2373	0.00	83.29	83.32	0.00	57	57	0.00	0.00	178.46	39.03	0.00	0.00
461	16.68	2764	2500	0.71	6705	0	0	2333	0.00	83.28	83.32	0.00	58	58	0.00	0.00	178.58	39.16	0.00	0.00
462	16.68	2768	2500	0.70	6935	0	0	2519	0.00	83.28	83.32	0.00	58	58	0.00	0.00	178.11	38.80	0.00	0.00
461	16.68	2765	2500	0.71	6842	0	2	2489	0.00	83.28	83.32	0.00	57	57	0.00	0.00	178.46	39.01	0.00	0.00
461	16.68	2764	2500	0.71	6700	0	0	2295	0.00	83.28	83.32	0.00	58	58	0.00	0.00	178.50	39.08	0.00	0.00
462	16.69	2767	2501	0.70	6641	0	0	2309	0.00	83.31	83.31	0.00	57	57	0.00	0.00	178.94	39.05	0.00	0.00
461	16.66	2767	2499	0.70	6721	0	0	2347	0.00	83.26	83.34	0.00	57	57	0.00	0.00	177.99	38.86	0.00	0.00
461	16.68	2764	2500	0.71	6952	0	2	2565	0.00	83.28	83.32	0.00	58	58	0.00	0.00	178.49	39.04	0.00	0.00
461	16.68	2763	2500	0.71	6951	0	4	2559	0.00	83.28	83.32	0.00	58	58	0.00	0.00	178.62	39.15	0.00	0.00
462	16.67	2769	2500	0.70	6641	0	0	2284	0.00	83.28	83.33	0.00	58	58	0.00	0.00	178.13	38.87	0.00	0.00
461	16.68	2766	2500	0.71	6587	0	0	2147	0.00	83.28	83.32	0.00	58	58	0.00	0.00	178.52	38.96	0.00	0.00
461	16.68	2764	2500	0.71	6561	0	4	2225	0.00	83.29	83.32	0.00	58	58	0.00	0.00	178.72	39.08	0.00	0.00
461	16.68	2767	2500	0.70	6861	0	0	2410	0.00	83.28	83.32	0.00	58	58	0.00	0.00	178.56	38.77	0.00	0.00
461	16.68	2767	2500	0.70	6685	0	0	2353	0.00	83.29	83.32	0.00	58	58	0.00	0.00	178.69	38.90	0.00	0.00
461	16.68	2764	2500	0.71	6700	0	0	2279	0.00	83.29	83.32	0.00	58	58	0.00	0.00	178.73	39.03	0.00	0.00
461	16.68	2764	2500	0.71	6745	0	2	2373	0.00	83.28	83.32	0.00	58	58	0.00	0.00	178.86	39.00	0.00	0.00
462	16.68	2769	2500	0.70	7019	0	0	2560	0.00	83.28	83.32	0.00	58	58	0.00	0.00	178.72	38.82	0.00	0.00
461	16.68	2766	2500	0.71	7908	0	0	2702	0.00	83.28	83.32	0.00	58	58	0.00	0.00	178.65	38.86	0.00	0.00
461	16.68	2764	2500	0.71	6589	0	2	2282	0.00	83.29	83.32	0.00	58	58	0.00	0.00	178.91	38.96	0.00	0.00
461	16.68	2766	2500	0.71	6673	0	0	2296	0.00	83.28	83.32	0.00	58	58	0.00	0.00	178.53	38.92	0.00	0.00
462	16.68	2768	2500	0.70	7565	0	2	2238	0.00	83.28	83.32	0.00	58	58	0.00	0.00	178.69	38.87	0.00	0.00
461	16.68	2764	2500	0.71	6840	0	2	2470	0.00	83.28	83.32	0.00	58	58	0.00	0.00	178.58	38.99	0.00	0.00
461	16.68	2763	2500	0.71	6905	0	0	2515	0.00	83.28	83.32	0.00	58	58	0.00	0.00	179.00	39.07	0.00	0.00
462	16.67	2770	2500	0.70	6771	0	2	2397	0.00	83.29	83.33	0.00	58	58	0.00	0.00	178.45	38.67	0.00	0.00
461	16.68	2766	2500	0.71	6720	0	0	2342	0.00	83.29	83.32	0.00	58	58	0.00	0.00	178.80	38.89	0.00	0.00
461	16.67	2764	2500	0.71	6592	0	2	2216	0.00	83.28	83.33	0.00	58	58	0.00	0.00	179.02	39.04	0.00	0.00
462	16.68	2768	2500	0.70	6923	0	0	2502	0.00	83.28	83.32	0.00	58	58	0.00	0.00	178.87	38.68	0.00	0.00
461	16.67	2768	2500	0.70	6594	0	0	2267	0.00	83.29	83.33	0.00	58	58	0.00	0.00	178.81	38.85	0.00	0.00
461	16.68	2764	2500	0.71	6836	0	4	2465	0.00	83.29	83.32	0.00	58	58	0.00	0.00	179.19	39.04	0.00	0.00
461	16.68	2762	2500	0.71	7003	0	2	2662	0.00	83.28	83.32	0.00	58	58	0.00	0.00	179.23	39.14	0.00	0.00
465	16.89	2756	2500	0.69	2840	0	0	2246	0.00	83.11	83.11	0.00	58	58	0.00	0.00	178.81	38.78	0.00	0.00
