Avg_MHz	Busy%	Bzy_MHz	TSC_MHz	IPC	IRQ	SMI	POLL	C1	POLL%	C1%	CPU%c1	CPU%c6	CoreTmp	PkgTmp	Pkg%pc2	Pkg%pc6	PkgWatt	RAMWatt	PKG_%	RAM_%
457	16.31	2805	2497	0.61	6587	0	0	2594	0.00	83.57	83.69	0.00	54	54	0.00	0.00	170.75	37.11	0.00	0.00
460	16.41	2804	2499	0.61	6389	0	2	2605	0.00	83.52	83.59	0.00	55	55	0.00	0.00	172.13	37.43	0.00	0.00
465	16.50	2807	2511	0.60	6442	0	0	2685	0.00	83.84	83.50	0.00	54	54	0.00	0.00	174.53	37.88	0.00	0.00
452	16.19	2806	2489	0.61	6508	0	3	2735	0.00	83.41	83.81	0.00	54	54	0.00	0.00	169.31	36.70	0.00	0.00
466	16.52	2806	2515	0.61	6172	0	0	2467	0.00	83.94	83.48	0.00	54	54	0.00	0.00	174.47	37.99	0.00	0.00
451	16.12	2809	2490	0.60	6361	0	2	2767	0.00	83.52	83.88	0.00	55	55	0.00	0.00	170.56	36.90	0.00	0.00
455	16.29	2801	2494	0.61	6538	0	0	2879	0.00	83.49	83.71	0.00	55	55	0.00	0.00	168.96	36.61	0.00	0.00
461	16.42	2805	2501	0.61	6795	0	0	2917	0.00	83.59	83.58	0.00	55	55	0.00	0.00	172.48	37.59	0.00	0.00
467	16.52	2807	2516	0.61	6621	0	2	2835	0.00	83.99	83.48	0.00	55	55	0.00	0.00	174.99	37.98	0.00	0.00
450	16.13	2805	2487	0.61	7895	0	1	3147	0.00	83.39	83.87	0.00	55	55	0.00	0.00	168.75	36.62	0.00	0.00
456	16.28	2806	2497	0.61	7463	0	0	2646	0.00	83.58	83.72	0.00	55	55	0.00	0.00	170.97	37.15	0.00	0.00
462	16.44	2803	2503	0.61	6673	0	0	2772	0.00	83.63	83.56	0.00	55	55	0.00	0.00	173.98	37.92	0.00	0.00
466	16.55	2805	2508	0.61	6422	0	0	2629	0.00	83.68	83.45	0.00	55	55	0.00	0.00	172.67	37.56	0.00	0.00
463	16.44	2808	2508	0.60	6333	0	4	2654	0.00	83.81	83.56	0.00	55	55	0.00	0.00	174.08	37.79	0.00	0.00
444	15.96	2801	2483	0.60	6480	0	4	2911	0.00	83.45	84.04	0.00	55	55	0.00	0.00	167.42	36.27	0.00	0.00
457	16.28	2809	2498	0.60	6470	0	2	2668	0.00	83.62	83.72	0.00	55	55	0.00	0.00	170.60	37.02	0.00	0.00
458	16.34	2802	2500	0.61	6936	0	0	2996	0.00	83.64	83.66	0.00	55	55	0.00	0.00	171.96	37.39	0.00	0.00
465	16.55	2804	2504	0.61	6282	0	2	2281	0.00	83.55	83.45	0.00	55	55	0.00	0.00	173.11	37.68	0.00	0.00
457	16.29	2808	2498	0.60	6589	0	2	2785	0.00	83.61	83.71	0.00	55	55	0.00	0.00	172.09	37.23	0.00	0.00
460	16.36	2806	2502	0.60	6301	0	2	2458	0.00	83.68	83.64	0.00	55	55	0.00	0.00	171.84	37.14	0.00	0.00
462	16.41	2806	2506	0.61	6230	0	0	2454	0.00	83.75	83.59	0.00	55	55	0.00	0.00	173.59	37.73	0.00	0.00
459	16.37	2805	2501	0.61	6290	0	1	2474	0.00	83.62	83.63	0.00	55	55	0.00	0.00	172.98	37.54	0.00	0.00
460	16.41	2803	2499	0.61	6280	0	0	2429	0.00	83.51	83.59	0.00	56	56	0.00	0.00	172.48	37.50	0.00	0.00
456	16.27	2808	2493	0.60	6518	0	3	2752	0.00	83.48	83.73	0.00	55	55	0.00	0.00	169.37	36.64	0.00	0.00
460	16.39	2806	2503	0.61	6430	0	0	2642	0.00	83.67	83.61	0.00	55	55	0.00	0.00	172.39	37.41	0.00	0.00
459	16.34	2807	2502	0.61	6201	0	2	2505	0.00	83.69	83.66	0.00	56	56	0.00	0.00	172.38	37.39	0.00	0.00
457	16.30	2804	2496	0.61	6779	0	4	3023	0.00	83.55	83.70	0.00	55	55	0.00	0.00	171.81	37.43	0.00	0.00
459	16.40	2805	2498	0.61	6438	0	0	2507	0.00	83.51	83.60	0.00	56	56	0.00	0.00	171.88	37.36	0.00	0.00
460	16.37	2806	2503	0.60	7608	0	4	2794	0.00	83.70	83.63	0.00	55	55	0.00	0.00	172.67	37.53	0.00	0.00
461	16.38	2808	2508	0.60	7324	0	2	2795	0.00	83.86	83.62	0.00	56	56	0.00	0.00	173.55	37.62	0.00	0.00
451	16.14	2807	2490	0.60	6473	0	0	2736	0.00	83.50	83.86	0.00	55	55	0.00	0.00	169.70	36.70	0.00	0.00
457	16.31	2807	2499	0.61	6371	0	0	2711	0.00	83.62	83.69	0.00	56	56	0.00	0.00	171.90	37.15	0.00	0.00
464	16.51	2803	2507	0.61	7066	0	0	3106	0.00	83.70	83.49	0.00	56	56	0.00	0.00	173.93	37.76	0.00	0.00
461	16.45	2805	2500	0.61	6534	0	0	2613	0.00	83.52	83.55	0.00	56	56	0.00	0.00	173.70	37.61	0.00	0.00
449	16.05	2803	2493	0.60	5969	0	0	2391	0.00	83.70	83.95	0.00	56	55	0.00	0.00	169.73	36.53	0.00	0.00
465	16.48	2807	2513	0.60	6587	0	4	2870	0.00	83.91	83.52	0.00	56	56	0.00	0.00	175.48	38.00	0.00	0.00
455	16.23	2806	2499	0.60	6302	0	0	2654	0.00	83.73	83.77	0.00	56	56	0.00	0.00	170.73	36.76	0.00	0.00
458	16.33	2802	2502	0.61	6400	0	0	2663	0.00	83.72	83.67	0.00	56	56	0.00	0.00	173.49	37.56	0.00	0.00
453	16.25	2803	2486	0.61	6271	0	0	2437	0.00	83.24	83.75	0.00	56	56	0.00	0.00	168.29	36.54	0.00	0.00
460	16.38	2807	2503	0.60	6804	0	0	3021	0.00	83.71	83.62	0.00	56	56	0.00	0.00	172.94	37.36	0.00	0.00
459	16.38	2805	2499	0.60	6720	0	2	2743	0.00	83.57	83.62	0.00	56	56	0.00	0.00	171.64	37.12	0.00	0.00
461	16.38	2804	2508	0.61	6553	0	3	2642	0.00	83.85	83.62	0.00	56	56	0.00	0.00	175.01	37.77	0.00	0.00
454	16.24	2805	2492	0.61	6551	0	1	2777	0.00	83.47	83.76	0.00	56	56	0.00	0.00	169.69	36.58	0.00	0.00
460	16.42	2803	2499	0.61	6412	0	2	2484	0.00	83.53	83.58	0.00	56	56	0.00	0.00	172.72	37.49	0.00	0.00
462	16.43	2808	2504	0.60	6561	0	0	2841	0.00	83.68	83.57	0.00	56	56	0.00	0.00	173.24	37.41	0.00	0.00
454	16.23	2806	2495	0.61	6379	0	2	2694	0.00	83.57	83.77	0.00	56	56	0.00	0.00	170.77	36.83	0.00	0.00
459	16.33	2807	2501	0.60	6435	0	2	2680	0.00	83.67	83.67	0.00	56	56	0.00	0.00	172.75	37.31	0.00	0.00
461	16.42	2802	2505	0.61	6752	0	2	2914	0.00	83.73	83.58	0.00	56	56	0.00	0.00	174.00	37.64	0.00	0.00
457	16.33	2805	2494	0.61	6305	0	4	2508	0.00	83.44	83.67	0.00	57	57	0.00	0.00	170.62	36.93	0.00	0.00
462	16.45	2805	2503	0.61	6568	0	0	2689	0.00	83.61	83.55	0.00	56	56	0.00	0.00	172.98	37.40	0.00	0.00
460	16.35	2808	2507	0.60	7636	0	0	2817	0.00	83.84	83.65	0.00	56	56	0.00	0.00	175.19	37.74	0.00	0.00
453	16.18	2804	2495	0.60	6800	0	0	2353	0.00	83.62	83.82	0.00	57	57	0.00	0.00	169.84	36.55	0.00	0.00
460	16.35	2809	2504	0.60	6141	0	4	2515	0.00	83.74	83.65	0.00	57	57	0.00	0.00	174.11	37.57	0.00	0.00
455	16.29	2802	2492	0.61	6876	0	1	3000	0.00	83.42	83.71	0.00	57	57	0.00	0.00	169.09	36.62	0.00	0.00
470	16.66	2805	2515	0.60	6684	0	4	2715	0.00	83.80	83.34	0.00	57	57	0.00	0.00	176.95	38.33	0.00	0.00
445	15.96	2807	2487	0.60	5765	0	0	2317	0.00	83.57	84.04	0.00	56	56	0.00	0.00	167.85	36.02	0.00	0.00
458	16.32	2807	2500	0.60	6586	0	0	2710	0.00	83.65	83.68	0.00	56	56	0.00	0.00	172.19	37.22	0.00	0.00
465	16.47	2807	2512	0.61	6566	0	0	2671	0.00	83.91	83.53	0.00	57	57	0.00	0.00	175.44	38.00	0.00	0.00
451	16.16	2805	2489	0.61	6190	0	5	2563	0.00	83.44	83.84	0.00	57	57	0.00	0.00	168.50	36.39	0.00	0.00
468	16.62	2804	2513	0.61	6763	0	0	2741	0.00	83.80	83.38	0.00	57	57	0.00	0.00	177.44	38.49	0.00	0.00
451	16.14	2807	2488	0.61	6134	0	1	2493	0.00	83.42	83.86	0.00	57	57	0.00	0.00	168.05	36.12	0.00	0.00
464	16.47	2806	2510	0.61	6607	0	2	2765	0.00	83.83	83.53	0.00	57	57	0.00	0.00	176.79	38.21	0.00	0.00
451	16.15	2806	2488	0.61	6400	0	6	2809	0.00	83.44	83.85	0.00	57	57	0.00	0.00	167.87	36.09	0.00	0.00
463	16.44	2806	2508	0.61	6601	0	1	2930	0.00	83.81	83.56	0.00	56	56	0.00	0.00	174.60	37.77	0.00	0.00
458	16.35	2804	2495	0.61	6526	0	0	2628	0.00	83.46	83.65	0.00	57	57	0.00	0.00	171.99	37.16	0.00	0.00
461	16.42	2805	2501	0.61	6698	0	2	2857	0.00	83.60	83.58	0.00	57	57	0.00	0.00	173.39	37.36	0.00	0.00
466	16.50	2809	2515	0.60	6398	0	2	2695	0.00	83.97	83.50	0.00	57	57	0.00	0.00	176.02	37.92	0.00	0.00
448	16.06	2798	2491	0.61	6468	0	0	2871	0.00	83.60	83.94	0.00	57	57	0.00	0.00	169.40	36.39	0.00	0.00
452	16.15	2808	2491	0.60	6631	0	0	2877	0.00	83.51	83.85	0.00	57	57	0.00	0.00	171.06	36.68	0.00	0.00
460	16.42	2802	2499	0.61	6361	0	4	2542	0.00	83.53	83.58	0.00	57	57	0.00	0.00	172.14	37.29	0.00	0.00
463	16.49	2805	2504	0.61	6475	0	0	2516	0.00	83.61	83.51	0.00	57	57	0.00	0.00	173.82	37.54	0.00	0.00
458	16.33	2807	2498	0.61	6322	0	0	2501	0.00	83.58	83.67	0.00	57	57	0.00	0.00	172.30	36.99	0.00	0.00
459	16.35	2807	2503	0.60	6583	0	0	2749	0.00	83.74	83.65	0.00	57	57	0.00	0.00	174.61	37.76	0.00	0.00
459	16.33	2808	2502	0.60	6318	0	0	2643	0.00	83.72	83.67	0.00	57	57	0.00	0.00	170.99	36.80	0.00	0.00
454	16.24	2802	2492	0.61	6642	0	0	2756	0.00	83.48	83.76	0.00	56	57	0.00	0.00	171.11	37.06	0.00	0.00
463	16.49	2804	2504	0.61	7494	0	0	2625	0.00	83.61	83.51	0.00	57	57	0.00	0.00	173.41	37.45	0.00	0.00
461	16.40	2808	2505	0.60	6573	0	0	2774	0.00	83.73	83.60	0.00	57	57	0.00	0.00	174.40	37.60	0.00	0.00
455	16.25	2807	2494	0.60	6927	0	1	2455	0.00	83.51	83.75	0.00	57	57	0.00	0.00	170.87	36.77	0.00	0.00
456	16.29	2805	2498	0.61	6462	0	0	2851	0.00	83.60	83.71	0.00	57	57	0.00	0.00	171.78	36.97	0.00	0.00
462	16.43	2806	2508	0.61	6465	0	2	2601	0.00	83.80	83.57	0.00	57	57	0.00	0.00	173.81	37.43	0.00	0.00
462	16.52	2796	2500	0.61	6662	0	1	2720	0.00	83.45	83.48	0.00	57	57	0.00	0.00	173.03	37.41	0.00	0.00
455	16.26	2808	2492	0.60	6176	0	2	2410	0.00	83.46	83.74	0.00	57	57	0.00	0.00	171.00	36.74	0.00	0.00
465	16.50	2807	2512	0.61	6454	0	0	2649	0.00	83.87	83.50	0.00	57	57	0.00	0.00	175.87	37.90	0.00	0.00
451	16.15	2806	2488	0.61	6365	0	0	2685	0.00	83.43	83.85	0.00	57	57	0.00	0.00	169.23	36.30	0.00	0.00
464	16.46	2808	2511	0.60	6707	0	0	2849	0.00	83.88	83.54	0.00	57	57	0.00	0.00	175.70	37.88	0.00	0.00
451	16.17	2804	2489	0.61	5870	0	0	2245	0.00	83.45	83.83	0.00	57	57	0.00	0.00	169.37	36.50	0.00	0.00
462	16.46	2805	2503	0.61	6873	0	1	3044	0.00	83.63	83.54	0.00	57	57	0.00	0.00	174.17	37.56	0.00	0.00
463	16.45	2806	2510	0.61	6607	0	0	2844	0.00	83.85	83.55	0.00	57	57	0.00	0.00	174.72	37.60	0.00	0.00
458	16.31	2807	2501	0.60	6315	0	0	2697	0.00	83.69	83.69	0.00	57	57	0.00	0.00	172.24	37.00	0.00	0.00
449	16.08	2807	2489	0.60	6374	0	2	2822	0.00	83.52	83.92	0.00	57	57	0.00	0.00	170.39	36.43	0.00	0.00
460	16.42	2802	2499	0.61	6730	0	2	2833	0.00	83.50	83.58	0.00	57	57	0.00	0.00	171.42	36.91	0.00	0.00
467	16.57	2805	2509	0.60	6548	0	0	2584	0.00	83.72	83.43	0.00	57	57	0.00	0.00	174.85	37.62	0.00	0.00
453	16.20	2807	2489	0.60	6474	0	0	2790	0.00	83.42	83.80	0.00	57	57	0.00	0.00	170.03	36.46	0.00	0.00
461	16.39	2806	2505	0.60	6676	0	0	2749	0.00	83.75	83.61	0.00	57	57	0.00	0.00	173.54	37.34	0.00	0.00
455	16.21	2808	2497	0.60	6446	0	0	2736	0.00	83.66	83.79	0.00	57	57	0.00	0.00	172.39	37.08	0.00	0.00
461	16.42	2803	2506	0.61	6516	0	2	2741	0.00	83.74	83.58	0.00	58	58	0.00	0.00	173.27	37.50	0.00	0.00
457	16.34	2804	2493	0.61	6340	0	0	2399	0.00	83.39	83.66	0.00	58	58	0.00	0.00	170.73	36.74	0.00	0.00
459	16.34	2807	2500	0.60	6458	0	0	2679	0.00	83.63	83.66	0.00	57	57	0.00	0.00	172.74	37.09	0.00	0.00
463	16.46	2806	2509	0.60	6637	0	0	2826	0.00	83.80	83.54	0.00	58	58	0.00	0.00	174.50	37.47	0.00	0.00
453	16.22	2805	2492	0.61	6276	0	0	2616	0.00	83.48	83.78	0.00	58	58	0.00	0.00	171.06	36.89	0.00	0.00
462	16.44	2805	2506	0.61	6584	0	0	2704	0.00	83.75	83.56	0.00	57	57	0.00	0.00	174.92	37.73	0.00	0.00
457	16.35	2804	2494	0.61	6289	0	0	2512	0.00	83.44	83.65	0.00	57	57	0.00	0.00	171.91	37.00	0.00	0.00
