Avg_MHz	Busy%	Bzy_MHz	TSC_MHz	IPC	IRQ	SMI	POLL	C1	POLL%	C1%	CPU%c1	CPU%c6	CoreTmp	PkgTmp	Pkg%pc2	Pkg%pc6	PkgWatt	RAMWatt	PKG_%	RAM_%
491	16.64	2949	2503	2.05	6760	0	0	2345	0.00	83.43	83.36	0.00	57	57	0.00	0.00	176.07	33.40	0.00	0.00
395	14.65	2694	2500	0.95	6720	0	0	3016	0.00	85.36	85.35	0.00	57	57	0.00	0.00	176.18	43.17	0.00	0.00
363	13.45	2695	2500	1.01	5755	0	0	2400	0.00	86.55	86.55	0.00	56	56	0.00	0.00	173.40	42.67	0.00	0.00
431	14.49	2974	2500	2.32	5893	0	1	2256	0.00	85.51	85.51	0.00	58	58	0.00	0.00	162.58	27.67	0.00	0.00
510	16.71	3050	2500	2.25	6792	0	0	2474	0.00	83.28	83.29	0.00	58	58	0.00	0.00	168.56	25.27	0.00	0.00
505	16.65	3037	2499	2.33	6967	0	3	2771	0.00	83.31	83.35	0.00	58	58	0.00	0.00	168.73	25.69	0.00	0.00
456	16.20	2818	2500	1.47	6162	0	0	2133	0.00	83.81	83.80	0.00	57	57	0.00	0.00	178.35	39.10	0.00	0.00
423	15.70	2694	2500	0.91	6515	0	2	2572	0.00	84.31	84.30	0.00	57	57	0.00	0.00	178.96	43.59	0.00	0.00
322	12.06	2669	2500	1.14	5594	0	0	2680	0.00	87.94	87.94	0.00	57	57	0.00	0.00	163.98	38.81	0.00	0.00
508	16.71	3037	2500	2.32	6650	0	7	2418	0.00	83.27	83.29	0.00	58	58	0.00	0.00	169.99	26.50	0.00	0.00
497	16.70	2977	2499	2.33	7099	0	2	2249	0.00	83.26	83.30	0.00	58	58	0.00	0.00	174.14	31.30	0.00	0.00
459	16.06	2860	2501	1.75	8340	0	0	2185	0.00	83.96	83.94	0.00	57	57	0.00	0.00	177.76	37.52	0.00	0.00
371	13.79	2694	2500	1.00	5980	0	14	2524	0.00	86.21	86.21	0.00	57	57	0.00	0.00	174.23	42.74	0.00	0.00
273	10.20	2684	2496	1.31	4884	0	0	2345	0.00	89.67	89.80	0.00	58	58	0.00	0.00	157.08	36.93	0.00	0.00
508	16.70	3042	2501	2.60	6621	0	0	2413	0.00	83.30	83.30	0.00	58	58	0.00	0.00	168.35	25.26	0.00	0.00
510	16.71	3047	2503	2.46	6441	0	0	2257	0.00	83.38	83.29	0.00	59	59	0.00	0.00	168.55	25.22	0.00	0.00
476	16.43	2897	2500	1.76	6223	0	0	2153	0.00	83.56	83.57	0.00	57	57	0.00	0.00	175.94	34.78	0.00	0.00
423	15.69	2695	2500	0.91	6514	0	0	2536	0.00	84.33	84.31	0.00	58	58	0.00	0.00	178.97	43.55	0.00	0.00
405	15.03	2695	2500	0.93	6603	0	1	2846	0.00	84.97	84.97	0.00	58	58	0.00	0.00	176.87	43.26	0.00	0.00
434	14.58	2974	2500	2.26	5785	0	0	2172	0.00	85.40	85.42	0.00	58	58	0.00	0.00	161.60	26.57	0.00	0.00
502	16.69	3010	2499	2.53	6657	0	0	2419	0.00	83.26	83.31	0.00	58	58	0.00	0.00	171.65	28.68	0.00	0.00
495	16.71	2964	2500	2.47	6356	0	0	2168	0.00	83.27	83.29	0.00	59	59	0.00	0.00	175.52	32.58	0.00	0.00
381	14.06	2709	2501	0.98	5625	0	0	2120	0.00	85.98	85.94	0.00	58	58	0.00	0.00	174.90	42.53	0.00	0.00
366	13.57	2694	2500	1.00	5982	0	0	2557	0.00	86.44	86.43	0.00	58	58	0.00	0.00	173.47	42.65	0.00	0.00
395	13.42	2946	2500	2.00	5427	0	1	2099	0.00	86.57	86.58	0.00	58	58	0.00	0.00	159.48	28.26	0.00	0.00
507	16.65	3051	2496	2.28	6180	0	0	1963	0.00	83.22	83.35	0.00	59	59	0.00	0.00	167.72	25.33	0.00	0.00
503	16.74	3000	2503	2.54	6378	0	0	2162	0.00	83.32	83.26	0.00	58	58	0.00	0.00	173.11	29.21	0.00	0.00
428	15.42	2776	2501	1.24	5731	0	1	1878	0.00	84.61	84.58	0.00	57	57	0.00	0.00	177.73	40.72	0.00	0.00
395	14.64	2694	2500	0.96	6046	0	0	2367	0.00	85.36	85.36	0.00	57	57	0.00	0.00	176.68	43.11	0.00	0.00
355	12.77	2788	2495	1.56	5315	0	0	2151	0.00	87.06	87.23	0.00	58	58	0.00	0.00	162.54	34.66	0.00	0.00
510	16.76	3039	2505	2.62	6733	0	1	2455	0.00	83.38	83.24	0.00	58	58	0.00	0.00	169.71	26.02	0.00	0.00
499	16.64	3004	2495	2.55	6452	0	0	2292	0.00	83.17	83.36	0.00	59	59	0.00	0.00	171.43	28.81	0.00	0.00
439	15.79	2775	2505	1.25	6066	0	0	2108	0.00	84.40	84.21	0.00	58	58	0.00	0.00	179.41	40.99	0.00	0.00
395	14.65	2695	2500	0.96	6058	0	0	2366	0.00	85.36	85.35	0.00	58	58	0.00	0.00	176.78	43.14	0.00	0.00
356	12.80	2781	2500	1.53	5669	0	0	2493	0.00	87.20	87.20	0.00	59	59	0.00	0.00	163.60	35.28	0.00	0.00
509	16.70	3050	2500	2.09	6545	0	0	2313	0.00	83.28	83.30	0.00	59	59	0.00	0.00	168.42	25.35	0.00	0.00
508	16.70	3039	2500	2.40	6687	0	0	2514	0.00	83.28	83.30	0.00	59	59	0.00	0.00	169.36	26.14	0.00	0.00
491	16.62	2955	2500	2.22	7256	0	0	2461	0.00	83.37	83.38	0.00	58	58	0.00	0.00	175.11	32.45	0.00	0.00
411	15.24	2695	2500	0.93	6336	0	0	2604	0.00	84.77	84.76	0.00	57	57	0.00	0.00	177.99	43.34	0.00	0.00
383	14.21	2695	2500	0.97	6031	0	0	2581	0.00	85.80	85.79	0.00	58	58	0.00	0.00	175.69	42.96	0.00	0.00
397	13.49	2941	2500	2.15	6496	0	0	2476	0.00	86.52	86.51	0.00	59	59	0.00	0.00	159.39	28.14	0.00	0.00
509	16.70	3050	2500	2.35	6463	0	0	2306	0.00	83.28	83.30	0.00	59	59	0.00	0.00	168.45	25.37	0.00	0.00
506	16.69	3035	2499	2.35	6429	0	0	2213	0.00	83.25	83.31	0.00	58	58	0.00	0.00	169.45	26.37	0.00	0.00
460	16.24	2830	2501	1.61	7477	0	0	2044	0.00	83.78	83.76	0.00	57	57	0.00	0.00	178.67	38.80	0.00	0.00
417	15.47	2695	2499	0.92	6166	0	0	2279	0.00	84.50	84.53	0.00	58	58	0.00	0.00	178.59	43.57	0.00	0.00
312	11.67	2678	2496	1.23	5306	0	0	2398	0.00	88.17	88.33	0.00	59	59	0.00	0.00	162.06	38.64	0.00	0.00
504	16.75	3002	2505	2.71	6585	0	0	2260	0.00	83.37	83.25	0.00	59	59	0.00	0.00	172.43	28.12	0.00	0.00
486	16.71	2910	2501	1.94	6395	0	0	2202	0.00	83.31	83.29	0.00	58	58	0.00	0.00	177.74	35.35	0.00	0.00
442	16.41	2695	2500	0.88	6632	0	0	2581	0.00	83.60	83.59	0.00	58	58	0.00	0.00	180.65	43.94	0.00	0.00
345	12.82	2694	2500	1.02	5869	0	0	2643	0.00	87.19	87.18	0.00	58	58	0.00	0.00	171.31	42.30	0.00	0.00
407	13.72	2967	2500	2.45	5659	0	0	2240	0.00	86.27	86.28	0.00	59	59	0.00	0.00	159.44	27.09	0.00	0.00
494	16.41	3035	2478	2.56	6759	0	0	2586	0.00	82.85	83.59	0.00	60	59	0.00	0.00	163.89	25.47	0.00	0.00
495	16.68	2966	2503	2.13	6635	0	0	2237	0.00	83.40	83.32	0.00	58	58	0.00	0.00	175.06	31.59	0.00	0.00
412	15.30	2690	2501	0.92	6493	0	0	2476	0.00	84.73	84.70	0.00	58	58	0.00	0.00	177.55	43.51	0.00	0.00
388	14.36	2695	2506	0.97	6088	0	0	2292	0.00	85.86	85.64	0.00	57	57	0.00	0.00	177.64	43.65	0.00	0.00
397	13.48	2973	2480	2.59	5635	0	0	2269	0.00	85.81	86.52	0.00	59	59	0.00	0.00	155.41	26.89	0.00	0.00
511	16.75	3046	2502	2.61	6695	0	0	2279	0.00	83.29	83.25	0.00	59	59	0.00	0.00	169.09	25.36	0.00	0.00
493	16.66	2947	2509	2.21	6505	0	0	2053	0.00	83.61	83.34	0.00	58	58	0.00	0.00	175.62	31.85	0.00	0.00
423	15.68	2695	2500	0.91	6374	0	0	2406	0.00	84.32	84.32	0.00	58	58	0.00	0.00	178.95	43.69	0.00	0.00
409	15.14	2695	2507	0.93	6643	0	0	2621	0.00	85.09	84.86	0.00	59	59	0.00	0.00	180.31	44.17	0.00	0.00
411	14.20	2902	2494	2.42	5617	0	0	2015	0.00	85.58	85.80	0.00	60	60	0.00	0.00	162.98	30.92	0.00	0.00
485	16.67	2909	2498	2.01	6577	0	0	2177	0.00	83.26	83.33	0.00	58	58	0.00	0.00	177.08	35.13	0.00	0.00
433	16.04	2695	2505	0.90	6844	0	0	2615	0.00	84.13	83.96	0.00	58	58	0.00	0.00	181.59	44.23	0.00	0.00
297	10.98	2694	2512	1.09	5404	0	0	2524	0.00	89.46	89.02	0.00	57	57	0.00	0.00	168.24	41.59	0.00	0.00
451	15.38	2949	2484	2.48	6026	0	3	2182	0.00	84.05	84.62	0.00	60	60	0.00	0.00	163.02	28.34	0.00	0.00
477	16.45	2902	2500	2.09	6512	0	0	2173	0.00	83.53	83.55	0.00	58	58	0.00	0.00	176.45	34.92	0.00	0.00
438	16.21	2696	2504	0.89	6586	0	0	2391	0.00	83.94	83.79	0.00	58	58	0.00	0.00	181.99	44.25	0.00	0.00
306	11.29	2694	2511	1.09	5361	0	0	2359	0.00	89.12	88.71	0.00	58	58	0.00	0.00	169.58	42.00	0.00	0.00
449	15.19	2972	2485	2.34	6162	0	0	2316	0.00	84.28	84.81	0.00	59	59	0.00	0.00	160.68	26.42	0.00	0.00
499	16.75	2973	2504	2.45	6507	0	0	2118	0.00	83.35	83.25	0.00	59	59	0.00	0.00	175.32	31.42	0.00	0.00
445	16.40	2721	2496	0.92	6259	0	0	2019	0.00	83.47	83.60	0.00	58	58	0.00	0.00	179.66	42.67	0.00	0.00
377	13.97	2695	2504	0.98	6113	0	0	2393	0.00	86.19	86.03	0.00	57	57	0.00	0.00	176.12	43.33	0.00	0.00
375	12.87	2922	2497	2.28	5436	0	2	2258	0.00	87.01	87.13	0.00	59	59	0.00	0.00	158.03	29.66	0.00	0.00
509	16.68	3051	2499	2.58	6431	0	2	2083	0.00	83.26	83.32	0.00	60	59	0.00	0.00	168.13	25.22	0.00	0.00
507	16.70	3034	2500	2.50	6517	0	0	2089	0.00	83.30	83.30	0.00	59	59	0.00	0.00	170.26	26.64	0.00	0.00
453	16.11	2809	2501	1.44	6261	0	0	2089	0.00	83.93	83.89	0.00	58	58	0.00	0.00	177.94	39.00	0.00	0.00
416	15.42	2695	2501	0.92	6533	0	0	2449	0.00	84.63	84.58	0.00	59	59	0.00	0.00	178.91	43.73	0.00	0.00
329	12.02	2746	2496	1.44	6695	0	0	2500	0.00	87.82	87.98	0.00	59	60	0.00	0.00	159.47	35.65	0.00	0.00
508	16.71	3040	2500	2.33	6833	0	0	2381	0.00	83.29	83.29	0.00	59	60	0.00	0.00	169.29	25.83	0.00	0.00
503	16.73	3006	2502	2.51	6728	0	1	2333	0.00	83.33	83.27	0.00	59	59	0.00	0.00	174.18	28.85	0.00	0.00
435	15.84	2751	2499	1.13	6067	0	0	1916	0.00	84.11	84.16	0.00	58	58	0.00	0.00	177.70	40.99	0.00	0.00
405	15.02	2694	2501	0.94	7832	0	0	2511	0.00	85.00	84.98	0.00	58	58	0.00	0.00	178.07	43.51	0.00	0.00
360	12.68	2845	2494	2.01	6071	0	6	2740	0.00	87.11	87.32	0.00	59	59	0.00	0.00	159.09	32.33	0.00	0.00
505	16.75	3011	2505	2.62	6616	0	0	2105	0.00	83.38	83.25	0.00	59	59	0.00	0.00	173.06	28.28	0.00	0.00
502	16.89	2959	2514	2.33	6411	0	0	2025	0.00	83.57	83.11	0.00	60	60	0.00	0.00	179.05	33.05	0.00	0.00
386	14.32	2707	2491	0.97	5721	0	0	2060	0.00	85.38	85.68	0.00	59	59	0.00	0.00	173.75	41.79	0.00	0.00
357	13.24	2695	2502	1.02	5770	0	2	2284	0.00	86.85	86.76	0.00	58	57	0.00	0.00	174.18	42.89	0.00	0.00
396	13.66	2922	2484	2.35	5758	0	0	2288	0.00	85.76	86.34	0.00	60	60	0.00	0.00	159.42	29.37	0.00	0.00
503	16.93	2950	2519	2.28	6657	0	0	2132	0.00	83.66	83.07	0.00	60	60	0.00	0.00	180.38	33.46	0.00	0.00
442	16.47	2695	2491	0.87	6605	0	0	2429	0.00	83.24	83.53	0.00	59	59	0.00	0.00	177.38	42.74	0.00	0.00
359	13.29	2695	2508	0.99	5863	0	0	2354	0.00	87.01	86.71	0.00	59	59	0.00	0.00	175.57	43.10	0.00	0.00
378	13.03	2913	2493	2.16	5563	0	0	2252	0.00	86.70	86.97	0.00	60	60	0.00	0.00	158.12	29.53	0.00	0.00
501	16.80	2973	2507	2.52	6540	0	0	2165	0.00	83.42	83.20	0.00	59	59	0.00	0.00	175.69	31.65	0.00	0.00
457	16.58	2764	2492	1.21	6321	0	0	2072	0.00	83.14	83.42	0.00	59	59	0.00	0.00	178.57	40.75	0.00	0.00
356	13.18	2694	2508	1.01	6053	0	2	2620	0.00	87.11	86.82	0.00	58	58	0.00	0.00	174.62	43.01	0.00	0.00
335	11.86	2830	2493	1.84	5391	0	0	2472	0.00	87.86	88.14	0.00	59	59	0.00	0.00	157.37	32.26	0.00	0.00
500	16.82	2963	2508	2.35	6564	0	0	2190	0.00	83.43	83.18	0.00	60	60	0.00	0.00	178.39	32.72	0.00	0.00
455	16.59	2753	2491	1.07	6490	0	1	2204	0.00	83.12	83.41	0.00	59	59	0.00	0.00	177.53	40.91	0.00	0.00
405	14.98	2690	2513	0.93	6524	0	0	2664	0.00	85.46	85.02	0.00	59	59	0.00	0.00	180.59	44.09	0.00	0.00
324	11.33	2875	2486	1.83	5012	0	1	2155	0.00	88.15	88.67	0.00	59	59	0.00	0.00	152.96	30.83	0.00	0.00
511	16.73	3051	2502	2.43	6826	0	2	2348	0.00	83.32	83.27	0.00	60	60	0.00	0.00	169.00	25.30	0.00	0.00
489	16.52	2954	2503	2.00	6656	0	1	2352	0.00	83.55	83.48	0.00	58	58	0.00	0.00	172.74	30.15	0.00	0.00
423	15.73	2691	2500	0.91	4254	0	0	2290	0.00	84.28	84.27	0.00	58	58	0.00	0.00	178.93	43.54	0.00	0.00
