Avg_MHz	Busy%	Bzy_MHz	TSC_MHz	IPC	IRQ	SMI	POLL	C1	POLL%	C1%	CPU%c1	CPU%c6	CoreTmp	PkgTmp	Pkg%pc2	Pkg%pc6	PkgWatt	RAMWatt	PKG_%	RAM_%
33	1.09	3022	2503	0.71	2103	0	0	1888	0.00	99.04	98.91	0.00	48	48	0.00	0.00	114.42	24.31	0.00	0.00
33	1.08	3031	2500	0.72	1819	0	0	1681	0.00	98.93	98.92	0.00	48	48	0.00	0.00	114.49	24.26	0.00	0.00
33	1.09	3011	2500	0.72	1789	0	0	1687	0.00	98.90	98.91	0.00	47	48	0.00	0.00	114.56	24.29	0.00	0.00
33	1.09	3016	2500	0.72	2146	0	1	1995	0.00	98.92	98.91	0.00	48	48	0.00	0.00	114.36	24.24	0.00	0.00
33	1.09	3015	2500	0.71	2174	0	0	2045	0.00	98.92	98.91	0.00	47	47	0.00	0.00	114.23	24.23	0.00	0.00
33	1.08	3030	2500	0.71	1869	0	0	1744	0.00	98.92	98.92	0.00	48	48	0.00	0.00	114.18	24.29	0.00	0.00
33	1.09	3023	2500	0.71	1866	0	7	1735	0.00	98.92	98.91	0.00	48	48	0.00	0.00	114.19	24.33	0.00	0.00
33	1.09	3023	2500	0.72	1828	0	7	1710	0.00	98.91	98.91	0.00	48	48	0.00	0.00	114.21	24.30	0.00	0.00
33	1.08	3032	2500	0.72	1724	0	0	1594	0.00	98.93	98.92	0.00	48	48	0.00	0.00	114.24	24.32	0.00	0.00
33	1.08	3025	2500	0.72	1661	0	8	1546	0.00	98.91	98.92	0.00	48	48	0.00	0.00	114.22	24.40	0.00	0.00
33	1.08	3033	2500	0.71	1743	0	0	1606	0.00	98.93	98.92	0.00	48	48	0.00	0.00	114.27	24.40	0.00	0.00
33	1.08	3036	2500	0.71	1622	0	0	1479	0.00	98.92	98.92	0.00	48	48	0.00	0.00	114.15	24.34	0.00	0.00
33	1.08	3026	2500	0.71	2007	0	0	1872	0.00	98.92	98.92	0.00	47	47	0.00	0.00	114.22	24.27	0.00	0.00
33	1.09	3008	2500	0.71	2079	0	7	1953	0.00	98.89	98.91	0.00	48	47	0.00	0.00	114.33	24.31	0.00	0.00
33	1.09	3022	2500	0.72	2129	0	0	1972	0.00	98.93	98.91	0.00	47	47	0.00	0.00	114.22	24.33	0.00	0.00
33	1.09	3022	2500	0.71	2211	0	2	2046	0.00	98.92	98.91	0.00	48	48	0.00	0.00	114.31	24.35	0.00	0.00
33	1.09	3021	2500	0.72	1759	0	9	1650	0.00	98.91	98.91	0.00	48	48	0.00	0.00	114.22	24.32	0.00	0.00
33	1.09	3018	2500	0.72	2071	0	15	1935	0.00	98.92	98.91	0.00	48	48	0.00	0.00	114.04	24.32	0.00	0.00
33	1.08	3032	2500	0.71	1746	0	0	1604	0.00	98.94	98.92	0.00	48	48	0.00	0.00	114.30	24.32	0.00	0.00
33	1.08	3030	2500	0.71	1934	0	0	1793	0.00	98.92	98.92	0.00	48	48	0.00	0.00	114.01	24.34	0.00	0.00
33	1.08	3028	2500	0.71	1918	0	0	1782	0.00	98.92	98.92	0.00	47	48	0.00	0.00	114.01	24.36	0.00	0.00
33	1.09	3020	2500	0.71	2066	0	0	1912	0.00	98.91	98.91	0.00	48	48	0.00	0.00	114.02	24.29	0.00	0.00
33	1.09	3014	2500	0.72	2221	0	0	2104	0.00	98.92	98.91	0.00	48	48	0.00	0.00	114.14	24.35	0.00	0.00
33	1.08	3027	2500	0.72	1607	0	0	1463	0.00	98.92	98.92	0.00	47	48	0.00	0.00	114.00	24.24	0.00	0.00
33	1.08	3026	2500	0.72	1965	0	0	1825	0.00	98.92	98.92	0.00	48	48	0.00	0.00	114.08	24.28	0.00	0.00
33	1.08	3026	2500	0.71	2128	0	0	1974	0.00	98.92	98.92	0.00	48	48	0.00	0.00	114.13	24.35	0.00	0.00
33	1.08	3031	2500	0.71	1781	0	0	1640	0.00	98.93	98.92	0.00	48	48	0.00	0.00	114.36	24.35	0.00	0.00
33	1.08	3037	2500	0.71	1566	0	0	1427	0.00	98.92	98.92	0.00	48	48	0.00	0.00	114.30	24.27	0.00	0.00
33	1.08	3033	2500	0.71	1685	0	0	1548	0.00	98.92	98.92	0.00	48	47	0.00	0.00	114.65	24.31	0.00	0.00
33	1.08	3026	2500	0.72	2101	0	0	1958	0.00	98.92	98.92	0.00	48	48	0.00	0.00	114.28	24.33	0.00	0.00
33	1.08	3029	2500	0.72	1869	0	0	1736	0.00	98.93	98.92	0.00	48	48	0.00	0.00	114.35	24.31	0.00	0.00
33	1.08	3035	2500	0.71	1673	0	0	1537	0.00	98.92	98.92	0.00	48	48	0.00	0.00	114.24	24.31	0.00	0.00
33	1.08	3032	2500	0.72	1697	0	1	1561	0.00	98.93	98.92	0.00	48	48	0.00	0.00	114.36	24.37	0.00	0.00
33	1.09	3016	2500	0.72	2107	0	0	1965	0.00	98.91	98.91	0.00	48	48	0.00	0.00	114.09	24.37	0.00	0.00
33	1.08	3032	2500	0.71	1727	0	0	1578	0.00	98.93	98.92	0.00	48	48	0.00	0.00	114.35	24.44	0.00	0.00
34	1.16	2904	2498	0.71	1784	0	0	1528	0.00	98.77	98.84	0.00	48	48	0.00	0.00	114.60	24.37	0.00	0.00
33	1.09	3020	2501	0.72	2100	0	0	1962	0.00	98.96	98.91	0.00	48	48	0.00	0.00	114.34	24.31	0.00	0.00
33	1.09	3024	2500	0.72	2117	0	0	1960	0.00	98.93	98.91	0.00	48	48	0.00	0.00	114.30	24.37	0.00	0.00
33	1.09	3024	2500	0.72	2070	0	0	1922	0.00	98.92	98.91	0.00	48	48	0.00	0.00	114.48	24.35	0.00	0.00
33	1.08	3036	2500	0.72	1682	0	0	1543	0.00	98.92	98.92	0.00	47	48	0.00	0.00	114.33	24.33	0.00	0.00
33	1.08	3026	2500	0.71	1941	0	0	1808	0.00	98.93	98.92	0.00	48	48	0.00	0.00	114.24	24.33	0.00	0.00
33	1.08	3029	2500	0.71	2009	0	0	1873	0.00	98.92	98.92	0.00	48	48	0.00	0.00	114.20	24.28	0.00	0.00
33	1.08	3027	2500	0.71	1993	0	0	1846	0.00	98.93	98.92	0.00	48	48	0.00	0.00	114.63	24.31	0.00	0.00
33	1.08	3025	2500	0.71	1835	0	0	1704	0.00	98.91	98.92	0.00	48	48	0.00	0.00	114.22	24.29	0.00	0.00
33	1.08	3025	2500	0.71	2063	0	0	1905	0.00	98.93	98.92	0.00	47	47	0.00	0.00	114.04	24.36	0.00	0.00
33	1.09	3024	2500	0.72	2160	0	0	2012	0.00	98.92	98.91	0.00	48	48	0.00	0.00	114.04	24.28	0.00	0.00
33	1.09	3020	2500	0.71	2235	0	0	2085	0.00	98.92	98.91	0.00	47	48	0.00	0.00	114.24	24.28	0.00	0.00
33	1.08	3033	2500	0.72	1828	0	0	1689	0.00	98.92	98.92	0.00	48	48	0.00	0.00	114.23	24.24	0.00	0.00
33	1.08	3034	2500	0.71	1645	0	0	1508	0.00	98.92	98.92	0.00	48	48	0.00	0.00	114.16	24.20	0.00	0.00
33	1.08	3027	2500	0.71	1982	0	2	1830	0.00	98.92	98.92	0.00	48	48	0.00	0.00	114.04	24.29	0.00	0.00
33	1.08	3029	2500	0.71	1899	0	0	1754	0.00	98.92	98.92	0.00	48	48	0.00	0.00	114.07	24.29	0.00	0.00
33	1.08	3025	2500	0.71	2120	0	0	1982	0.00	98.92	98.92	0.00	48	47	0.00	0.00	114.06	24.29	0.00	0.00
33	1.08	3025	2500	0.72	1626	0	0	1491	0.00	98.91	98.92	0.00	48	48	0.00	0.00	114.15	24.26	0.00	0.00
33	1.09	3018	2499	0.72	2128	0	0	1970	0.00	98.90	98.91	0.00	47	47	0.00	0.00	114.06	24.21	0.00	0.00
32	1.09	2992	2501	0.72	2116	0	0	1962	0.00	98.95	98.91	0.00	46	46	0.00	0.00	114.63	24.23	0.00	0.00
33	1.08	3037	2500	0.71	1572	0	0	1437	0.00	98.92	98.92	0.00	45	46	0.00	0.00	114.17	24.17	0.00	0.00
33	1.08	3030	2500	0.70	1795	0	0	1656	0.00	98.93	98.92	0.00	45	46	0.00	0.00	114.19	24.24	0.00	0.00
33	1.08	3034	2500	0.71	1675	0	0	1540	0.00	98.92	98.92	0.00	45	46	0.00	0.00	114.29	24.24	0.00	0.00
33	1.08	3033	2500	0.71	1699	0	0	1555	0.00	98.93	98.92	0.00	45	46	0.00	0.00	114.19	24.25	0.00	0.00
33	1.08	3030	2500	0.71	1885	0	0	1750	0.00	98.91	98.92	0.00	46	46	0.00	0.00	114.09	24.27	0.00	0.00
33	1.09	3024	2500	0.71	2058	0	0	1921	0.00	98.93	98.91	0.00	45	46	0.00	0.00	114.17	24.31	0.00	0.00
33	1.08	3038	2500	0.71	1530	0	0	1395	0.00	98.92	98.92	0.00	46	46	0.00	0.00	114.19	24.27	0.00	0.00
33	1.09	3022	2500	0.72	1762	0	0	1620	0.00	98.92	98.91	0.00	45	46	0.00	0.00	114.33	24.27	0.00	0.00
33	1.08	3030	2500	0.71	1801	0	0	1664	0.00	98.92	98.92	0.00	45	46	0.00	0.00	114.11	24.28	0.00	0.00
33	1.08	3035	2500	0.71	1586	0	0	1447	0.00	98.93	98.92	0.00	45	46	0.00	0.00	114.24	24.29	0.00	0.00
33	1.08	3034	2500	0.71	1692	0	0	1555	0.00	98.92	98.92	0.00	45	46	0.00	0.00	114.05	24.26	0.00	0.00
33	1.08	3025	2500	0.71	2070	0	0	1928	0.00	98.92	98.92	0.00	45	46	0.00	0.00	114.19	24.31	0.00	0.00
33	1.08	3037	2500	0.71	1520	0	0	1385	0.00	98.92	98.92	0.00	45	46	0.00	0.00	114.15	24.29	0.00	0.00
33	1.10	2996	2500	0.71	1754	0	0	1527	0.00	98.89	98.90	0.00	45	46	0.00	0.00	114.18	24.27	0.00	0.00
33	1.08	3030	2500	0.71	1827	0	0	1687	0.00	98.94	98.92	0.00	45	46	0.00	0.00	114.45	24.26	0.00	0.00
33	1.09	3021	2500	0.71	2180	0	0	2035	0.00	98.91	98.91	0.00	45	46	0.00	0.00	114.33	24.21	0.00	0.00
33	1.08	3034	2500	0.71	1718	0	0	1585	0.00	98.93	98.92	0.00	45	46	0.00	0.00	114.29	24.17	0.00	0.00
33	1.09	3018	2500	0.71	1960	0	0	1829	0.00	98.91	98.91	0.00	45	46	0.00	0.00	114.34	24.24	0.00	0.00
33	1.08	3029	2500	0.71	1771	0	0	1644	0.00	98.92	98.92	0.00	46	46	0.00	0.00	114.63	24.32	0.00	0.00
33	1.08	3033	2500	0.71	1693	0	0	1552	0.00	98.93	98.92	0.00	45	46	0.00	0.00	114.60	24.34	0.00	0.00
33	1.08	3035	2500	0.71	1645	0	0	1507	0.00	98.92	98.92	0.00	45	46	0.00	0.00	114.51	24.36	0.00	0.00
33	1.08	3033	2500	0.72	1689	0	0	1554	0.00	98.93	98.92	0.00	45	46	0.00	0.00	114.49	24.40	0.00	0.00
33	1.08	3037	2500	0.71	1538	0	0	1404	0.00	98.92	98.92	0.00	45	46	0.00	0.00	114.55	24.40	0.00	0.00
33	1.08	3034	2500	0.71	1701	0	0	1556	0.00	98.93	98.92	0.00	45	46	0.00	0.00	114.50	24.39	0.00	0.00
33	1.08	3036	2500	0.71	1609	0	0	1475	0.00	98.92	98.92	0.00	46	46	0.00	0.00	114.38	24.40	0.00	0.00
33	1.08	3036	2500	0.71	1594	0	0	1455	0.00	98.93	98.92	0.00	45	46	0.00	0.00	114.18	24.36	0.00	0.00
33	1.08	3035	2500	0.71	1614	0	0	1480	0.00	98.93	98.92	0.00	46	46	0.00	0.00	114.52	24.37	0.00	0.00
33	1.09	3016	2500	0.71	1765	0	0	1624	0.00	98.91	98.91	0.00	45	46	0.00	0.00	114.72	24.35	0.00	0.00
33	1.08	3036	2500	0.71	1638	0	0	1499	0.00	98.92	98.92	0.00	45	46	0.00	0.00	114.47	24.29	0.00	0.00
33	1.08	3035	2500	0.72	1577	0	0	1444	0.00	98.93	98.92	0.00	45	46	0.00	0.00	114.52	24.36	0.00	0.00
33	1.08	3035	2500	0.71	1641	0	0	1503	0.00	98.92	98.92	0.00	46	46	0.00	0.00	114.45	24.35	0.00	0.00
33	1.08	3035	2500	0.71	1566	0	0	1426	0.00	98.92	98.92	0.00	45	46	0.00	0.00	114.27	24.36	0.00	0.00
33	1.08	3035	2500	0.71	1676	0	0	1540	0.00	98.92	98.92	0.00	45	46	0.00	0.00	114.40	24.33	0.00	0.00
33	1.08	3035	2500	0.71	1604	0	0	1471	0.00	98.93	98.92	0.00	45	46	0.00	0.00	114.40	24.33	0.00	0.00
33	1.08	3036	2500	0.71	1648	0	0	1508	0.00	98.92	98.92	0.00	45	46	0.00	0.00	114.34	24.32	0.00	0.00
33	1.08	3027	2500	0.71	1968	0	0	1826	0.00	98.92	98.92	0.00	46	46	0.00	0.00	114.25	24.38	0.00	0.00
33	1.08	3036	2500	0.71	1633	0	0	1497	0.00	98.92	98.92	0.00	45	46	0.00	0.00	114.25	24.39	0.00	0.00
33	1.08	3025	2500	0.71	1586	0	0	1447	0.00	98.92	98.92	0.00	45	46	0.00	0.00	114.16	24.38	0.00	0.00
33	1.08	3030	2500	0.71	1874	0	0	1735	0.00	98.92	98.92	0.00	46	46	0.00	0.00	114.17	24.42	0.00	0.00
33	1.08	3034	2500	0.71	1675	0	0	1534	0.00	98.92	98.92	0.00	45	46	0.00	0.00	114.20	24.42	0.00	0.00
33	1.08	3037	2500	0.71	1568	0	0	1434	0.00	98.93	98.92	0.00	45	46	0.00	0.00	114.57	24.44	0.00	0.00
33	1.08	3034	2500	0.71	1661	0	0	1527	0.00	98.92	98.92	0.00	45	46	0.00	0.00	114.29	24.41	0.00	0.00
33	1.08	3032	2500	0.71	1677	0	0	1538	0.00	98.93	98.92	0.00	45	46	0.00	0.00	114.26	24.42	0.00	0.00
33	1.08	3034	2500	0.71	1658	0	0	1515	0.00	98.92	98.92	0.00	45	46	0.00	0.00	114.31	24.38	0.00	0.00
33	1.08	3037	2500	0.71	1536	0	0	1400	0.00	98.92	98.92	0.00	45	46	0.00	0.00	114.09	24.38	0.00	0.00
33	1.08	3028	2500	0.71	1888	0	0	1750	0.00	98.92	98.92	0.00	45	46	0.00	0.00	114.10	24.41	0.00	0.00
33	1.08	3032	2500	0.71	1787	0	0	1638	0.00	98.93	98.92	0.00	45	46	0.00	0.00	114.12	24.31	0.00	0.00
33	1.08	3027	2500	0.71	1617	0	0	1483	0.00	98.91	98.92	0.00	46	46	0.00	0.00	114.03	24.30	0.00	0.00
33	1.08	3037	2500	0.71	1602	0	0	1470	0.00	98.93	98.92	0.00	45	46	0.00	0.00	114.17	24.30	0.00	0.00
33	1.08	3033	2500	0.71	1705	0	0	1568	0.00	98.92	98.92	0.00	45	46	0.00	0.00	114.04	24.32	0.00	0.00
33	1.08	3034	2500	0.71	1678	0	1	1536	0.00	98.92	98.92	0.00	45	46	0.00	0.00	114.33	24.30	0.00	0.00
33	1.08	3032	2500	0.72	1714	0	0	1576	0.00	98.92	98.92	0.00	46	46	0.00	0.00	114.19	24.24	0.00	0.00
33	1.08	3038	2500	0.71	1542	0	0	1403	0.00	98.93	98.92	0.00	46	46	0.00	0.00	114.12	24.32	0.00	0.00
33	1.08	3034	2500	0.71	1636	0	0	1501	0.00	98.93	98.92	0.00	45	46	0.00	0.00	114.00	24.33	0.00	0.00
33	1.08	3034	2500	0.71	1673	0	0	1526	0.00	98.92	98.92	0.00	45	46	0.00	0.00	114.02	24.31	0.00	0.00
33	1.08	3033	2500	0.71	1726	0	0	1591	0.00	98.92	98.92	0.00	46	46	0.00	0.00	114.14	24.36	0.00	0.00
33	1.08	3041	2500	0.71	1399	0	0	1264	0.00	98.93	98.92	0.00	46	46	0.00	0.00	114.16	24.40	0.00	0.00
33	1.09	3014	2500	0.71	2075	0	0	1924	0.00	98.91	98.91	0.00	45	46	0.00	0.00	114.13	24.40	0.00	0.00
33	1.08	3032	2500	0.71	1830	0	0	1685	0.00	98.93	98.92	0.00	45	46	0.00	0.00	114.30	24.41	0.00	0.00
33	1.08	3033	2500	0.72	1719	0	0	1584	0.00	98.92	98.92	0.00	46	46	0.00	0.00	113.92	24.36	0.00	0.00
33	1.08	3036	2500	0.71	1595	0	0	1462	0.00	98.92	98.92	0.00	46	46	0.00	0.00	113.92	24.33	0.00	0.00
33	1.12	2965	2499	0.71	3761	0	1	1672	0.00	98.84	98.88	0.00	45	46	0.00	0.00	113.97	24.31	0.00	0.00
33	1.08	3029	2501	0.70	1871	0	0	1740	0.00	98.96	98.92	0.00	45	46	0.00	0.00	114.06	24.37	0.00	0.00
33	1.08	3033	2500	0.71	1722	0	0	1586	0.00	98.92	98.92	0.00	45	46	0.00	0.00	113.93	24.33	0.00	0.00
33	1.08	3034	2500	0.71	1662	0	0	1526	0.00	98.93	98.92	0.00	45	46	0.00	0.00	114.11	24.33	0.00	0.00
33	1.08	3028	2500	0.71	1882	0	0	1742	0.00	98.92	98.92	0.00	46	46	0.00	0.00	114.30	24.32	0.00	0.00
33	1.09	3020	2500	0.72	1899	0	0	1761	0.00	98.91	98.91	0.00	46	46	0.00	0.00	114.13	24.23	0.00	0.00
33	1.08	3032	2500	0.71	1725	0	0	1588	0.00	98.93	98.92	0.00	45	46	0.00	0.00	114.06	24.20	0.00	0.00
33	1.08	3037	2500	0.71	1553	0	0	1415	0.00	98.92	98.92	0.00	46	46	0.00	0.00	113.94	24.30	0.00	0.00
33	1.08	3032	2500	0.71	1711	0	0	1576	0.00	98.93	98.92	0.00	45	46	0.00	0.00	113.96	24.32	0.00	0.00
33	1.08	3034	2500	0.71	1729	0	0	1591	0.00	98.92	98.92	0.00	45	46	0.00	0.00	113.96	24.27	0.00	0.00
33	1.09	3023	2500	0.72	1836	0	0	1727	0.00	98.91	98.91	0.00	46	46	0.00	0.00	114.04	24.30	0.00	0.00
33	1.08	3038	2500	0.71	1530	0	0	1398	0.00	98.93	98.92	0.00	45	46	0.00	0.00	114.00	24.34	0.00	0.00
36	1.23	2902	2499	0.75	2110	0	0	1995	0.00	98.75	98.77	0.00	48	49	0.00	0.00	114.15	24.38	0.00	0.00
