Avg_MHz	Busy%	Bzy_MHz	TSC_MHz	IPC	IRQ	SMI	POLL	C1	POLL%	C1%	CPU%c1	CPU%c6	CoreTmp	PkgTmp	Pkg%pc2	Pkg%pc6	PkgWatt	RAMWatt	PKG_%	RAM_%
1553	50.05	3100	2502	0.26	63681	0	0	1961	0.00	50.00	49.95	0.00	67	67	0.00	0.00	273.67	47.60	0.00	0.00
1551	50.04	3100	2500	0.27	84164	0	2	1662	0.00	49.96	49.96	0.00	67	67	0.00	0.00	274.46	48.06	0.00	0.00
1551	50.04	3100	2500	0.27	86782	0	0	1686	0.00	49.97	49.96	0.00	67	68	0.00	0.00	275.48	48.81	0.00	0.00
1551	50.04	3100	2500	0.28	72646	0	2	1745	0.00	49.96	49.96	0.00	67	67	0.00	0.00	276.20	49.43	0.00	0.00
1551	50.05	3100	2500	0.28	76015	0	1	1697	0.00	49.96	49.95	0.00	68	67	0.00	0.00	277.41	50.21	0.00	0.00
1551	50.04	3100	2500	0.28	84727	0	1	1791	0.00	49.96	49.96	0.00	68	68	0.00	0.00	277.91	50.39	0.00	0.00
1551	50.04	3100	2500	0.28	14167	0	0	1827	0.00	49.96	49.96	0.00	68	68	0.00	0.00	278.06	50.46	0.00	0.00
1552	50.04	3100	2500	0.28	14043	0	0	1717	0.00	49.97	49.96	0.00	68	68	0.00	0.00	278.28	50.30	0.00	0.00
1551	50.04	3100	2500	0.28	14188	0	0	1773	0.00	49.95	49.96	0.00	68	68	0.00	0.00	278.27	50.55	0.00	0.00
1551	50.04	3100	2500	0.28	14451	0	0	2115	0.00	49.96	49.96	0.00	68	68	0.00	0.00	278.28	50.49	0.00	0.00
1551	50.04	3100	2500	0.28	13894	0	0	1605	0.00	49.96	49.96	0.00	68	68	0.00	0.00	278.51	50.46	0.00	0.00
1551	50.04	3100	2500	0.28	14055	0	0	1723	0.00	49.96	49.96	0.00	68	68	0.00	0.00	278.50	50.58	0.00	0.00
1552	50.05	3100	2500	0.28	14268	0	0	1923	0.00	49.95	49.95	0.00	68	68	0.00	0.00	278.92	50.45	0.00	0.00
1551	50.04	3100	2500	0.28	13920	0	0	1613	0.00	49.96	49.96	0.00	68	68	0.00	0.00	278.71	50.47	0.00	0.00
1552	50.05	3100	2500	0.28	14123	0	0	1802	0.00	49.96	49.95	0.00	69	69	0.00	0.00	278.89	50.33	0.00	0.00
1551	50.05	3100	2500	0.28	14334	0	1	1972	0.00	49.96	49.95	0.00	68	68	0.00	0.00	279.16	50.56	0.00	0.00
1551	50.04	3100	2500	0.28	14064	0	0	1731	0.00	49.96	49.96	0.00	68	68	0.00	0.00	279.13	50.46	0.00	0.00
1551	50.04	3100	2500	0.28	14031	0	0	1756	0.00	49.96	49.96	0.00	68	68	0.00	0.00	279.26	50.47	0.00	0.00
1551	50.04	3100	2500	0.28	14373	0	0	2015	0.00	49.96	49.96	0.00	68	68	0.00	0.00	279.22	50.54	0.00	0.00
1551	50.04	3100	2500	0.28	15604	0	16	1648	0.00	49.96	49.96	0.00	69	69	0.00	0.00	279.50	50.64	0.00	0.00
1551	50.04	3100	2500	0.29	13863	0	0	1633	0.00	49.96	49.96	0.00	68	68	0.00	0.00	279.50	50.39	0.00	0.00
1548	49.95	3099	2500	0.29	22649	0	8	1610	0.00	50.06	50.05	0.00	68	68	0.00	0.00	279.50	50.43	0.00	0.00
1551	50.04	3100	2500	0.28	259857	0	3	1685	0.00	49.97	49.96	0.00	69	68	0.00	0.00	280.72	50.51	0.00	0.00
1551	50.04	3100	2500	0.29	215976	0	0	1850	0.00	49.95	49.96	0.00	68	68	0.00	0.00	281.03	50.69	0.00	0.00
1551	50.05	3100	2500	0.29	161267	0	0	1751	0.00	49.96	49.95	0.00	69	69	0.00	0.00	281.84	50.96	0.00	0.00
1551	50.04	3100	2500	0.30	173528	0	0	1826	0.00	49.96	49.96	0.00	69	69	0.00	0.00	282.78	51.44	0.00	0.00
1552	50.04	3100	2500	0.30	257582	0	0	1875	0.00	49.97	49.96	0.00	69	69	0.00	0.00	284.03	51.62	0.00	0.00
1551	50.04	3100	2500	0.32	166412	0	0	1676	0.00	49.95	49.96	0.00	69	69	0.00	0.00	286.41	52.67	0.00	0.00
1551	50.04	3100	2500	0.32	206345	0	1	1671	0.00	49.96	49.96	0.00	69	69	0.00	0.00	287.49	53.13	0.00	0.00
1551	50.04	3100	2500	0.32	206109	0	0	1617	0.00	49.97	49.96	0.00	69	69	0.00	0.00	288.18	53.37	0.00	0.00
1551	50.05	3100	2500	0.33	168133	0	6	1971	0.00	49.96	49.95	0.00	69	69	0.00	0.00	288.98	53.58	0.00	0.00
1551	50.05	3100	2500	0.33	152962	0	3	1926	0.00	49.96	49.95	0.00	69	69	0.00	0.00	289.79	53.89	0.00	0.00
1551	50.04	3100	2500	0.34	13983	0	1	1784	0.00	49.96	49.96	0.00	70	70	0.00	0.00	290.93	54.53	0.00	0.00
1551	50.04	3100	2500	0.34	812267	0	2	1863	0.00	49.96	49.96	0.00	70	70	0.00	0.00	293.23	54.62	0.00	0.00
1551	50.05	3100	2500	0.37	574897	0	1	1776	0.00	49.96	49.95	0.00	70	70	0.00	0.00	298.53	56.73	0.00	0.00
1551	50.05	3100	2500	0.37	296584	0	3	1895	0.00	49.96	49.95	0.00	70	70	0.00	0.00	299.57	56.94	0.00	0.00
1551	50.04	3100	2500	0.38	14625	0	0	1720	0.00	49.96	49.96	0.00	70	70	0.00	0.00	300.29	57.78	0.00	0.00
1551	50.04	3100	2500	0.38	147844	0	0	1840	0.00	49.96	49.96	0.00	70	70	0.00	0.00	300.62	57.69	0.00	0.00
1551	50.04	3100	2500	0.38	230389	0	0	1656	0.00	49.95	49.96	0.00	70	70	0.00	0.00	300.60	57.51	0.00	0.00
1552	50.04	3100	2501	0.38	954806	0	0	1808	0.00	49.97	49.96	0.00	70	70	0.00	0.00	300.73	57.21	0.00	0.00
1551	50.04	3100	2500	0.38	202265	0	1	1763	0.00	49.96	49.96	0.00	70	70	0.00	0.00	300.07	57.93	0.00	0.00
1551	50.04	3100	2500	0.38	370111	0	3	1852	0.00	49.96	49.96	0.00	70	70	0.00	0.00	299.71	57.71	0.00	0.00
1551	50.04	3100	2500	0.38	181558	0	2	1711	0.00	49.96	49.96	0.00	70	70	0.00	0.00	299.67	57.77	0.00	0.00
1551	50.04	3100	2500	0.38	14181	0	2	1876	0.00	49.96	49.96	0.00	70	70	0.00	0.00	299.85	57.85	0.00	0.00
1552	50.05	3100	2500	0.37	440676	0	3	1762	0.00	49.96	49.95	0.00	70	70	0.00	0.00	299.07	57.09	0.00	0.00
1551	50.05	3100	2500	0.37	298127	0	1	2185	0.00	49.96	49.95	0.00	70	70	0.00	0.00	297.29	56.08	0.00	0.00
1551	50.04	3100	2500	0.36	159562	0	1	1601	0.00	49.97	49.96	0.00	70	70	0.00	0.00	296.94	55.83	0.00	0.00
1551	50.04	3100	2500	0.36	176374	0	2	1736	0.00	49.95	49.96	0.00	70	70	0.00	0.00	296.66	56.10	0.00	0.00
1551	50.04	3100	2500	0.36	13997	0	1	1709	0.00	49.97	49.96	0.00	70	70	0.00	0.00	296.48	55.65	0.00	0.00
1551	50.04	3100	2500	0.36	158527	0	1	1823	0.00	49.96	49.96	0.00	70	70	0.00	0.00	296.14	55.53	0.00	0.00
1551	50.05	3100	2500	0.36	154234	0	1	1927	0.00	49.96	49.95	0.00	70	70	0.00	0.00	296.15	55.53	0.00	0.00
1551	50.04	3100	2500	0.36	242899	0	0	1710	0.00	49.96	49.96	0.00	70	70	0.00	0.00	296.11	55.51	0.00	0.00
1552	50.05	3100	2500	0.35	121070	0	0	2021	0.00	49.95	49.95	0.00	70	70	0.00	0.00	294.78	55.36	0.00	0.00
1551	50.04	3100	2500	0.35	125946	0	1	1759	0.00	49.96	49.96	0.00	70	70	0.00	0.00	295.04	55.33	0.00	0.00
1551	50.05	3100	2500	0.35	217436	0	1	1637	0.00	49.95	49.95	0.00	70	70	0.00	0.00	294.75	55.15	0.00	0.00
1551	50.04	3100	2500	0.35	13966	0	4	1572	0.00	49.96	49.96	0.00	70	69	0.00	0.00	294.32	54.93	0.00	0.00
1465	50.04	3100	2361	0.35	71665	0	5	1587	0.00	47.18	49.96	0.00	70	70	0.00	0.00	273.11	51.14	0.00	0.00
1518	50.04	3100	2447	0.35	14984	0	2	1785	0.00	48.90	49.96	0.00	69	70	0.00	0.00	281.29	52.75	0.00	0.00
1546	50.03	3100	2492	0.35	16124	0	20	1733	0.00	49.81	49.97	0.00	70	70	0.00	0.00	292.95	54.50	0.00	0.00
1554	50.04	3100	2504	0.35	16253	0	4	1802	0.00	50.04	49.96	0.00	70	70	0.00	0.00	294.93	54.97	0.00	0.00
1550	50.04	3100	2498	0.35	19768	0	3	1718	0.00	49.92	49.96	0.00	70	70	0.00	0.00	294.33	54.95	0.00	0.00
1554	50.04	3100	2505	0.35	16216	0	3	1766	0.00	50.06	49.96	0.00	70	70	0.00	0.00	295.08	54.92	0.00	0.00
1543	49.84	3099	2497	0.35	16104	0	27	1770	0.00	50.09	50.16	0.00	70	70	0.00	0.00	293.19	54.44	0.00	0.00
1549	50.04	3100	2496	0.35	16111	0	2	1727	0.00	49.89	49.96	0.00	70	70	0.00	0.00	294.22	54.80	0.00	0.00
1551	50.04	3100	2500	0.35	16192	0	0	1770	0.00	49.96	49.96	0.00	70	70	0.00	0.00	294.66	54.97	0.00	0.00
1551	50.04	3100	2500	0.35	130685	0	1	1764	0.00	49.96	49.96	0.00	70	70	0.00	0.00	295.24	54.98	0.00	0.00
1559	50.03	3100	2513	0.35	131260	0	2	1783	0.00	50.24	49.97	0.00	70	70	0.00	0.00	297.16	55.10	0.00	0.00
1548	49.99	3100	2497	0.35	537779	0	12	1587	0.00	49.95	50.01	0.00	70	70	0.00	0.00	295.24	54.74	0.00	0.00
1544	50.01	3099	2490	0.34	705389	0	10	1605	0.00	49.78	49.99	0.00	70	70	0.00	0.00	291.80	54.05	0.00	0.00
1551	50.04	3100	2500	0.34	708234	0	2	1665	0.00	49.97	49.96	0.00	70	70	0.00	0.00	293.07	54.19	0.00	0.00
1551	50.04	3100	2500	0.34	839122	0	6	1627	0.00	49.97	49.96	0.00	70	70	0.00	0.00	292.46	53.87	0.00	0.00
1555	50.04	3100	2507	0.34	16065	0	2	1632	0.00	50.10	49.96	0.00	70	70	0.00	0.00	293.27	53.96	0.00	0.00
1547	49.96	3099	2498	0.34	982916	0	5	1647	0.00	49.99	50.04	0.00	70	70	0.00	0.00	291.73	53.87	0.00	0.00
1546	49.98	3099	2496	0.34	337640	0	4	1695	0.00	49.94	50.02	0.00	70	70	0.00	0.00	292.12	54.17	0.00	0.00
1559	50.04	3100	2513	0.34	16085	0	2	1655	0.00	50.22	49.96	0.00	70	70	0.00	0.00	295.85	55.39	0.00	0.00
1543	49.98	3098	2491	0.34	129937	0	1	1887	0.00	49.85	50.02	0.00	70	70	0.00	0.00	290.26	54.14	0.00	0.00
1550	49.94	3099	2504	0.35	113617	0	1	1653	0.00	50.14	50.06	0.00	70	70	0.00	0.00	293.26	54.71	0.00	0.00
1547	50.00	3099	2497	0.35	16089	0	0	1695	0.00	49.94	50.00	0.00	70	70	0.00	0.00	293.07	54.79	0.00	0.00
1555	50.09	3100	2503	0.35	15998	0	3	1668	0.00	49.99	49.91	0.00	70	70	0.00	0.00	293.88	54.75	0.00	0.00
1540	49.85	3098	2492	0.35	16900	0	2	1683	0.00	50.01	50.15	0.00	70	70	0.00	0.00	291.86	54.42	0.00	0.00
1551	50.04	3100	2500	0.35	16072	0	4	1593	0.00	49.96	49.96	0.00	70	70	0.00	0.00	294.03	54.77	0.00	0.00
1551	50.04	3100	2500	0.35	16086	0	2	1670	0.00	49.96	49.96	0.00	70	70	0.00	0.00	294.19	55.16	0.00	0.00
1551	50.04	3100	2500	0.35	16261	0	0	1733	0.00	49.96	49.96	0.00	70	70	0.00	0.00	294.21	55.02	0.00	0.00
1551	50.04	3100	2500	0.35	16038	0	0	1622	0.00	49.96	49.96	0.00	70	70	0.00	0.00	294.22	54.78	0.00	0.00
1551	50.04	3100	2500	0.35	16053	0	2	1614	0.00	49.96	49.96	0.00	70	70	0.00	0.00	294.30	54.69	0.00	0.00
1553	50.04	3100	2503	0.35	16116	0	2	1607	0.00	50.02	49.96	0.00	70	70	0.00	0.00	295.32	55.16	0.00	0.00
1549	50.04	3100	2497	0.35	15714	0	0	1351	0.00	49.91	49.96	0.00	70	70	0.00	0.00	293.32	54.82	0.00	0.00
1556	50.04	3100	2507	0.35	16189	0	0	1674	0.00	50.11	49.96	0.00	70	70	0.00	0.00	296.14	55.20	0.00	0.00
1547	50.04	3100	2494	0.35	16085	0	1	1834	0.00	49.85	49.96	0.00	70	70	0.00	0.00	293.50	54.62	0.00	0.00
1571	50.05	3100	2532	0.35	173816	0	1	1748	0.00	50.60	49.95	0.00	70	70	0.00	0.00	299.36	55.56	0.00	0.00
1533	50.00	3099	2473	0.35	217326	0	4	1721	0.00	49.46	50.00	0.00	70	70	0.00	0.00	291.21	54.12	0.00	0.00
1546	49.93	3099	2498	0.35	23261	0	2	1678	0.00	50.04	50.07	0.00	70	70	0.00	0.00	294.82	55.36	0.00	0.00
1549	50.05	3100	2496	0.36	16378	0	0	1746	0.00	49.88	49.95	0.00	71	70	0.00	0.00	295.51	55.01	0.00	0.00
1551	50.04	3100	2500	0.36	53211	0	2	1677	0.00	49.96	49.96	0.00	70	71	0.00	0.00	295.88	55.18	0.00	0.00
1551	50.04	3100	2500	0.35	218699	0	0	1667	0.00	49.96	49.96	0.00	70	70	0.00	0.00	295.82	55.13	0.00	0.00
1552	50.04	3100	2501	0.35	414550	0	9	1614	0.00	49.98	49.96	0.00	70	70	0.00	0.00	296.45	55.20	0.00	0.00
1551	50.05	3100	2499	0.36	184276	0	3	1705	0.00	49.94	49.95	0.00	70	70	0.00	0.00	295.56	55.14	0.00	0.00
1552	50.05	3100	2500	0.36	16281	0	1	1652	0.00	49.95	49.95	0.00	70	71	0.00	0.00	296.40	55.42	0.00	0.00
1557	50.04	3100	2510	0.36	395477	0	0	1704	0.00	50.16	49.96	0.00	71	71	0.00	0.00	298.53	55.64	0.00	0.00
1545	50.01	3099	2492	0.36	174158	0	1	1682	0.00	49.85	49.99	0.00	70	70	0.00	0.00	295.47	55.01	0.00	0.00
1551	50.05	3100	2499	0.36	16182	0	5	1843	0.00	49.94	49.95	0.00	71	70	0.00	0.00	296.08	55.46	0.00	0.00
1555	50.04	3100	2506	0.36	191597	0	2	1608	0.00	50.08	49.96	0.00	70	70	0.00	0.00	297.39	55.45	0.00	0.00
1547	50.04	3100	2493	0.36	16194	0	0	1674	0.00	49.82	49.96	0.00	70	71	0.00	0.00	296.03	55.15	0.00	0.00
1553	50.04	3100	2502	0.36	16087	0	0	1590	0.00	50.01	49.96	0.00	71	71	0.00	0.00	297.52	55.57	0.00	0.00
1551	50.04	3100	2500	0.36	190402	0	4	1628	0.00	49.96	49.96	0.00	70	71	0.00	0.00	297.29	55.46	0.00	0.00
1548	50.09	3100	2493	0.36	5434	0	1	1373	0.00	49.77	49.91	0.00	70	70	0.00	0.00	295.51	55.30	0.00	0.00
