Avg_MHz	Busy%	Bzy_MHz	TSC_MHz	IPC	IRQ	SMI	POLL	C1	POLL%	C1%	CPU%c1	CPU%c6	CoreTmp	PkgTmp	Pkg%pc2	Pkg%pc6	PkgWatt	RAMWatt	PKG_%	RAM_%
1351	49.97	2700	2502	0.15	18599	0	3	2551	0.00	50.09	50.03	0.00	56	56	0.00	0.00	252.97	51.86	0.00	0.00
1351	50.01	2700	2500	0.15	17874	0	0	2190	0.00	50.00	49.99	0.00	56	56	0.00	0.00	251.20	50.52	0.00	0.00
1350	50.00	2701	2500	0.14	18222	0	5	2471	0.00	49.99	50.00	0.00	56	56	0.00	0.00	250.29	50.12	0.00	0.00
1350	49.98	2701	2500	0.15	71568	0	4	2326	0.00	50.02	50.02	0.00	56	56	0.00	0.00	252.88	51.86	0.00	0.00
1349	49.95	2701	2500	0.15	68293	0	3	2406	0.00	50.05	50.05	0.00	57	57	0.00	0.00	253.88	52.71	0.00	0.00
1351	50.02	2701	2500	0.16	514080	0	4	2217	0.00	49.99	49.98	0.00	56	56	0.00	0.00	254.65	52.47	0.00	0.00
1350	49.98	2701	2500	0.15	78443	0	3	2415	0.00	50.02	50.02	0.00	56	56	0.00	0.00	254.55	52.64	0.00	0.00
1350	49.99	2702	2500	0.19	467352	0	9	2626	0.00	50.01	50.01	0.00	56	56	0.00	0.00	263.32	55.90	0.00	0.00
1351	50.00	2701	2500	0.19	735362	0	0	2363	0.00	50.01	50.00	0.00	57	57	0.00	0.00	266.30	56.98	0.00	0.00
1350	49.99	2700	2500	0.18	18905	0	0	2590	0.00	50.02	50.01	0.00	57	57	0.00	0.00	264.75	56.92	0.00	0.00
1349	49.96	2700	2500	0.19	156869	0	1	2468	0.00	50.04	50.04	0.00	57	57	0.00	0.00	267.74	57.82	0.00	0.00
1349	49.94	2700	2500	0.18	18431	0	0	2527	0.00	50.07	50.06	0.00	57	57	0.00	0.00	265.85	57.42	0.00	0.00
1349	49.98	2700	2500	0.18	18674	0	5	2424	0.00	50.02	50.02	0.00	57	57	0.00	0.00	265.49	57.17	0.00	0.00
1349	49.98	2700	2500	0.19	18446	0	2	2562	0.00	50.02	50.02	0.00	57	57	0.00	0.00	267.69	57.96	0.00	0.00
1350	49.97	2700	2500	0.19	18837	0	1	2591	0.00	50.03	50.03	0.00	57	57	0.00	0.00	269.21	58.33	0.00	0.00
1350	49.98	2700	2500	0.19	18655	0	0	2410	0.00	50.03	50.02	0.00	57	57	0.00	0.00	269.65	58.38	0.00	0.00
1350	49.99	2701	2500	0.18	38561	0	1	2182	0.00	50.02	50.01	0.00	57	57	0.00	0.00	267.76	57.95	0.00	0.00
1349	49.97	2700	2500	0.18	20656	0	4	2446	0.00	50.03	50.03	0.00	57	58	0.00	0.00	267.51	57.84	0.00	0.00
1349	49.94	2700	2500	0.19	18188	0	6	2674	0.00	50.06	50.06	0.00	57	57	0.00	0.00	268.32	57.94	0.00	0.00
1350	50.00	2700	2500	0.18	30025	0	1	2414	0.00	50.00	50.00	0.00	57	57	0.00	0.00	267.40	57.79	0.00	0.00
1349	49.96	2701	2500	0.19	424924	0	2	2688	0.00	50.03	50.04	0.00	57	57	0.00	0.00	267.75	57.74	0.00	0.00
1349	49.96	2700	2500	0.19	18588	0	3	2641	0.00	50.05	50.04	0.00	57	57	0.00	0.00	269.98	58.50	0.00	0.00
1348	49.93	2700	2500	0.19	18092	0	0	2746	0.00	50.07	50.07	0.00	57	58	0.00	0.00	269.96	58.55	0.00	0.00
1350	49.97	2701	2500	0.19	487486	0	3	2410	0.00	50.03	50.03	0.00	58	58	0.00	0.00	268.81	58.00	0.00	0.00
1350	50.00	2701	2500	0.19	423568	0	0	2564	0.00	50.00	50.00	0.00	58	57	0.00	0.00	269.19	58.12	0.00	0.00
1349	49.95	2701	2500	0.19	379175	0	5	2801	0.00	50.04	50.05	0.00	58	58	0.00	0.00	268.80	57.75	0.00	0.00
1350	49.99	2701	2500	0.19	161316	0	0	2336	0.00	50.01	50.01	0.00	57	57	0.00	0.00	268.92	58.13	0.00	0.00
1350	49.97	2700	2500	0.19	361094	0	5	2554	0.00	50.04	50.03	0.00	58	58	0.00	0.00	269.07	57.78	0.00	0.00
1349	49.97	2701	2500	0.19	18424	0	3	2519	0.00	50.03	50.03	0.00	58	58	0.00	0.00	269.56	58.16	0.00	0.00
1350	49.99	2701	2500	0.19	672768	0	2	2535	0.00	50.01	50.01	0.00	58	57	0.00	0.00	267.12	57.03	0.00	0.00
1351	50.01	2700	2500	0.18	311035	0	12	2677	0.00	50.00	49.99	0.00	57	57	0.00	0.00	266.33	56.91	0.00	0.00
1315	49.99	2700	2435	0.18	19157	0	2	2696	0.00	48.72	50.01	0.00	57	57	0.00	0.00	258.56	55.63	0.00	0.00
1297	49.92	2703	2403	0.18	18828	0	0	2542	0.00	48.15	50.08	0.00	57	57	0.00	0.00	250.49	53.83	0.00	0.00
1323	49.64	2699	2468	0.18	40847	0	5	2751	0.00	49.73	50.36	0.00	58	58	0.00	0.00	260.36	55.50	0.00	0.00
1365	49.94	2700	2531	0.18	21425	0	4	2756	0.00	50.68	50.06	0.00	58	58	0.00	0.00	271.54	58.37	0.00	0.00
1330	49.58	2704	2480	0.18	20467	0	2	2836	0.00	50.03	50.42	0.00	58	58	0.00	0.00	263.67	56.22	0.00	0.00
1339	49.74	2700	2492	0.18	192320	0	3	2737	0.00	50.11	50.26	0.00	58	58	0.00	0.00	265.06	56.42	0.00	0.00
1347	49.91	2699	2499	0.18	21423	0	10	2811	0.00	50.08	50.09	0.00	58	58	0.00	0.00	267.14	56.98	0.00	0.00
1346	49.88	2701	2498	0.18	175713	0	6	3401	0.00	50.09	50.12	0.00	58	58	0.00	0.00	265.55	56.68	0.00	0.00
1350	49.80	2702	2508	0.18	369708	0	3	2664	0.00	50.36	50.20	0.00	58	58	0.00	0.00	266.41	56.57	0.00	0.00
1341	49.78	2699	2495	0.18	201271	0	3	3087	0.00	50.13	50.22	0.00	58	58	0.00	0.00	264.32	56.23	0.00	0.00
1347	49.92	2700	2500	0.17	210715	0	3	2667	0.00	50.07	50.08	0.00	58	58	0.00	0.00	262.78	55.08	0.00	0.00
1348	49.83	2701	2504	0.17	183330	0	3	2725	0.00	50.26	50.17	0.00	58	58	0.00	0.00	264.80	55.56	0.00	0.00
1339	49.83	2699	2489	0.17	20198	0	1	2624	0.00	49.96	50.17	0.00	58	58	0.00	0.00	261.85	54.95	0.00	0.00
1374	49.81	2703	2552	0.17	180605	0	1	2930	0.00	51.24	50.19	0.00	58	58	0.00	0.00	270.43	57.27	0.00	0.00
1324	49.79	2703	2459	0.18	166418	0	0	2806	0.00	49.39	50.21	0.00	58	58	0.00	0.00	260.06	55.22	0.00	0.00
1343	49.84	2702	2494	0.18	330034	0	5	2644	0.00	50.06	50.16	0.00	58	58	0.00	0.00	265.85	56.86	0.00	0.00
1352	49.84	2700	2512	0.18	21224	0	1	3031	0.00	50.41	50.16	0.00	58	58	0.00	0.00	268.17	57.50	0.00	0.00
1342	49.87	2701	2491	0.17	189810	0	2	2594	0.00	49.96	50.13	0.00	58	58	0.00	0.00	262.43	54.74	0.00	0.00
1353	49.89	2703	2509	0.17	20771	0	4	2715	0.00	50.29	50.11	0.00	58	58	0.00	0.00	264.01	54.87	0.00	0.00
1339	49.59	2701	2500	0.17	21033	0	3	2753	0.00	50.41	50.41	0.00	58	58	0.00	0.00	263.55	56.00	0.00	0.00
1362	49.77	2703	2531	0.18	20794	0	6	2907	0.00	50.84	50.23	0.00	59	59	0.00	0.00	271.40	58.05	0.00	0.00
1330	49.70	2702	2476	0.18	175838	0	4	2867	0.00	49.81	50.30	0.00	58	59	0.00	0.00	263.12	56.06	0.00	0.00
1342	49.86	2701	2491	0.17	168402	0	1	2824	0.00	49.96	50.14	0.00	59	59	0.00	0.00	263.58	55.95	0.00	0.00
1344	49.79	2702	2499	0.17	186811	0	2	2761	0.00	50.20	50.21	0.00	58	58	0.00	0.00	263.53	55.72	0.00	0.00
1342	49.91	2701	2488	0.18	172415	0	4	2803	0.00	49.85	50.09	0.00	58	58	0.00	0.00	263.83	55.71	0.00	0.00
1345	49.86	2700	2499	0.18	180742	0	3	2890	0.00	50.12	50.14	0.00	59	59	0.00	0.00	268.18	57.47	0.00	0.00
1369	49.86	2700	2542	0.18	21438	0	0	2957	0.00	50.98	50.14	0.00	59	58	0.00	0.00	272.38	58.28	0.00	0.00
1323	49.78	2701	2460	0.18	214670	0	1	2952	0.00	49.42	50.22	0.00	59	59	0.00	0.00	261.69	55.95	0.00	0.00
1351	49.98	2700	2502	0.19	180756	0	5	2632	0.00	50.06	50.02	0.00	59	59	0.00	0.00	269.87	58.33	0.00	0.00
1348	49.92	2701	2499	0.18	203829	0	3	3069	0.00	50.06	50.08	0.00	59	59	0.00	0.00	268.45	57.56	0.00	0.00
1354	49.94	2700	2510	0.18	185338	0	2	2774	0.00	50.27	50.06	0.00	59	59	0.00	0.00	269.79	58.00	0.00	0.00
1350	49.98	2700	2501	0.18	22563	0	4	3014	0.00	50.04	50.02	0.00	59	58	0.00	0.00	266.52	57.13	0.00	0.00
1349	49.69	2704	2511	0.18	206362	0	0	2957	0.00	50.54	50.31	0.00	60	59	0.00	0.00	269.00	57.34	0.00	0.00
1333	49.67	2703	2481	0.18	177041	0	2	2356	0.00	49.96	50.33	0.00	59	59	0.00	0.00	262.48	55.75	0.00	0.00
1350	49.88	2700	2507	0.18	47080	0	8	3019	0.00	50.26	50.12	0.00	59	59	0.00	0.00	267.03	57.08	0.00	0.00
1341	49.55	2702	2504	0.18	20631	0	5	2934	0.00	50.53	50.45	0.00	59	59	0.00	0.00	266.06	56.59	0.00	0.00
1340	49.77	2701	2491	0.18	23918	0	10	2763	0.00	50.06	50.23	0.00	59	59	0.00	0.00	264.32	56.55	0.00	0.00
1356	49.64	2703	2526	0.17	20533	0	7	2816	0.00	50.88	50.36	0.00	59	58	0.00	0.00	267.66	56.12	0.00	0.00
1344	49.79	2701	2499	0.17	20781	0	5	2895	0.00	50.19	50.21	0.00	59	59	0.00	0.00	262.83	54.91	0.00	0.00
1327	49.67	2701	2474	0.18	20620	0	3	3096	0.00	49.81	50.33	0.00	59	59	0.00	0.00	262.59	55.85	0.00	0.00
1356	49.95	2700	2512	0.18	20615	0	0	2731	0.00	50.30	50.05	0.00	59	59	0.00	0.00	267.60	57.06	0.00	0.00
1343	49.76	2701	2497	0.18	20672	0	3	2868	0.00	50.18	50.24	0.00	59	59	0.00	0.00	266.43	56.95	0.00	0.00
1359	49.82	2700	2525	0.17	20266	0	4	2855	0.00	50.69	50.18	0.00	59	59	0.00	0.00	267.17	56.25	0.00	0.00
1344	49.82	2702	2497	0.17	19921	0	0	2753	0.00	50.12	50.18	0.00	59	59	0.00	0.00	264.48	55.64	0.00	0.00
1332	49.59	2702	2485	0.18	44886	0	1	2908	0.00	50.12	50.41	0.00	59	59	0.00	0.00	264.50	56.29	0.00	0.00
1340	49.69	2704	2492	0.17	20609	0	11	2783	0.00	50.16	50.31	0.00	59	59	0.00	0.00	263.37	55.56	0.00	0.00
1349	49.87	2702	2502	0.18	34849	0	1	2550	0.00	50.18	50.13	0.00	59	59	0.00	0.00	267.22	56.92	0.00	0.00
1340	49.68	2700	2498	0.18	20403	0	6	2811	0.00	50.28	50.32	0.00	60	59	0.00	0.00	267.64	57.59	0.00	0.00
1344	49.94	2701	2491	0.18	21014	0	2	3029	0.00	49.89	50.06	0.00	59	59	0.00	0.00	268.80	57.88	0.00	0.00
1344	49.92	2701	2493	0.17	20918	0	1	2792	0.00	49.94	50.08	0.00	59	59	0.00	0.00	264.32	55.92	0.00	0.00
1360	49.92	2703	2519	0.17	21037	0	2	2878	0.00	50.46	50.08	0.00	60	59	0.00	0.00	269.99	57.04	0.00	0.00
1339	49.85	2700	2487	0.18	20822	0	1	2893	0.00	49.89	50.15	0.00	60	59	0.00	0.00	263.96	56.60	0.00	0.00
1356	49.70	2702	2524	0.18	180669	0	7	3351	0.00	50.79	50.30	0.00	59	59	0.00	0.00	270.86	57.50	0.00	0.00
1341	49.73	2702	2495	0.18	182294	0	4	2956	0.00	50.17	50.27	0.00	59	59	0.00	0.00	265.31	56.67	0.00	0.00
1329	49.52	2702	2482	0.18	20732	0	8	2817	0.00	50.12	50.48	0.00	60	59	0.00	0.00	265.72	56.93	0.00	0.00
1347	49.87	2700	2501	0.18	174917	0	4	3023	0.00	50.15	50.13	0.00	60	60	0.00	0.00	268.12	57.44	0.00	0.00
1355	49.89	2700	2514	0.18	21242	0	3	2861	0.00	50.40	50.11	0.00	60	59	0.00	0.00	269.12	57.68	0.00	0.00
1338	49.90	2700	2483	0.18	206356	0	0	2765	0.00	49.77	50.10	0.00	60	60	0.00	0.00	266.77	57.04	0.00	0.00
1351	49.90	2700	2507	0.18	21207	0	1	2944	0.00	50.25	50.10	0.00	60	60	0.00	0.00	271.48	58.59	0.00	0.00
1356	49.89	2700	2516	0.17	191602	0	0	3210	0.00	50.43	50.11	0.00	60	60	0.00	0.00	268.37	57.17	0.00	0.00
1335	49.89	2701	2476	0.17	20429	0	4	2825	0.00	49.63	50.11	0.00	60	60	0.00	0.00	263.01	56.00	0.00	0.00
1354	49.84	2700	2515	0.17	176723	0	4	2654	0.00	50.46	50.16	0.00	60	59	0.00	0.00	268.90	56.86	0.00	0.00
1341	49.74	2705	2491	0.18	19994	0	5	3016	0.00	50.09	50.26	0.00	60	60	0.00	0.00	265.41	56.62	0.00	0.00
1343	49.66	2699	2504	0.18	201482	0	3	2970	0.00	50.43	50.34	0.00	60	60	0.00	0.00	268.18	57.66	0.00	0.00
1358	49.97	2701	2515	0.17	21039	0	0	2640	0.00	50.32	50.03	0.00	59	60	0.00	0.00	269.71	57.43	0.00	0.00
1354	49.88	2701	2511	0.18	215733	0	2	2697	0.00	50.35	50.12	0.00	60	60	0.00	0.00	267.91	57.01	0.00	0.00
1326	49.76	2702	2466	0.17	20482	0	3	3048	0.00	49.55	50.24	0.00	60	60	0.00	0.00	260.71	55.51	0.00	0.00
1347	49.67	2704	2507	0.17	205391	0	2	2929	0.00	50.46	50.33	0.00	60	59	0.00	0.00	264.04	54.90	0.00	0.00
1347	49.93	2700	2497	0.17	20383	0	3	2707	0.00	50.01	50.07	0.00	60	60	0.00	0.00	265.24	56.01	0.00	0.00
1352	49.92	2700	2508	0.18	20763	0	0	3056	0.00	50.24	50.08	0.00	60	60	0.00	0.00	269.79	57.87	0.00	0.00
1342	49.97	2700	2487	0.18	177850	0	0	2099	0.00	49.77	50.03	0.00	60	60	0.00	0.00	266.97	56.95	0.00	0.00
