Avg_MHz	Busy%	Bzy_MHz	TSC_MHz	IPC	IRQ	SMI	POLL	C1	POLL%	C1%	CPU%c1	CPU%c6	CoreTmp	PkgTmp	Pkg%pc2	Pkg%pc6	PkgWatt	RAMWatt	PKG_%	RAM_%
29	1.09	2634	2503	0.78	2240	0	1	2059	0.00	99.03	98.91	0.00	52	52	0.00	0.00	114.01	23.34	0.00	0.00
29	1.09	2648	2500	0.77	2331	0	1	2173	0.00	98.93	98.91	0.00	52	52	0.00	0.00	113.68	23.33	0.00	0.00
29	1.09	2637	2500	0.78	2275	0	0	2137	0.00	98.91	98.91	0.00	52	52	0.00	0.00	113.82	23.29	0.00	0.00
29	1.08	2649	2500	0.77	2275	0	1	2119	0.00	98.93	98.92	0.00	52	52	0.00	0.00	113.78	23.29	0.00	0.00
29	1.08	2648	2500	0.78	2104	0	0	1961	0.00	98.92	98.92	0.00	52	52	0.00	0.00	113.71	23.24	0.00	0.00
29	1.09	2644	2500	0.78	2331	0	0	2164	0.00	98.92	98.91	0.00	52	52	0.00	0.00	113.83	23.29	0.00	0.00
29	1.08	2648	2500	0.77	2284	0	1	2134	0.00	98.91	98.92	0.00	52	52	0.00	0.00	113.81	23.33	0.00	0.00
29	1.08	2645	2500	0.79	2309	0	1	2146	0.00	98.93	98.92	0.00	51	51	0.00	0.00	113.87	23.34	0.00	0.00
29	1.09	2644	2500	0.77	2400	0	1	2266	0.00	98.91	98.91	0.00	52	52	0.00	0.00	113.85	23.32	0.00	0.00
29	1.10	2631	2500	0.79	2221	0	0	2073	0.00	98.90	98.90	0.00	53	53	0.00	0.00	113.90	23.22	0.00	0.00
29	1.08	2647	2500	0.77	2235	0	0	2083	0.00	98.93	98.92	0.00	52	52	0.00	0.00	113.86	23.19	0.00	0.00
29	1.08	2647	2500	0.77	2207	0	0	2071	0.00	98.92	98.92	0.00	51	51	0.00	0.00	114.02	23.24	0.00	0.00
29	1.10	2625	2500	0.79	2264	0	0	2140	0.00	98.89	98.90	0.00	51	51	0.00	0.00	113.99	23.19	0.00	0.00
29	1.08	2655	2500	0.77	1890	0	0	1761	0.00	98.93	98.92	0.00	51	51	0.00	0.00	113.90	23.19	0.00	0.00
29	1.13	2593	2500	0.79	2574	0	4	2795	0.00	98.87	98.87	0.00	51	51	0.00	0.00	113.84	23.21	0.00	0.00
29	1.08	2648	2500	0.78	2213	0	3	2048	0.00	98.93	98.92	0.00	52	52	0.00	0.00	113.84	23.14	0.00	0.00
29	1.08	2647	2500	0.78	2144	0	0	1984	0.00	98.92	98.92	0.00	51	51	0.00	0.00	113.90	23.15	0.00	0.00
29	1.09	2643	2500	0.78	2117	0	0	1967	0.00	98.92	98.91	0.00	51	51	0.00	0.00	113.85	23.17	0.00	0.00
29	1.08	2648	2500	0.77	2229	0	1	2074	0.00	98.92	98.92	0.00	51	51	0.00	0.00	114.05	23.20	0.00	0.00
29	1.09	2640	2500	0.79	2217	0	0	2070	0.00	98.92	98.91	0.00	51	51	0.00	0.00	113.88	23.19	0.00	0.00
29	1.08	2649	2500	0.77	2168	0	0	2010	0.00	98.92	98.92	0.00	51	51	0.00	0.00	113.75	23.22	0.00	0.00
29	1.08	2649	2500	0.77	2176	0	0	2015	0.00	98.92	98.92	0.00	51	51	0.00	0.00	113.72	23.20	0.00	0.00
29	1.08	2645	2500	0.78	2170	0	0	2016	0.00	98.92	98.92	0.00	50	50	0.00	0.00	113.74	23.20	0.00	0.00
29	1.09	2647	2500	0.77	2419	0	0	2253	0.00	98.92	98.91	0.00	51	51	0.00	0.00	113.72	23.19	0.00	0.00
29	1.08	2650	2500	0.78	1976	0	0	1838	0.00	98.92	98.92	0.00	51	51	0.00	0.00	113.75	23.17	0.00	0.00
29	1.08	2649	2500	0.77	2240	0	0	2087	0.00	98.92	98.92	0.00	51	51	0.00	0.00	113.69	23.15	0.00	0.00
29	1.08	2647	2500	0.78	2231	0	0	2074	0.00	98.92	98.92	0.00	50	50	0.00	0.00	113.91	23.10	0.00	0.00
29	1.08	2649	2500	0.78	2299	0	0	2140	0.00	98.92	98.92	0.00	51	51	0.00	0.00	113.79	23.13	0.00	0.00
29	1.11	2617	2499	0.78	2309	0	0	2097	0.00	98.88	98.89	0.00	51	51	0.00	0.00	113.74	23.18	0.00	0.00
29	1.09	2638	2500	0.78	2204	0	0	2058	0.00	98.93	98.91	0.00	50	50	0.00	0.00	113.83	23.19	0.00	0.00
29	1.08	2648	2500	0.77	2254	0	0	2097	0.00	98.93	98.92	0.00	51	51	0.00	0.00	113.79	23.23	0.00	0.00
29	1.08	2645	2500	0.78	2268	0	0	2111	0.00	98.92	98.92	0.00	50	50	0.00	0.00	114.05	23.20	0.00	0.00
29	1.08	2648	2500	0.78	2235	0	0	2078	0.00	98.92	98.92	0.00	50	50	0.00	0.00	113.88	23.16	0.00	0.00
29	1.08	2647	2500	0.77	2217	0	0	2063	0.00	98.92	98.92	0.00	50	50	0.00	0.00	113.80	23.26	0.00	0.00
29	1.08	2645	2500	0.78	2176	0	0	2021	0.00	98.93	98.92	0.00	50	50	0.00	0.00	113.75	23.20	0.00	0.00
29	1.08	2652	2500	0.77	2134	0	0	1973	0.00	98.92	98.92	0.00	50	50	0.00	0.00	113.70	23.14	0.00	0.00
29	1.08	2645	2500	0.78	2230	0	0	2076	0.00	98.92	98.92	0.00	50	50	0.00	0.00	113.71	23.15	0.00	0.00
29	1.08	2649	2500	0.77	2193	0	0	2039	0.00	98.92	98.92	0.00	50	50	0.00	0.00	113.57	23.18	0.00	0.00
29	1.08	2647	2500	0.78	2204	0	0	2048	0.00	98.92	98.92	0.00	51	51	0.00	0.00	113.62	23.21	0.00	0.00
29	1.09	2646	2500	0.78	2102	0	0	1967	0.00	98.91	98.91	0.00	50	50	0.00	0.00	113.57	23.27	0.00	0.00
29	1.08	2645	2500	0.77	2169	0	0	2014	0.00	98.93	98.92	0.00	50	50	0.00	0.00	113.63	23.27	0.00	0.00
29	1.08	2650	2500	0.80	2156	0	0	2005	0.00	98.92	98.92	0.00	50	50	0.00	0.00	113.75	23.24	0.00	0.00
29	1.08	2648	2500	0.77	2261	0	0	2104	0.00	98.92	98.92	0.00	51	51	0.00	0.00	113.79	23.23	0.00	0.00
29	1.08	2647	2500	0.77	2126	0	0	1969	0.00	98.92	98.92	0.00	50	50	0.00	0.00	113.74	23.23	0.00	0.00
29	1.08	2649	2500	0.77	2271	0	0	2117	0.00	98.92	98.92	0.00	49	49	0.00	0.00	113.60	23.21	0.00	0.00
29	1.08	2649	2500	0.77	2156	0	0	2003	0.00	98.92	98.92	0.00	50	50	0.00	0.00	113.53	23.23	0.00	0.00
29	1.08	2645	2500	0.78	2192	0	1	2031	0.00	98.93	98.92	0.00	50	50	0.00	0.00	113.67	23.22	0.00	0.00
29	1.08	2652	2500	0.77	2064	0	0	1904	0.00	98.92	98.92	0.00	49	49	0.00	0.00	113.61	23.19	0.00	0.00
29	1.08	2645	2500	0.79	2235	0	1	2075	0.00	98.92	98.92	0.00	49	49	0.00	0.00	113.75	23.18	0.00	0.00
29	1.09	2642	2500	0.77	2193	0	0	2038	0.00	98.91	98.91	0.00	49	49	0.00	0.00	113.66	23.11	0.00	0.00
29	1.08	2646	2500	0.77	2179	0	0	2018	0.00	98.93	98.92	0.00	49	49	0.00	0.00	113.67	23.10	0.00	0.00
29	1.08	2652	2500	0.78	2109	0	0	1952	0.00	98.91	98.92	0.00	50	50	0.00	0.00	113.72	23.11	0.00	0.00
29	1.08	2646	2500	0.77	2162	0	0	2011	0.00	98.93	98.92	0.00	50	50	0.00	0.00	113.63	23.19	0.00	0.00
29	1.08	2646	2500	0.78	2154	0	0	1993	0.00	98.92	98.92	0.00	49	49	0.00	0.00	113.59	23.23	0.00	0.00
29	1.08	2653	2500	0.77	1917	0	0	1776	0.00	98.92	98.92	0.00	49	49	0.00	0.00	113.62	23.20	0.00	0.00
29	1.08	2650	2500	0.78	2094	0	0	1934	0.00	98.92	98.92	0.00	50	50	0.00	0.00	113.56	23.24	0.00	0.00
29	1.08	2649	2500	0.78	2211	0	0	2077	0.00	98.92	98.92	0.00	49	49	0.00	0.00	113.56	23.17	0.00	0.00
29	1.08	2648	2500	0.78	2216	0	0	2069	0.00	98.92	98.92	0.00	49	49	0.00	0.00	113.60	23.19	0.00	0.00
29	1.08	2652	2500	0.78	1854	0	0	1708	0.00	98.93	98.92	0.00	49	49	0.00	0.00	113.44	23.09	0.00	0.00
29	1.08	2649	2500	0.78	1918	0	0	1782	0.00	98.91	98.92	0.00	49	49	0.00	0.00	113.65	23.15	0.00	0.00
29	1.10	2619	2500	0.78	2267	0	0	2037	0.00	98.88	98.90	0.00	49	49	0.00	0.00	113.61	23.18	0.00	0.00
29	1.08	2649	2500	0.77	2166	0	0	2015	0.00	98.94	98.92	0.00	49	49	0.00	0.00	113.67	23.21	0.00	0.00
29	1.09	2645	2500	0.78	2235	0	0	2072	0.00	98.92	98.91	0.00	49	49	0.00	0.00	113.62	23.22	0.00	0.00
29	1.11	2610	2499	0.78	2066	0	0	1889	0.00	98.87	98.89	0.00	49	49	0.00	0.00	113.32	23.26	0.00	0.00
29	1.08	2649	2501	0.77	2142	0	0	1998	0.00	98.94	98.92	0.00	49	49	0.00	0.00	113.51	23.26	0.00	0.00
29	1.08	2647	2500	0.78	2155	0	0	2006	0.00	98.92	98.92	0.00	49	49	0.00	0.00	113.51	23.22	0.00	0.00
29	1.08	2656	2500	0.77	1782	0	0	1641	0.00	98.93	98.92	0.00	49	49	0.00	0.00	113.35	23.24	0.00	0.00
29	1.08	2655	2500	0.78	1864	0	0	1732	0.00	98.92	98.92	0.00	49	49	0.00	0.00	113.39	23.21	0.00	0.00
29	1.08	2657	2500	0.77	1793	0	0	1653	0.00	98.93	98.92	0.00	49	49	0.00	0.00	113.27	23.29	0.00	0.00
29	1.09	2640	2500	0.78	2146	0	0	1980	0.00	98.91	98.91	0.00	49	49	0.00	0.00	113.33	23.24	0.00	0.00
29	1.09	2643	2500	0.78	2302	0	0	2147	0.00	98.92	98.91	0.00	49	49	0.00	0.00	113.25	23.16	0.00	0.00
29	1.08	2659	2500	0.77	1731	0	0	1601	0.00	98.92	98.92	0.00	49	49	0.00	0.00	113.34	23.20	0.00	0.00
29	1.08	2645	2500	0.78	2118	0	0	1967	0.00	98.91	98.92	0.00	48	48	0.00	0.00	113.34	23.19	0.00	0.00
29	1.08	2651	2500	0.77	2066	0	0	1918	0.00	98.93	98.92	0.00	49	49	0.00	0.00	113.37	23.28	0.00	0.00
29	1.08	2654	2500	0.78	1802	0	0	1659	0.00	98.93	98.92	0.00	49	49	0.00	0.00	113.29	23.37	0.00	0.00
29	1.08	2646	2500	0.78	2214	0	0	2056	0.00	98.92	98.92	0.00	48	48	0.00	0.00	113.19	23.30	0.00	0.00
29	1.08	2658	2500	0.77	1774	0	0	1638	0.00	98.93	98.92	0.00	48	48	0.00	0.00	113.25	23.30	0.00	0.00
29	1.09	2640	2500	0.79	2206	0	0	2050	0.00	98.92	98.91	0.00	48	48	0.00	0.00	112.97	23.33	0.00	0.00
29	1.08	2649	2500	0.77	1788	0	0	1646	0.00	98.92	98.92	0.00	48	48	0.00	0.00	113.02	23.24	0.00	0.00
29	1.08	2650	2500	0.78	2152	0	0	1993	0.00	98.92	98.92	0.00	49	49	0.00	0.00	113.03	23.26	0.00	0.00
29	1.08	2653	2500	0.78	1975	0	0	1841	0.00	98.92	98.92	0.00	49	49	0.00	0.00	113.06	23.23	0.00	0.00
29	1.08	2644	2500	0.76	2226	0	0	2078	0.00	98.92	98.92	0.00	48	48	0.00	0.00	112.87	23.20	0.00	0.00
29	1.08	2648	2500	0.79	2163	0	0	2017	0.00	98.92	98.92	0.00	49	49	0.00	0.00	113.01	23.26	0.00	0.00
29	1.08	2650	2500	0.77	2240	0	0	2107	0.00	98.92	98.92	0.00	48	48	0.00	0.00	112.99	23.22	0.00	0.00
29	1.08	2653	2500	0.78	1709	0	0	1572	0.00	98.93	98.92	0.00	49	49	0.00	0.00	113.03	23.22	0.00	0.00
29	1.08	2651	2500	0.77	2125	0	0	1992	0.00	98.92	98.92	0.00	49	49	0.00	0.00	112.80	23.26	0.00	0.00
29	1.08	2650	2500	0.78	1987	0	2	1841	0.00	98.92	98.92	0.00	48	48	0.00	0.00	112.88	23.26	0.00	0.00
29	1.08	2646	2500	0.78	2170	0	1	2015	0.00	98.92	98.92	0.00	49	49	0.00	0.00	112.71	23.29	0.00	0.00
29	1.08	2650	2500	0.77	1751	0	0	1623	0.00	98.92	98.92	0.00	48	48	0.00	0.00	112.99	23.27	0.00	0.00
29	1.09	2644	2500	0.78	2246	0	0	2099	0.00	98.92	98.91	0.00	49	49	0.00	0.00	112.80	23.35	0.00	0.00
29	1.08	2655	2500	0.77	1833	0	0	1689	0.00	98.93	98.92	0.00	49	49	0.00	0.00	112.68	23.28	0.00	0.00
29	1.08	2648	2500	0.78	2107	0	0	1945	0.00	98.92	98.92	0.00	48	48	0.00	0.00	112.70	23.29	0.00	0.00
29	1.08	2659	2500	0.78	1695	0	0	1570	0.00	98.93	98.92	0.00	48	48	0.00	0.00	112.68	23.29	0.00	0.00
29	1.08	2646	2500	0.76	2079	0	0	1921	0.00	98.92	98.92	0.00	48	48	0.00	0.00	112.65	23.27	0.00	0.00
29	1.08	2649	2500	0.79	1837	0	0	1713	0.00	98.92	98.92	0.00	48	48	0.00	0.00	112.58	23.39	0.00	0.00
29	1.08	2657	2500	0.77	1822	0	0	1690	0.00	98.92	98.92	0.00	48	48	0.00	0.00	112.56	23.34	0.00	0.00
29	1.08	2645	2500	0.78	2163	0	0	2009	0.00	98.93	98.92	0.00	48	48	0.00	0.00	112.42	23.29	0.00	0.00
29	1.08	2652	2500	0.77	2085	0	0	1951	0.00	98.92	98.92	0.00	48	48	0.00	0.00	112.62	23.38	0.00	0.00
29	1.09	2640	2500	0.78	1928	0	0	1811	0.00	98.91	98.91	0.00	48	48	0.00	0.00	112.88	23.26	0.00	0.00
29	1.08	2649	2500	0.78	2081	0	0	1929	0.00	98.92	98.92	0.00	48	48	0.00	0.00	112.91	23.32	0.00	0.00
32	1.39	2330	2502	0.78	1688	0	0	1761	0.00	98.73	98.61	0.00	48	48	0.00	0.00	113.16	23.44	0.00	0.00
