Avg_MHz	Busy%	Bzy_MHz	TSC_MHz	IPC	IRQ	SMI	POLL	C1	POLL%	C1%	CPU%c1	CPU%c6	CoreTmp	PkgTmp	Pkg%pc2	Pkg%pc6	PkgWatt	RAMWatt	PKG_%	RAM_%
29	1.09	2642	2503	1.20	1968	0	0	1758	0.00	99.02	98.91	0.00	53	53	0.00	0.00	116.00	24.87	0.00	0.00
29	1.09	2640	2500	1.20	2136	0	0	1993	0.00	98.92	98.91	0.00	53	53	0.00	0.00	115.77	24.87	0.00	0.00
29	1.09	2634	2500	1.21	2128	0	0	1997	0.00	98.90	98.91	0.00	53	53	0.00	0.00	115.55	24.80	0.00	0.00
29	1.09	2634	2500	1.21	2194	0	0	2037	0.00	98.93	98.91	0.00	53	53	0.00	0.00	115.77	24.83	0.00	0.00
29	1.09	2634	2500	1.21	2030	0	0	1872	0.00	98.91	98.91	0.00	53	53	0.00	0.00	115.63	24.87	0.00	0.00
29	1.08	2642	2500	1.20	2055	0	0	1905	0.00	98.93	98.92	0.00	53	53	0.00	0.00	115.72	24.88	0.00	0.00
29	1.09	2633	2500	1.22	2123	0	0	2010	0.00	98.90	98.91	0.00	53	53	0.00	0.00	115.93	24.83	0.00	0.00
29	1.09	2641	2500	1.23	2124	0	0	1965	0.00	98.94	98.91	0.00	53	53	0.00	0.00	115.89	25.01	0.00	0.00
29	1.08	2642	2500	1.22	1914	0	0	1767	0.00	98.91	98.92	0.00	53	53	0.00	0.00	115.77	24.99	0.00	0.00
29	1.09	2642	2500	1.22	2070	0	0	1912	0.00	98.92	98.91	0.00	53	53	0.00	0.00	115.30	24.92	0.00	0.00
29	1.08	2642	2500	1.23	1971	0	2	1811	0.00	98.92	98.92	0.00	53	53	0.00	0.00	115.30	24.94	0.00	0.00
29	1.09	2638	2500	1.23	2220	0	5	2058	0.00	98.92	98.91	0.00	53	53	0.00	0.00	115.58	24.96	0.00	0.00
29	1.09	2641	2500	1.22	2016	0	2	1864	0.00	98.91	98.91	0.00	53	53	0.00	0.00	115.32	24.87	0.00	0.00
29	1.09	2640	2500	1.23	2099	0	0	1945	0.00	98.92	98.91	0.00	53	53	0.00	0.00	115.35	24.87	0.00	0.00
29	1.09	2634	2500	1.23	2024	0	0	1871	0.00	98.91	98.91	0.00	52	52	0.00	0.00	115.38	24.88	0.00	0.00
29	1.08	2646	2500	1.23	1855	0	0	1699	0.00	98.93	98.92	0.00	52	52	0.00	0.00	115.27	24.97	0.00	0.00
29	1.09	2640	2500	1.22	2039	0	1	1879	0.00	98.91	98.91	0.00	52	52	0.00	0.00	115.06	24.86	0.00	0.00
29	1.08	2642	2500	1.26	2050	0	0	1913	0.00	98.92	98.92	0.00	52	52	0.00	0.00	115.37	25.01	0.00	0.00
29	1.08	2643	2500	1.22	1928	0	0	1771	0.00	98.93	98.92	0.00	52	52	0.00	0.00	115.21	24.92	0.00	0.00
29	1.09	2640	2500	1.23	2137	0	2	1986	0.00	98.92	98.91	0.00	53	53	0.00	0.00	115.33	24.99	0.00	0.00
29	1.08	2642	2500	1.24	1978	0	0	1822	0.00	98.91	98.92	0.00	52	52	0.00	0.00	115.31	24.95	0.00	0.00
29	1.08	2642	2500	1.24	2043	0	0	1894	0.00	98.92	98.92	0.00	53	53	0.00	0.00	115.21	25.03	0.00	0.00
29	1.09	2641	2500	1.23	2021	0	0	1855	0.00	98.92	98.91	0.00	53	53	0.00	0.00	115.22	25.04	0.00	0.00
29	1.09	2641	2500	1.23	2165	0	0	2004	0.00	98.92	98.91	0.00	52	52	0.00	0.00	115.39	24.92	0.00	0.00
29	1.09	2632	2500	1.24	2051	0	0	1885	0.00	98.91	98.91	0.00	52	52	0.00	0.00	115.10	24.89	0.00	0.00
29	1.09	2641	2500	1.24	2083	0	0	1928	0.00	98.92	98.91	0.00	52	52	0.00	0.00	115.18	24.96	0.00	0.00
29	1.08	2642	2500	1.24	1924	0	0	1784	0.00	98.93	98.92	0.00	52	52	0.00	0.00	115.23	24.88	0.00	0.00
29	1.09	2640	2500	1.23	2209	0	0	2053	0.00	98.92	98.91	0.00	52	52	0.00	0.00	115.47	24.93	0.00	0.00
29	1.08	2641	2500	1.24	1973	0	0	1829	0.00	98.91	98.92	0.00	52	52	0.00	0.00	115.46	24.96	0.00	0.00
29	1.08	2641	2500	1.24	2034	0	1	1881	0.00	98.92	98.92	0.00	52	52	0.00	0.00	115.47	24.99	0.00	0.00
29	1.09	2638	2500	1.26	2059	0	0	1912	0.00	98.92	98.91	0.00	52	52	0.00	0.00	115.48	25.10	0.00	0.00
29	1.08	2643	2500	1.24	2001	0	0	1839	0.00	98.92	98.92	0.00	52	52	0.00	0.00	115.34	25.01	0.00	0.00
29	1.09	2641	2500	1.24	2101	0	0	1939	0.00	98.93	98.91	0.00	52	52	0.00	0.00	115.33	24.96	0.00	0.00
29	1.09	2636	2500	1.24	2019	0	0	1864	0.00	98.91	98.91	0.00	52	52	0.00	0.00	115.85	25.00	0.00	0.00
29	1.09	2641	2500	1.24	1995	0	0	1838	0.00	98.93	98.91	0.00	52	52	0.00	0.00	115.53	25.03	0.00	0.00
29	1.08	2642	2500	1.24	2006	0	2	1848	0.00	98.92	98.92	0.00	52	52	0.00	0.00	115.19	25.01	0.00	0.00
29	1.09	2640	2500	1.24	1998	0	0	1857	0.00	98.91	98.91	0.00	52	52	0.00	0.00	115.36	25.05	0.00	0.00
29	1.08	2643	2500	1.25	1992	0	0	1836	0.00	98.92	98.92	0.00	51	51	0.00	0.00	115.37	25.04	0.00	0.00
29	1.08	2643	2500	1.24	1932	0	0	1778	0.00	98.93	98.92	0.00	52	52	0.00	0.00	115.07	25.03	0.00	0.00
29	1.08	2642	2500	1.25	2111	0	0	1948	0.00	98.92	98.92	0.00	51	51	0.00	0.00	115.34	25.06	0.00	0.00
29	1.08	2642	2500	1.25	1972	0	0	1814	0.00	98.92	98.92	0.00	52	52	0.00	0.00	114.88	24.95	0.00	0.00
29	1.08	2643	2500	1.25	2001	0	0	1852	0.00	98.92	98.92	0.00	52	52	0.00	0.00	115.06	24.99	0.00	0.00
29	1.09	2639	2500	1.25	2095	0	0	1941	0.00	98.93	98.91	0.00	52	52	0.00	0.00	115.02	25.00	0.00	0.00
29	1.08	2644	2500	1.26	1603	0	0	1457	0.00	98.91	98.92	0.00	51	51	0.00	0.00	115.07	24.99	0.00	0.00
29	1.08	2641	2500	1.25	1959	0	0	1804	0.00	98.92	98.92	0.00	51	51	0.00	0.00	114.89	24.95	0.00	0.00
29	1.08	2643	2500	1.25	1948	0	2	1789	0.00	98.92	98.92	0.00	52	52	0.00	0.00	115.23	24.98	0.00	0.00
29	1.09	2638	2500	1.24	2139	0	0	1988	0.00	98.92	98.91	0.00	51	51	0.00	0.00	114.88	25.00	0.00	0.00
29	1.09	2639	2500	1.27	2143	0	1	1977	0.00	98.92	98.91	0.00	51	51	0.00	0.00	114.97	25.12	0.00	0.00
29	1.09	2638	2500	1.25	2175	0	0	2018	0.00	98.92	98.91	0.00	51	51	0.00	0.00	114.79	25.09	0.00	0.00
29	1.08	2643	2500	1.25	2031	0	0	1876	0.00	98.92	98.92	0.00	51	51	0.00	0.00	114.85	25.13	0.00	0.00
29	1.08	2641	2500	1.26	1995	0	0	1840	0.00	98.93	98.92	0.00	51	51	0.00	0.00	115.04	25.15	0.00	0.00
29	1.08	2645	2500	1.24	1907	0	0	1747	0.00	98.92	98.92	0.00	51	51	0.00	0.00	115.01	24.98	0.00	0.00
29	1.09	2640	2500	1.25	2030	0	0	1877	0.00	98.92	98.91	0.00	51	51	0.00	0.00	115.02	24.91	0.00	0.00
29	1.09	2633	2499	1.26	2025	0	2	1881	0.00	98.88	98.91	0.00	51	51	0.00	0.00	114.67	24.95	0.00	0.00
29	1.08	2641	2501	1.25	2017	0	0	1865	0.00	98.96	98.92	0.00	51	51	0.00	0.00	114.88	25.04	0.00	0.00
29	1.08	2644	2500	1.25	1997	0	0	1839	0.00	98.92	98.92	0.00	51	51	0.00	0.00	114.92	25.00	0.00	0.00
29	1.09	2641	2500	1.25	2015	0	0	1866	0.00	98.92	98.91	0.00	51	51	0.00	0.00	114.78	24.97	0.00	0.00
29	1.08	2642	2500	1.26	1992	0	0	1841	0.00	98.92	98.92	0.00	51	51	0.00	0.00	114.74	25.04	0.00	0.00
29	1.09	2640	2500	1.25	2085	0	0	1937	0.00	98.93	98.91	0.00	51	51	0.00	0.00	114.70	24.97	0.00	0.00
29	1.08	2642	2500	1.25	1967	0	2	1807	0.00	98.92	98.92	0.00	51	51	0.00	0.00	114.70	24.98	0.00	0.00
29	1.08	2649	2500	1.26	1601	0	0	1455	0.00	98.92	98.92	0.00	51	51	0.00	0.00	114.64	24.98	0.00	0.00
29	1.08	2642	2500	1.26	2004	0	0	1848	0.00	98.93	98.92	0.00	51	51	0.00	0.00	114.59	24.98	0.00	0.00
29	1.09	2640	2500	1.25	2048	0	0	1891	0.00	98.92	98.91	0.00	51	51	0.00	0.00	114.65	24.96	0.00	0.00
29	1.09	2636	2500	1.25	1931	0	0	1782	0.00	98.91	98.91	0.00	51	51	0.00	0.00	114.68	24.96	0.00	0.00
29	1.09	2636	2500	1.26	1977	0	0	1824	0.00	98.92	98.91	0.00	51	51	0.00	0.00	114.62	25.09	0.00	0.00
29	1.08	2643	2500	1.26	1955	0	0	1805	0.00	98.92	98.92	0.00	51	51	0.00	0.00	114.53	25.08	0.00	0.00
29	1.09	2640	2500	1.25	2040	0	0	1886	0.00	98.92	98.91	0.00	51	51	0.00	0.00	114.54	25.02	0.00	0.00
29	1.11	2603	2499	1.24	2118	0	2	1824	0.00	98.85	98.89	0.00	51	51	0.00	0.00	114.69	25.00	0.00	0.00
29	1.09	2640	2501	1.26	1978	0	0	1831	0.00	98.95	98.91	0.00	51	51	0.00	0.00	114.99	25.12	0.00	0.00
29	1.08	2643	2500	1.27	1899	0	0	1746	0.00	98.93	98.92	0.00	51	51	0.00	0.00	114.76	25.12	0.00	0.00
29	1.09	2640	2499	1.26	2101	0	0	1943	0.00	98.90	98.91	0.00	50	50	0.00	0.00	114.69	25.06	0.00	0.00
29	1.08	2643	2500	1.26	1910	0	0	1760	0.00	98.94	98.92	0.00	51	51	0.00	0.00	114.69	25.07	0.00	0.00
29	1.09	2641	2500	1.25	2032	0	2	1908	0.00	98.92	98.91	0.00	51	51	0.00	0.00	114.78	25.01	0.00	0.00
29	1.09	2633	2500	1.27	2015	0	0	1868	0.00	98.91	98.91	0.00	51	51	0.00	0.00	114.67	25.09	0.00	0.00
29	1.11	2604	2500	1.24	2298	0	2	2057	0.00	98.88	98.89	0.00	51	51	0.00	0.00	114.88	24.98	0.00	0.00
29	1.11	2613	2500	1.26	1893	0	0	1674	0.00	98.90	98.89	0.00	51	51	0.00	0.00	115.10	25.02	0.00	0.00
29	1.09	2640	2500	1.25	1985	0	0	1838	0.00	98.94	98.91	0.00	51	51	0.00	0.00	114.62	25.06	0.00	0.00
29	1.09	2641	2500	1.26	2005	0	0	1857	0.00	98.92	98.91	0.00	51	51	0.00	0.00	114.67	25.12	0.00	0.00
29	1.09	2639	2500	1.25	2083	0	0	1918	0.00	98.92	98.91	0.00	50	50	0.00	0.00	114.78	25.08	0.00	0.00
29	1.08	2644	2500	1.26	1925	0	0	1771	0.00	98.91	98.92	0.00	51	51	0.00	0.00	114.64	25.06	0.00	0.00
29	1.08	2641	2500	1.27	1971	0	0	1821	0.00	98.92	98.92	0.00	51	51	0.00	0.00	114.88	25.06	0.00	0.00
29	1.08	2643	2500	1.25	2011	0	0	1858	0.00	98.92	98.92	0.00	51	51	0.00	0.00	114.70	25.13	0.00	0.00
29	1.09	2637	2500	1.27	2148	0	2	2004	0.00	98.92	98.91	0.00	51	51	0.00	0.00	114.84	25.20	0.00	0.00
29	1.09	2639	2499	1.25	1785	0	0	1650	0.00	98.88	98.91	0.00	50	50	0.00	0.00	114.33	25.03	0.00	0.00
29	1.08	2642	2501	1.27	1992	0	0	1839	0.00	98.96	98.92	0.00	51	51	0.00	0.00	114.50	25.16	0.00	0.00
29	1.08	2643	2500	1.25	1932	0	0	1779	0.00	98.92	98.92	0.00	51	51	0.00	0.00	114.26	25.11	0.00	0.00
29	1.09	2638	2500	1.26	2094	0	0	1954	0.00	98.92	98.91	0.00	50	50	0.00	0.00	114.48	25.12	0.00	0.00
29	1.09	2639	2500	1.26	2130	0	0	1977	0.00	98.91	98.91	0.00	50	50	0.00	0.00	114.71	25.15	0.00	0.00
29	1.09	2640	2500	1.26	2102	0	0	1951	0.00	98.92	98.91	0.00	50	50	0.00	0.00	114.75	25.16	0.00	0.00
29	1.08	2647	2500	1.27	1757	0	0	1602	0.00	98.92	98.92	0.00	50	50	0.00	0.00	114.72	25.17	0.00	0.00
29	1.09	2639	2500	1.25	2073	0	0	1922	0.00	98.92	98.91	0.00	50	50	0.00	0.00	114.71	25.15	0.00	0.00
29	1.08	2641	2500	1.27	2042	0	0	1888	0.00	98.92	98.92	0.00	50	50	0.00	0.00	114.83	25.18	0.00	0.00
29	1.09	2634	2500	1.26	1983	0	0	1843	0.00	98.91	98.91	0.00	50	50	0.00	0.00	114.63	25.21	0.00	0.00
29	1.09	2638	2500	1.27	2035	0	0	1894	0.00	98.92	98.91	0.00	50	50	0.00	0.00	114.42	25.21	0.00	0.00
29	1.08	2646	2500	1.26	1769	0	0	1631	0.00	98.93	98.92	0.00	50	50	0.00	0.00	114.43	25.13	0.00	0.00
29	1.08	2643	2500	1.26	1895	0	2	1747	0.00	98.92	98.92	0.00	50	50	0.00	0.00	114.41	25.13	0.00	0.00
29	1.08	2641	2500	1.26	1939	0	0	1789	0.00	98.92	98.92	0.00	50	50	0.00	0.00	114.44	25.14	0.00	0.00
29	1.08	2642	2500	1.27	1992	0	0	1841	0.00	98.92	98.92	0.00	50	50	0.00	0.00	114.49	25.15	0.00	0.00
29	1.09	2640	2500	1.27	2090	0	0	1933	0.00	98.92	98.91	0.00	50	50	0.00	0.00	114.68	25.17	0.00	0.00
29	1.09	2639	2500	1.26	1913	0	0	1782	0.00	98.91	98.91	0.00	50	50	0.00	0.00	114.76	25.07	0.00	0.00
29	1.09	2640	2500	1.26	2024	0	0	1871	0.00	98.93	98.91	0.00	50	50	0.00	0.00	114.70	25.10	0.00	0.00
29	1.09	2640	2500	1.27	2030	0	0	1877	0.00	98.92	98.91	0.00	50	50	0.00	0.00	114.80	25.20	0.00	0.00
29	1.12	2600	2500	1.24	1917	0	0	1867	0.00	98.90	98.88	0.00	50	50	0.00	0.00	114.47	25.12	0.00	0.00
