Avg_MHz	Busy%	Bzy_MHz	TSC_MHz	IPC	IRQ	SMI	POLL	C1	POLL%	C1%	CPU%c1	CPU%c6	CoreTmp	PkgTmp	Pkg%pc2	Pkg%pc6	PkgWatt	RAMWatt	PKG_%	RAM_%
1354	50.06	2701	2504	0.14	62021	0	25	2412	0.00	50.02	49.94	0.00	48	48	0.00	0.00	245.17	51.46	0.00	0.00
1352	50.08	2700	2500	0.14	60165	0	6	2354	0.00	49.93	49.92	0.00	48	48	0.00	0.00	244.17	51.07	0.00	0.00
1351	50.02	2701	2500	0.14	60313	0	0	2207	0.00	49.97	49.98	0.00	48	48	0.00	0.00	243.25	50.44	0.00	0.00
1353	50.10	2701	2500	0.14	63923	0	38	2292	0.00	49.91	49.90	0.00	48	48	0.00	0.00	245.25	51.49	0.00	0.00
1351	50.02	2700	2500	0.15	71980	0	1	2244	0.00	49.99	49.98	0.00	49	49	0.00	0.00	246.91	52.47	0.00	0.00
1350	50.00	2701	2500	0.15	69504	0	0	2385	0.00	50.00	50.00	0.00	49	49	0.00	0.00	245.71	51.69	0.00	0.00
1350	50.01	2701	2500	0.15	72016	0	2	2167	0.00	49.98	49.99	0.00	49	49	0.00	0.00	246.63	52.05	0.00	0.00
1351	50.01	2700	2500	0.15	75815	0	0	2019	0.00	50.00	49.99	0.00	49	49	0.00	0.00	247.86	52.70	0.00	0.00
1351	50.01	2700	2500	0.15	37422	0	0	2195	0.00	50.00	49.99	0.00	49	49	0.00	0.00	246.35	51.81	0.00	0.00
1350	50.00	2700	2500	0.15	21872	0	0	2205	0.00	50.00	50.00	0.00	49	49	0.00	0.00	247.84	52.83	0.00	0.00
1352	50.06	2700	2500	0.15	18638	0	4	2246	0.00	49.94	49.94	0.00	50	50	0.00	0.00	248.35	53.10	0.00	0.00
1351	50.02	2700	2500	0.15	17462	0	1	2017	0.00	49.98	49.98	0.00	50	49	0.00	0.00	248.09	52.91	0.00	0.00
1351	50.00	2701	2500	0.15	18038	0	0	2591	0.00	50.01	50.00	0.00	50	50	0.00	0.00	249.41	53.51	0.00	0.00
1351	50.04	2700	2500	0.15	17960	0	0	2337	0.00	49.97	49.96	0.00	50	50	0.00	0.00	250.60	54.03	0.00	0.00
1350	49.98	2700	2500	0.16	17933	0	0	2419	0.00	50.01	50.02	0.00	50	50	0.00	0.00	251.40	54.64	0.00	0.00
1350	49.99	2701	2500	0.16	17473	0	3	2255	0.00	50.01	50.01	0.00	50	50	0.00	0.00	251.17	54.39	0.00	0.00
1352	50.04	2700	2500	0.15	16968	0	3	2079	0.00	49.96	49.96	0.00	50	50	0.00	0.00	250.74	54.25	0.00	0.00
1351	50.02	2700	2500	0.15	17689	0	2	2496	0.00	49.98	49.98	0.00	50	50	0.00	0.00	247.15	52.42	0.00	0.00
1351	50.02	2700	2500	0.15	17122	0	3	2106	0.00	49.99	49.98	0.00	50	50	0.00	0.00	248.18	52.74	0.00	0.00
1351	50.03	2701	2500	0.15	17589	0	1	2480	0.00	49.97	49.97	0.00	51	50	0.00	0.00	248.48	53.10	0.00	0.00
1350	49.99	2700	2499	0.14	16961	0	1	2606	0.00	50.00	50.01	0.00	50	50	0.00	0.00	246.98	52.34	0.00	0.00
1350	50.00	2701	2500	0.15	17368	0	2	2336	0.00	50.00	50.00	0.00	50	50	0.00	0.00	248.77	53.48	0.00	0.00
1350	50.01	2701	2499	0.15	17257	0	0	2248	0.00	49.98	49.99	0.00	51	51	0.00	0.00	248.85	53.50	0.00	0.00
1351	50.02	2701	2501	0.15	107852	0	1	2256	0.00	50.00	49.98	0.00	51	50	0.00	0.00	248.97	53.21	0.00	0.00
1350	50.01	2701	2500	0.15	38606	0	1	2104	0.00	49.99	49.99	0.00	51	51	0.00	0.00	248.58	52.94	0.00	0.00
1351	50.01	2700	2500	0.15	17645	0	1	2154	0.00	50.00	49.99	0.00	51	51	0.00	0.00	249.45	53.62	0.00	0.00
1350	50.01	2700	2500	0.15	17004	0	2	2257	0.00	49.98	49.99	0.00	51	51	0.00	0.00	249.42	53.29	0.00	0.00
1351	50.03	2701	2500	0.15	17302	0	0	1964	0.00	49.99	49.97	0.00	51	51	0.00	0.00	249.20	53.45	0.00	0.00
1350	50.01	2700	2500	0.15	17647	0	0	2248	0.00	49.99	49.99	0.00	51	51	0.00	0.00	249.87	53.76	0.00	0.00
1351	50.01	2701	2500	0.15	17299	0	1	2411	0.00	50.00	49.99	0.00	51	51	0.00	0.00	248.98	53.19	0.00	0.00
1350	49.99	2701	2500	0.14	16772	0	0	2369	0.00	50.01	50.01	0.00	51	51	0.00	0.00	247.67	52.70	0.00	0.00
1349	49.98	2700	2500	0.15	49843	0	2	2036	0.00	50.02	50.02	0.00	51	52	0.00	0.00	248.82	53.11	0.00	0.00
1351	50.02	2701	2500	0.15	58812	0	0	2190	0.00	49.98	49.98	0.00	52	52	0.00	0.00	249.73	53.13	0.00	0.00
1350	49.98	2700	2500	0.16	171841	0	0	1984	0.00	50.03	50.02	0.00	52	52	0.00	0.00	253.52	55.01	0.00	0.00
1351	50.02	2701	2500	0.18	580326	0	1	2423	0.00	49.99	49.98	0.00	52	52	0.00	0.00	258.52	56.64	0.00	0.00
1351	50.04	2701	2500	0.19	1052211	0	3	2270	0.00	49.96	49.96	0.00	52	52	0.00	0.00	261.29	57.57	0.00	0.00
1350	49.98	2701	2500	0.19	520821	0	1	2693	0.00	50.03	50.02	0.00	52	52	0.00	0.00	261.99	57.94	0.00	0.00
1350	50.00	2700	2500	0.18	17841	0	6	2344	0.00	49.99	50.00	0.00	52	52	0.00	0.00	261.54	57.88	0.00	0.00
1350	50.01	2700	2499	0.18	18228	0	0	2284	0.00	49.98	49.99	0.00	52	52	0.00	0.00	261.71	58.29	0.00	0.00
1350	49.97	2701	2500	0.18	17668	0	0	2623	0.00	50.04	50.03	0.00	52	53	0.00	0.00	261.37	58.10	0.00	0.00
1351	50.01	2701	2500	0.18	17554	0	0	2153	0.00	50.00	49.99	0.00	53	52	0.00	0.00	261.92	58.15	0.00	0.00
1350	49.98	2701	2500	0.18	17024	0	0	2259	0.00	50.03	50.02	0.00	52	53	0.00	0.00	261.97	58.12	0.00	0.00
1350	50.00	2701	2500	0.18	48035	0	3	2499	0.00	50.01	50.00	0.00	52	52	0.00	0.00	262.15	58.33	0.00	0.00
1351	50.02	2701	2500	0.18	17564	0	2	2277	0.00	49.98	49.98	0.00	53	53	0.00	0.00	262.13	58.19	0.00	0.00
1350	49.98	2701	2500	0.18	19122	0	8	2512	0.00	50.02	50.02	0.00	53	53	0.00	0.00	261.64	58.07	0.00	0.00
1351	50.03	2701	2501	0.18	183431	0	7	2375	0.00	49.99	49.97	0.00	53	53	0.00	0.00	261.61	57.99	0.00	0.00
1351	50.01	2701	2500	0.18	465011	0	1	2482	0.00	49.99	49.99	0.00	53	53	0.00	0.00	261.78	57.79	0.00	0.00
1349	49.98	2701	2499	0.18	308411	0	0	2431	0.00	50.01	50.02	0.00	53	53	0.00	0.00	260.41	57.12	0.00	0.00
1350	49.99	2701	2500	0.17	241539	0	5	2440	0.00	50.01	50.01	0.00	53	53	0.00	0.00	258.82	56.63	0.00	0.00
1351	50.01	2701	2500	0.17	322821	0	4	2409	0.00	50.00	49.99	0.00	53	52	0.00	0.00	258.13	56.23	0.00	0.00
1350	49.99	2701	2500	0.17	141927	0	3	2505	0.00	50.00	50.01	0.00	53	53	0.00	0.00	257.03	55.94	0.00	0.00
1351	50.02	2701	2500	0.17	244913	0	2	2141	0.00	50.00	49.98	0.00	53	53	0.00	0.00	258.60	56.58	0.00	0.00
1349	49.96	2701	2500	0.17	732248	0	5	2519	0.00	50.03	50.04	0.00	53	53	0.00	0.00	257.93	55.89	0.00	0.00
1350	50.00	2701	2500	0.16	244942	0	0	2292	0.00	50.00	50.00	0.00	53	53	0.00	0.00	255.91	55.35	0.00	0.00
1351	50.03	2701	2500	0.16	151504	0	2	2157	0.00	49.97	49.97	0.00	53	53	0.00	0.00	255.44	55.26	0.00	0.00
1351	50.01	2700	2500	0.16	143466	0	0	2475	0.00	50.00	49.99	0.00	53	53	0.00	0.00	256.31	55.45	0.00	0.00
1351	50.04	2701	2500	0.17	227686	0	4	2393	0.00	49.96	49.96	0.00	53	53	0.00	0.00	256.78	55.59	0.00	0.00
1351	50.04	2700	2500	0.16	17712	0	0	2153	0.00	49.96	49.96	0.00	53	53	0.00	0.00	253.67	54.21	0.00	0.00
1351	50.03	2700	2500	0.16	31602	0	0	2452	0.00	49.97	49.97	0.00	53	53	0.00	0.00	254.07	54.21	0.00	0.00
1350	50.00	2701	2500	0.16	20371	0	3	2243	0.00	50.00	50.00	0.00	53	53	0.00	0.00	254.49	54.66	0.00	0.00
1351	50.01	2700	2500	0.16	17644	0	4	2237	0.00	50.00	49.99	0.00	53	53	0.00	0.00	255.13	55.13	0.00	0.00
1351	50.02	2700	2500	0.16	17604	0	1	2304	0.00	49.98	49.98	0.00	53	53	0.00	0.00	254.08	54.25	0.00	0.00
1351	50.04	2700	2500	0.16	17548	0	4	2424	0.00	49.97	49.96	0.00	53	53	0.00	0.00	254.35	54.39	0.00	0.00
1351	50.01	2701	2500	0.16	52829	0	4	2316	0.00	49.99	49.99	0.00	54	54	0.00	0.00	256.80	56.08	0.00	0.00
1350	50.01	2701	2500	0.16	20228	0	3	2249	0.00	49.99	49.99	0.00	53	53	0.00	0.00	255.65	55.16	0.00	0.00
1351	50.01	2700	2500	0.16	17739	0	5	2372	0.00	49.99	49.99	0.00	54	54	0.00	0.00	256.05	55.17	0.00	0.00
1350	50.00	2700	2499	0.16	17906	0	2	2633	0.00	49.99	50.00	0.00	53	53	0.00	0.00	255.01	54.97	0.00	0.00
1351	50.02	2700	2501	0.16	17556	0	1	2214	0.00	50.00	49.98	0.00	54	54	0.00	0.00	258.25	56.50	0.00	0.00
1350	49.99	2701	2500	0.17	240005	0	5	2335	0.00	50.01	50.01	0.00	54	54	0.00	0.00	260.57	57.28	0.00	0.00
1350	49.99	2700	2500	0.16	18016	0	3	2676	0.00	50.02	50.01	0.00	54	54	0.00	0.00	257.11	55.90	0.00	0.00
1350	50.01	2701	2499	0.16	757671	0	1	2153	0.00	49.98	49.99	0.00	54	54	0.00	0.00	255.13	54.46	0.00	0.00
1351	50.02	2701	2500	0.16	631476	0	4	2237	0.00	49.99	49.98	0.00	54	54	0.00	0.00	253.12	53.35	0.00	0.00
1350	50.00	2700	2500	0.15	17404	0	2	2456	0.00	49.99	50.00	0.00	54	54	0.00	0.00	251.30	52.94	0.00	0.00
1351	50.00	2701	2500	0.15	801400	0	5	2195	0.00	50.00	50.00	0.00	54	54	0.00	0.00	250.83	52.40	0.00	0.00
1351	50.01	2701	2500	0.16	1017721	0	3	2221	0.00	49.98	49.99	0.00	54	54	0.00	0.00	252.14	52.71	0.00	0.00
1351	49.99	2701	2501	0.15	18077	0	4	2569	0.00	50.02	50.01	0.00	54	54	0.00	0.00	252.14	53.37	0.00	0.00
1350	49.98	2700	2500	0.15	17248	0	3	2381	0.00	50.02	50.02	0.00	54	54	0.00	0.00	252.98	53.57	0.00	0.00
1350	49.99	2701	2499	0.15	17255	0	1	2499	0.00	50.00	50.01	0.00	54	54	0.00	0.00	251.28	52.95	0.00	0.00
1351	50.02	2701	2500	0.15	17050	0	5	2260	0.00	49.99	49.98	0.00	54	54	0.00	0.00	252.01	53.03	0.00	0.00
1350	49.99	2701	2501	0.16	350244	0	2	2347	0.00	50.03	50.01	0.00	54	55	0.00	0.00	254.70	54.62	0.00	0.00
1349	49.98	2701	2499	0.16	683949	0	2	2491	0.00	50.01	50.02	0.00	55	55	0.00	0.00	256.21	54.89	0.00	0.00
1349	49.94	2701	2500	0.16	180238	0	10	2530	0.00	50.07	50.06	0.00	55	55	0.00	0.00	257.56	55.82	0.00	0.00
1350	49.99	2701	2500	0.15	16918	0	4	2344	0.00	50.01	50.01	0.00	55	54	0.00	0.00	253.91	54.14	0.00	0.00
1350	50.01	2700	2500	0.15	16686	0	5	2133	0.00	50.00	49.99	0.00	54	55	0.00	0.00	253.26	53.95	0.00	0.00
1341	49.58	2705	2500	0.16	17683	0	1	2645	0.00	50.42	50.42	0.00	54	54	0.00	0.00	254.58	54.37	0.00	0.00
1348	49.93	2700	2500	0.16	17504	0	3	2362	0.00	50.07	50.07	0.00	55	55	0.00	0.00	256.11	55.33	0.00	0.00
1350	50.00	2700	2500	0.16	17630	0	0	2413	0.00	50.00	50.00	0.00	54	55	0.00	0.00	257.32	55.60	0.00	0.00
1349	49.97	2701	2500	0.16	17285	0	5	2552	0.00	50.04	50.03	0.00	55	54	0.00	0.00	256.70	55.76	0.00	0.00
1349	49.95	2700	2500	0.16	17388	0	4	2625	0.00	50.05	50.05	0.00	55	55	0.00	0.00	256.14	55.33	0.00	0.00
1351	50.01	2701	2501	0.16	17285	0	2	2566	0.00	50.01	49.99	0.00	55	55	0.00	0.00	257.27	55.63	0.00	0.00
1351	50.03	2701	2500	0.16	17259	0	4	2223	0.00	49.96	49.97	0.00	55	55	0.00	0.00	255.47	54.93	0.00	0.00
1349	49.96	2700	2500	0.15	17679	0	0	2784	0.00	50.03	50.04	0.00	54	55	0.00	0.00	254.19	54.33	0.00	0.00
1350	49.99	2701	2500	0.15	16953	0	0	2411	0.00	50.02	50.01	0.00	55	55	0.00	0.00	253.01	53.73	0.00	0.00
1351	50.02	2700	2500	0.16	17314	0	2	2435	0.00	49.99	49.98	0.00	55	55	0.00	0.00	254.96	54.42	0.00	0.00
1350	49.99	2701	2500	0.16	17024	0	0	2240	0.00	50.01	50.01	0.00	55	55	0.00	0.00	256.29	55.14	0.00	0.00
1351	50.03	2700	2500	0.16	17368	0	1	2568	0.00	49.96	49.97	0.00	55	55	0.00	0.00	257.59	56.05	0.00	0.00
1350	50.00	2700	2500	0.15	17459	0	0	2285	0.00	50.02	50.00	0.00	55	55	0.00	0.00	254.25	54.07	0.00	0.00
1350	49.90	2701	2504	0.15	17412	0	2	2473	0.00	50.18	50.10	0.00	54	54	0.00	0.00	253.86	53.79	0.00	0.00
1340	49.65	2704	2495	0.15	16990	0	3	2570	0.00	50.26	50.35	0.00	55	55	0.00	0.00	251.52	52.85	0.00	0.00
1350	49.99	2701	2500	0.15	17531	0	2	2432	0.00	50.02	50.01	0.00	55	55	0.00	0.00	254.88	54.49	0.00	0.00
1349	49.95	2701	2500	0.15	17077	0	1	2519	0.00	50.05	50.05	0.00	55	55	0.00	0.00	254.35	54.05	0.00	0.00
1351	50.00	2701	2501	0.16	17557	0	2	2458	0.00	50.03	50.00	0.00	55	55	0.00	0.00	256.26	55.35	0.00	0.00
1253	49.90	2703	2323	0.16	57778	0	3	2494	0.00	46.56	50.10	0.00	55	55	0.00	0.00	231.56	49.90	0.00	0.00
1339	49.93	2700	2483	0.16	19467	0	7	2629	0.00	49.74	50.07	0.00	55	55	0.00	0.00	251.00	54.29	0.00	0.00
1344	49.80	2699	2500	0.16	20381	0	9	2617	0.00	50.20	50.20	0.00	56	56	0.00	0.00	257.68	56.14	0.00	0.00
1350	49.99	2700	2500	0.16	20381	0	3	2661	0.00	50.01	50.01	0.00	56	56	0.00	0.00	255.99	55.09	0.00	0.00
1380	50.01	2701	2555	0.16	20119	0	4	2290	0.00	51.09	49.99	0.00	56	56	0.00	0.00	264.91	57.53	0.00	0.00
1321	49.79	2702	2455	0.16	19826	0	0	2654	0.00	49.31	50.21	0.00	56	56	0.00	0.00	252.16	54.85	0.00	0.00
1342	49.78	2701	2496	0.16	19827	0	2	2826	0.00	50.14	50.22	0.00	56	56	0.00	0.00	257.04	55.90	0.00	0.00
1353	49.96	2700	2508	0.16	109641	0	0	2602	0.00	50.20	50.04	0.00	56	56	0.00	0.00	259.76	56.40	0.00	0.00
1345	49.94	2700	2495	0.16	167813	0	0	2473	0.00	49.97	50.06	0.00	56	56	0.00	0.00	258.08	56.23	0.00	0.00
1349	49.90	2700	2503	0.16	19918	0	4	2741	0.00	50.15	50.10	0.00	56	56	0.00	0.00	257.35	55.66	0.00	0.00
1334	49.63	2702	2487	0.16	9871	0	1	1947	0.00	50.11	50.37	0.00	56	56	0.00	0.00	253.27	53.97	0.00	0.00
