Avg_MHz	Busy%	Bzy_MHz	TSC_MHz	IPC	IRQ	SMI	POLL	C1	POLL%	C1%	CPU%c1	CPU%c6	CoreTmp	PkgTmp	Pkg%pc2	Pkg%pc6	PkgWatt	RAMWatt	PKG_%	RAM_%
1523	49.96	3048	2501	1.43	34467	0	0	1433	0.00	49.99	50.04	0.00	65	65	0.00	0.00	281.18	31.53	0.00	0.00
1491	50.00	2985	2497	1.42	13894	0	0	1654	0.00	49.91	50.00	0.00	65	65	0.00	0.00	297.99	41.97	0.00	0.00
1022	36.50	2802	2498	0.82	10472	0	0	1548	0.00	63.44	63.50	0.00	63	63	0.00	0.00	250.48	45.58	0.00	0.00
798	27.40	2908	2504	1.42	9284	0	0	2227	0.00	72.70	72.60	0.00	63	63	0.00	0.00	209.32	32.71	0.00	0.00
1535	49.96	3072	2500	1.36	27012	0	1	1666	0.00	49.98	50.04	0.00	65	65	0.00	0.00	274.42	27.32	0.00	0.00
1531	49.90	3068	2501	1.44	16608	0	5	1524	0.00	50.04	50.10	0.00	64	64	0.00	0.00	275.56	27.73	0.00	0.00
1527	49.88	3062	2500	1.48	13842	0	1	1640	0.00	50.05	50.12	0.00	65	65	0.00	0.00	277.59	28.81	0.00	0.00
1517	49.88	3043	2499	1.46	13739	0	0	1604	0.00	50.04	50.12	0.00	65	65	0.00	0.00	283.64	32.61	0.00	0.00
1482	50.00	2965	2499	1.53	13810	0	0	1590	0.00	49.93	50.00	0.00	65	65	0.00	0.00	299.94	43.52	0.00	0.00
1052	37.22	2832	2496	0.99	12011	0	0	1700	0.00	62.67	62.78	0.00	63	63	0.00	0.00	256.36	45.35	0.00	0.00
781	26.65	2925	2505	1.66	8681	0	0	2340	0.00	73.46	73.35	0.00	64	64	0.00	0.00	206.64	31.74	0.00	0.00
1527	49.78	3067	2500	1.36	13665	0	4	1544	0.00	50.15	50.22	0.00	65	65	0.00	0.00	275.16	27.59	0.00	0.00
1536	49.94	3074	2501	1.32	13602	0	3	1469	0.00	50.02	50.06	0.00	66	66	0.00	0.00	275.79	27.13	0.00	0.00
1531	49.96	3065	2499	1.23	13646	0	4	1471	0.00	49.96	50.04	0.00	66	66	0.00	0.00	277.48	28.25	0.00	0.00
1529	49.87	3067	2500	1.47	13597	0	2	1476	0.00	50.06	50.13	0.00	65	64	0.00	0.00	277.56	28.38	0.00	0.00
1504	49.99	3013	2497	1.68	13636	0	0	1544	0.00	49.91	50.01	0.00	66	66	0.00	0.00	293.64	38.25	0.00	0.00
1477	50.00	2952	2502	1.50	13586	0	2	1440	0.00	49.99	50.00	0.00	65	65	0.00	0.00	301.74	44.52	0.00	0.00
511	18.81	2722	2496	0.69	6167	0	2	1640	0.00	81.05	81.19	0.00	59	60	0.00	0.00	201.43	42.50	0.00	0.00
1477	48.79	3020	2506	1.42	13310	0	0	1684	0.00	51.23	51.21	0.00	65	65	0.00	0.00	265.56	26.36	0.00	0.00
1531	49.81	3073	2500	1.46	13717	0	3	1600	0.00	50.14	50.19	0.00	65	65	0.00	0.00	274.30	27.00	0.00	0.00
1526	49.65	3073	2500	1.34	14366	0	3	1498	0.00	50.29	50.35	0.00	66	66	0.00	0.00	274.82	27.29	0.00	0.00
1531	49.92	3067	2499	1.29	13775	0	2	1617	0.00	50.00	50.08	0.00	66	66	0.00	0.00	277.45	28.15	0.00	0.00
1503	49.99	3007	2500	1.60	13622	0	2	1487	0.00	49.96	50.01	0.00	66	66	0.00	0.00	296.52	39.61	0.00	0.00
1473	50.00	2946	2500	1.50	13757	0	0	1573	0.00	49.95	50.00	0.00	65	65	0.00	0.00	302.09	44.81	0.00	0.00
498	18.48	2695	2500	0.75	5955	0	2	1549	0.00	81.50	81.52	0.00	61	60	0.00	0.00	197.64	40.73	0.00	0.00
1474	48.47	3038	2502	1.49	13343	0	2	1673	0.00	51.49	51.53	0.00	65	65	0.00	0.00	264.18	25.89	0.00	0.00
1508	49.48	3054	2495	1.40	13499	0	2	1538	0.00	50.34	50.52	0.00	66	66	0.00	0.00	271.32	26.99	0.00	0.00
1532	49.96	3067	2500	1.67	13418	0	1	1251	0.00	49.97	50.04	0.00	65	65	0.00	0.00	278.94	28.70	0.00	0.00
1527	49.96	3052	2505	1.85	13539	0	2	1405	0.00	50.07	50.04	0.00	66	66	0.00	0.00	283.27	30.94	0.00	0.00
1490	49.98	2981	2500	1.64	13681	0	0	1511	0.00	49.95	50.02	0.00	65	65	0.00	0.00	300.43	42.22	0.00	0.00
1152	39.87	2894	2496	1.28	11335	0	0	1563	0.00	60.00	60.13	0.00	64	64	0.00	0.00	269.49	44.43	0.00	0.00
840	28.67	2928	2503	1.28	9515	0	0	2551	0.00	71.38	71.33	0.00	65	65	0.00	0.00	216.82	33.19	0.00	0.00
1532	49.95	3065	2502	1.30	13712	0	0	1543	0.00	50.02	50.05	0.00	66	66	0.00	0.00	276.75	27.72	0.00	0.00
1534	49.97	3068	2501	1.55	13632	0	1	1447	0.00	49.99	50.03	0.00	67	67	0.00	0.00	279.48	28.69	0.00	0.00
1531	49.93	3068	2499	1.43	13693	0	0	1532	0.00	49.99	50.07	0.00	66	66	0.00	0.00	277.68	28.08	0.00	0.00
1530	49.97	3063	2499	1.44	13794	0	0	1553	0.00	49.96	50.03	0.00	67	67	0.00	0.00	280.39	29.39	0.00	0.00
1495	49.99	2990	2500	1.71	14131	0	0	1651	0.00	49.96	50.01	0.00	67	67	0.00	0.00	299.95	41.57	0.00	0.00
1186	40.79	2914	2496	1.32	11573	0	1	1705	0.00	59.09	59.21	0.00	63	63	0.00	0.00	273.55	44.37	0.00	0.00
676	23.50	2872	2504	1.18	7974	0	1	2317	0.00	76.61	76.50	0.00	65	65	0.00	0.00	201.04	33.73	0.00	0.00
1532	49.96	3071	2496	1.33	13523	0	0	1373	0.00	49.89	50.04	0.00	67	67	0.00	0.00	275.56	27.42	0.00	0.00
1529	49.90	3063	2502	1.33	13565	0	2	1329	0.00	50.05	50.10	0.00	66	66	0.00	0.00	277.47	28.12	0.00	0.00
1535	49.97	3067	2503	1.72	13718	0	0	1534	0.00	50.04	50.03	0.00	66	66	0.00	0.00	280.15	28.78	0.00	0.00
1530	49.97	3068	2495	1.20	13569	0	0	1446	0.00	49.89	50.03	0.00	66	66	0.00	0.00	279.63	28.96	0.00	0.00
1506	49.99	3007	2504	1.44	13547	0	4	1390	0.00	50.04	50.01	0.00	66	66	0.00	0.00	297.66	39.27	0.00	0.00
1259	43.37	2910	2495	1.21	12331	0	1	1750	0.00	56.49	56.63	0.00	63	63	0.00	0.00	278.32	43.78	0.00	0.00
653	23.36	2806	2492	0.99	8189	0	0	2548	0.00	76.38	76.64	0.00	65	65	0.00	0.00	203.97	36.60	0.00	0.00
1534	49.94	3057	2513	1.37	13803	0	3	1574	0.00	50.23	50.06	0.00	66	66	0.00	0.00	280.43	28.77	0.00	0.00
1515	49.65	3051	2500	1.74	13626	0	2	1606	0.00	50.28	50.35	0.00	65	66	0.00	0.00	279.51	29.74	0.00	0.00
1523	49.82	3057	2501	1.29	13541	0	0	1384	0.00	50.12	50.18	0.00	66	66	0.00	0.00	280.22	29.68	0.00	0.00
1508	49.99	3018	2499	1.65	13444	0	0	1314	0.00	49.95	50.01	0.00	67	67	0.00	0.00	294.88	37.97	0.00	0.00
1391	47.36	2942	2495	1.45	13356	0	1	1732	0.00	52.50	52.64	0.00	65	65	0.00	0.00	293.64	44.14	0.00	0.00
582	21.25	2734	2505	1.14	7257	0	0	2156	0.00	78.89	78.75	0.00	66	66	0.00	0.00	202.88	39.25	0.00	0.00
1526	49.87	3059	2500	1.37	13710	0	0	1546	0.00	50.05	50.13	0.00	67	67	0.00	0.00	279.17	29.05	0.00	0.00
1537	49.96	3076	2500	1.51	13609	0	0	1496	0.00	49.99	50.04	0.00	67	67	0.00	0.00	276.36	27.18	0.00	0.00
1532	49.96	3066	2501	1.40	13692	0	3	1552	0.00	49.99	50.04	0.00	67	67	0.00	0.00	278.72	28.17	0.00	0.00
1533	49.97	3074	2495	1.42	13683	0	0	1431	0.00	49.87	50.03	0.00	67	67	0.00	0.00	276.05	27.43	0.00	0.00
1533	49.98	3060	2505	1.76	13676	0	2	1414	0.00	50.08	50.02	0.00	67	67	0.00	0.00	283.96	30.45	0.00	0.00
1495	50.00	2992	2498	1.72	13563	0	2	1427	0.00	49.92	50.00	0.00	66	66	0.00	0.00	300.29	41.36	0.00	0.00
1269	43.19	2941	2497	1.44	12056	0	1	1552	0.00	56.70	56.81	0.00	65	65	0.00	0.00	282.64	43.77	0.00	0.00
598	20.96	2847	2504	1.21	7470	0	1	2513	0.00	79.16	79.04	0.00	66	66	0.00	0.00	192.23	32.56	0.00	0.00
1470	48.32	3041	2501	1.42	13297	0	10	1673	0.00	51.60	51.68	0.00	67	67	0.00	0.00	264.95	25.94	0.00	0.00
1533	49.97	3067	2500	1.48	13408	0	0	1288	0.00	49.98	50.03	0.00	67	67	0.00	0.00	279.08	28.52	0.00	0.00
1526	49.88	3068	2494	1.50	13464	0	0	1378	0.00	49.93	50.12	0.00	67	67	0.00	0.00	275.55	27.52	0.00	0.00
1519	49.97	3042	2499	1.32	13893	0	2	1565	0.00	49.94	50.03	0.00	67	67	0.00	0.00	286.65	32.66	0.00	0.00
1478	50.00	2958	2498	1.50	13688	0	0	1412	0.00	49.92	50.00	0.00	67	67	0.00	0.00	303.19	44.09	0.00	0.00
924	33.03	2792	2503	0.80	9636	0	2	1563	0.00	67.06	66.97	0.00	65	65	0.00	0.00	247.41	45.51	0.00	0.00
1058	35.51	2974	2505	1.44	10796	0	0	2182	0.00	64.56	64.49	0.00	67	67	0.00	0.00	233.07	30.14	0.00	0.00
1535	49.96	3071	2501	1.32	13607	0	0	1398	0.00	50.00	50.04	0.00	67	67	0.00	0.00	277.98	27.92	0.00	0.00
1534	49.96	3071	2500	1.24	13543	0	12	1398	0.00	49.98	50.04	0.00	67	67	0.00	0.00	277.99	27.76	0.00	0.00
1528	49.77	3070	2500	1.31	13539	0	1	1436	0.00	50.16	50.23	0.00	67	67	0.00	0.00	277.91	28.17	0.00	0.00
1524	49.96	3050	2500	1.56	13569	0	0	1426	0.00	49.97	50.04	0.00	66	67	0.00	0.00	284.17	31.40	0.00	0.00
1487	49.90	2981	2499	1.67	13624	0	2	1500	0.00	50.03	50.10	0.00	67	67	0.00	0.00	299.02	41.19	0.00	0.00
1022	36.52	2802	2496	0.82	11090	0	2	1797	0.00	63.38	63.48	0.00	65	65	0.00	0.00	254.98	45.63	0.00	0.00
952	32.29	2944	2504	1.33	9997	0	1	2146	0.00	67.78	67.71	0.00	67	67	0.00	0.00	226.45	32.16	0.00	0.00
1528	49.79	3069	2500	1.37	13627	0	2	1532	0.00	50.14	50.21	0.00	66	66	0.00	0.00	276.27	27.85	0.00	0.00
1531	49.94	3064	2501	1.50	13673	0	0	1469	0.00	49.99	50.06	0.00	67	67	0.00	0.00	278.94	28.05	0.00	0.00
1507	49.88	3022	2500	1.68	13634	0	2	1470	0.00	50.03	50.12	0.00	67	67	0.00	0.00	288.09	34.34	0.00	0.00
1497	49.99	2994	2500	1.61	13774	0	3	1629	0.00	49.95	50.01	0.00	68	67	0.00	0.00	300.46	41.12	0.00	0.00
1158	40.03	2897	2496	1.21	11535	0	1	1643	0.00	59.85	59.97	0.00	65	65	0.00	0.00	270.43	44.04	0.00	0.00
871	29.71	2927	2504	1.30	9652	0	0	2443	0.00	70.38	70.29	0.00	67	67	0.00	0.00	219.52	32.37	0.00	0.00
1533	49.95	3068	2501	1.50	13745	0	17	1502	0.00	49.99	50.05	0.00	67	67	0.00	0.00	276.60	27.57	0.00	0.00
1531	49.98	3064	2499	1.28	13563	0	2	1484	0.00	49.95	50.02	0.00	67	67	0.00	0.00	280.27	28.94	0.00	0.00
1527	49.93	3071	2491	1.49	13680	0	3	1571	0.00	49.82	50.07	0.00	67	67	0.00	0.00	275.59	27.27	0.00	0.00
1533	49.98	3056	2509	1.55	13618	0	4	1393	0.00	50.16	50.02	0.00	67	67	0.00	0.00	285.26	31.12	0.00	0.00
1490	50.06	2980	2498	1.71	24745	0	0	1487	0.00	49.86	49.94	0.00	67	67	0.00	0.00	302.46	42.51	0.00	0.00
1073	37.36	2876	2497	1.19	10657	0	5	1699	0.00	62.56	62.64	0.00	65	65	0.00	0.00	261.27	43.95	0.00	0.00
647	22.73	2842	2504	1.09	7867	0	5	2539	0.00	77.36	77.27	0.00	66	66	0.00	0.00	197.87	33.79	0.00	0.00
1537	49.97	3075	2501	1.45	13749	0	3	1598	0.00	50.00	50.03	0.00	67	67	0.00	0.00	276.51	27.25	0.00	0.00
1537	49.97	3076	2500	1.61	13732	0	8	1530	0.00	49.96	50.03	0.00	67	67	0.00	0.00	276.50	27.21	0.00	0.00
1533	49.94	3069	2500	1.38	13713	0	0	1501	0.00	50.01	50.06	0.00	67	67	0.00	0.00	278.96	28.34	0.00	0.00
1493	48.99	3050	2499	1.64	13402	0	3	1577	0.00	50.90	51.01	0.00	67	67	0.00	0.00	271.13	26.99	0.00	0.00
1507	49.99	3014	2500	1.55	26925	0	2	1399	0.00	49.96	50.01	0.00	67	67	0.00	0.00	294.81	37.31	0.00	0.00
1401	49.30	2943	2414	1.40	13891	0	0	1775	0.00	48.92	50.70	0.00	68	67	0.00	0.00	285.64	41.75	0.00	0.00
558	21.47	2713	2396	0.89	7267	0	5	2251	0.00	75.27	78.53	0.00	65	64	0.00	0.00	190.85	38.28	0.00	0.00
1496	49.68	3055	2464	1.21	15638	0	9	1534	0.00	49.53	50.32	0.00	68	67	0.00	0.00	272.61	28.32	0.00	0.00
1533	49.83	3063	2512	1.31	16077	0	24	1538	0.00	50.34	50.17	0.00	67	68	0.00	0.00	281.73	28.69	0.00	0.00
1540	49.95	3055	2522	1.44	16079	0	10	1552	0.00	50.43	50.05	0.00	67	67	0.00	0.00	284.57	29.61	0.00	0.00
1512	49.99	2974	2543	1.55	15731	0	2	1592	0.00	50.82	50.01	0.00	68	67	0.00	0.00	308.07	42.97	0.00	0.00
963	32.58	2819	2622	0.96	11164	0	2	1658	0.00	70.68	67.42	0.00	65	66	0.00	0.00	270.44	48.77	0.00	0.00
1114	39.58	2995	2349	1.52	11866	0	0	2294	0.00	56.69	60.42	0.00	67	66	0.00	0.00	220.25	26.54	0.00	0.00
1530	49.90	3058	2508	1.64	15509	0	0	1385	0.00	50.16	50.10	0.00	68	67	0.00	0.00	279.70	28.72	0.00	0.00
1523	49.95	3048	2501	1.54	15521	0	0	1382	0.00	49.99	50.05	0.00	68	68	0.00	0.00	285.38	31.40	0.00	0.00
1509	50.00	2987	2526	1.49	37368	0	0	1611	0.00	50.47	50.00	0.00	68	68	0.00	0.00	306.91	41.83	0.00	0.00
1041	34.86	2882	2591	1.15	11336	0	1	1590	0.00	67.49	65.14	0.00	64	64	0.00	0.00	267.79	45.27	0.00	0.00
721	26.24	2900	2366	1.29	8108	0	4	2227	0.00	69.77	73.76	0.00	66	66	0.00	0.00	186.16	29.80	0.00	0.00
1513	49.94	3049	2485	1.38	15850	0	9	1505	0.00	49.67	50.06	0.00	67	67	0.00	0.00	278.11	29.22	0.00	0.00
1541	49.96	3046	2532	1.45	16169	0	0	1532	0.00	50.61	50.04	0.00	68	68	0.00	0.00	291.43	32.62	0.00	0.00
1541	49.98	3041	2534	1.69	30232	0	2	1521	0.00	50.65	50.02	0.00	68	68	0.00	0.00	293.83	33.48	0.00	0.00
1415	47.04	2937	2559	1.45	14899	0	0	1593	0.00	54.17	52.96	0.00	66	66	0.00	0.00	306.19	45.50	0.00	0.00
603	22.38	2786	2416	1.16	7685	0	1	2398	0.00	74.98	77.62	0.00	66	66	0.00	0.00	190.64	35.65	0.00	0.00
1514	49.79	3058	2485	1.36	15629	0	1	1467	0.00	49.82	50.21	0.00	67	67	0.00	0.00	273.70	27.75	0.00	0.00
1523	49.52	3058	2515	1.49	16107	0	0	1632	0.00	50.67	50.48	0.00	68	68	0.00	0.00	278.87	28.09	0.00	0.00
1522	49.98	2998	2539	1.64	15741	0	0	1440	0.00	50.74	50.02	0.00	68	68	0.00	0.00	307.57	40.22	0.00	0.00
1352	45.00	2913	2578	1.30	14279	0	0	1555	0.00	56.69	55.00	0.00	66	66	0.00	0.00	297.31	45.64	0.00	0.00
670	24.61	2847	2392	1.22	8139	0	0	2189	0.00	72.11	75.39	0.00	66	66	0.00	0.00	195.48	34.55	0.00	0.00
1501	49.42	3043	2495	1.44	15724	0	0	1670	0.00	50.36	50.58	0.00	67	68	0.00	0.00	274.51	28.44	0.00	0.00
1526	49.93	3058	2499	1.25	15805	0	0	1508	0.00	50.00	50.07	0.00	68	68	0.00	0.00	283.09	30.29	0.00	0.00
1546	49.93	3052	2536	1.53	15730	0	0	1494	0.00	50.73	50.07	0.00	68	67	0.00	0.00	289.73	31.31	0.00	0.00
1504	49.95	2978	2527	1.66	15585	0	0	1614	0.00	50.55	50.05	0.00	68	69	0.00	0.00	306.15	42.19	0.00	0.00
883	29.81	2827	2617	1.01	9981	0	4	1640	0.00	73.47	70.19	0.00	66	66	0.00	0.00	260.26	47.42	0.00	0.00
1128	40.41	2999	2327	1.41	11764	0	0	2156	0.00	55.38	59.59	0.00	67	67	0.00	0.00	218.04	25.36	0.00	0.00
1535	49.84	3060	2516	1.48	15864	0	3	1546	0.00	50.39	50.16	0.00	68	68	0.00	0.00	278.86	27.91	0.00	0.00
1525	49.97	3051	2500	1.59	15696	0	0	1377	0.00	49.98	50.03	0.00	68	68	0.00	0.00	287.22	31.95	0.00	0.00
1522	49.99	3022	2518	1.70	15868	0	0	1594	0.00	50.32	50.01	0.00	68	68	0.00	0.00	299.58	37.09	0.00	0.00
1257	41.75	2901	2594	1.26	13570	0	2	1708	0.00	60.42	58.25	0.00	65	65	0.00	0.00	294.40	46.77	0.00	0.00
638	23.24	2871	2391	1.23	7658	0	1	2386	0.00	73.39	76.76	0.00	66	66	0.00	0.00	184.12	31.46	0.00	0.00
1524	49.90	3055	2499	1.32	15701	0	40	1507	0.00	50.00	50.10	0.00	68	68	0.00	0.00	280.18	29.06	0.00	0.00
1536	49.95	3057	2514	1.33	15755	0	2	1489	0.00	50.26	50.05	0.00	68	68	0.00	0.00	282.59	29.44	0.00	0.00
1542	49.96	3036	2542	1.26	15577	0	0	1530	0.00	50.84	50.04	0.00	68	68	0.00	0.00	296.82	34.29	0.00	0.00
1443	48.96	2945	2501	1.37	18093	0	2	1767	0.00	51.02	51.04	0.00	66	66	0.00	0.00	299.26	42.56	0.00	0.00
635	24.23	2683	2444	0.77	8123	0	4	2022	0.00	74.07	75.77	0.00	64	61	0.00	0.00	205.01	40.82	0.00	0.00
1508	49.81	3029	2500	1.46	16817	0	6	1364	0.00	50.07	50.19	0.00	67	68	0.00	0.00	279.99	30.60	0.00	0.00
1537	49.96	3066	2509	1.30	15536	0	2	1469	0.00	50.16	50.04	0.00	68	68	0.00	0.00	280.93	28.97	0.00	0.00
1537	49.96	3062	2511	1.48	15823	0	6	1470	0.00	50.19	50.04	0.00	67	68	0.00	0.00	283.42	29.17	0.00	0.00
1505	49.99	2991	2516	1.70	15612	0	0	1520	0.00	50.29	50.01	0.00	68	68	0.00	0.00	304.75	41.45	0.00	0.00
914	30.32	2851	2644	1.18	12170	0	2	1578	0.00	73.68	69.68	0.00	65	65	0.00	0.00	266.62	47.38	0.00	0.00
1108	39.47	2991	2347	1.35	13328	0	2	2214	0.00	56.73	60.53	0.00	68	68	0.00	0.00	219.73	26.36	0.00	0.00
1518	49.94	3039	2501	1.39	16781	0	2	1577	0.00	49.98	50.06	0.00	68	67	0.00	0.00	285.55	31.78	0.00	0.00
1517	49.91	3053	2489	1.84	15685	0	2	1467	0.00	49.80	50.09	0.00	68	69	0.00	0.00	282.75	31.31	0.00	0.00
1542	49.97	3044	2534	1.46	15872	0	5	1546	0.00	50.66	50.03	0.00	68	68	0.00	0.00	295.31	33.52	0.00	0.00
1327	43.07	2938	2622	1.49	14066	0	0	1716	0.00	59.67	56.93	0.00	66	66	0.00	0.00	303.06	45.82	0.00	0.00
713	26.19	2884	2361	1.26	9313	0	0	2490	0.00	69.68	73.81	0.00	67	67	0.00	0.00	191.55	31.34	0.00	0.00
1528	49.95	3055	2503	1.51	18350	0	3	1509	0.00	50.04	50.05	0.00	68	68	0.00	0.00	282.86	30.15	0.00	0.00
1523	49.64	3069	2499	1.19	15544	0	1	1432	0.00	50.29	50.36	0.00	69	68	0.00	0.00	277.98	27.96	0.00	0.00
1518	49.96	3056	2485	1.90	15728	0	0	1463	0.00	49.69	50.04	0.00	68	68	0.00	0.00	280.89	29.99	0.00	0.00
1535	49.98	3013	2549	1.70	15979	0	0	1443	0.00	50.94	50.02	0.00	69	69	0.00	0.00	306.02	38.65	0.00	0.00
1131	37.22	2900	2619	1.41	13606	0	1	1761	0.00	65.74	62.78	0.00	66	66	0.00	0.00	286.66	47.24	0.00	0.00
1031	36.52	2988	2362	1.29	11691	0	0	2535	0.00	59.92	63.48	0.00	68	68	0.00	0.00	215.86	28.22	0.00	0.00
1511	49.50	3046	2506	1.58	16772	0	0	1559	0.00	50.51	50.50	0.00	68	68	0.00	0.00	275.59	27.73	0.00	0.00
1491	49.10	3051	2487	1.32	15523	0	10	1650	0.00	50.57	50.90	0.00	68	67	0.00	0.00	270.37	26.46	0.00	0.00
1510	49.98	2987	2529	1.61	15773	0	0	1559	0.00	50.54	50.02	0.00	68	68	0.00	0.00	306.09	40.87	0.00	0.00
1270	42.81	2866	2587	1.20	13487	0	2	1558	0.00	59.16	57.19	0.00	66	66	0.00	0.00	293.59	47.38	0.00	0.00
802	28.92	2885	2403	1.42	10365	0	2	2215	0.00	68.28	71.08	0.00	67	67	0.00	0.00	205.10	32.50	0.00	0.00
1515	49.78	3030	2511	1.50	15566	0	2	1477	0.00	50.36	50.22	0.00	68	68	0.00	0.00	286.92	32.37	0.00	0.00
1512	49.93	3049	2483	1.47	15588	0	2	1555	0.00	49.64	50.07	0.00	69	69	0.00	0.00	279.03	29.64	0.00	0.00
1507	49.98	2992	2519	1.50	15789	0	0	1570	0.00	50.34	50.02	0.00	69	69	0.00	0.00	305.55	40.75	0.00	0.00
893	30.03	2792	2664	0.86	10231	0	2	1666	0.00	74.56	69.97	0.00	66	66	0.00	0.00	266.24	49.11	0.00	0.00
1127	40.01	3010	2340	1.52	16888	0	1	2218	0.00	56.08	59.99	0.00	68	68	0.00	0.00	219.85	25.74	0.00	0.00
1525	49.96	3056	2497	1.65	16424	0	0	1457	0.00	49.92	50.04	0.00	69	69	0.00	0.00	282.64	29.89	0.00	0.00
1523	49.87	3053	2500	1.48	15656	0	2	1513	0.00	50.05	50.13	0.00	68	68	0.00	0.00	282.11	29.84	0.00	0.00
1528	49.98	3045	2510	1.52	15664	0	2	1428	0.00	50.18	50.02	0.00	68	68	0.00	0.00	291.11	32.94	0.00	0.00
1459	48.18	2949	2567	1.51	15380	0	1	1682	0.00	53.17	51.82	0.00	66	66	0.00	0.00	311.24	44.89	0.00	0.00
567	21.24	2751	2427	1.08	7188	0	1	2207	0.00	76.44	78.76	0.00	66	66	0.00	0.00	190.62	36.63	0.00	0.00
1537	49.96	3063	2511	1.79	18835	0	2	1479	0.00	50.20	50.04	0.00	69	68	0.00	0.00	282.37	29.29	0.00	0.00
1516	49.89	3049	2492	1.69	15711	0	15	1528	0.00	49.88	50.11	0.00	69	68	0.00	0.00	283.24	30.23	0.00	0.00
1516	49.45	3068	2499	1.77	15643	0	3	1456	0.00	50.46	50.55	0.00	68	68	0.00	0.00	278.33	28.42	0.00	0.00
1522	49.97	3038	2506	1.51	15670	0	0	1475	0.00	50.09	50.03	0.00	68	69	0.00	0.00	292.24	33.92	0.00	0.00
1478	47.41	2960	2632	1.55	15235	0	1	1551	0.00	55.33	52.59	0.00	67	67	0.00	0.00	320.48	46.25	0.00	0.00
655	23.93	2877	2379	1.13	7803	0	0	2231	0.00	72.38	76.07	0.00	68	68	0.00	0.00	191.84	32.87	0.00	0.00
1437	47.66	3036	2483	1.46	15017	0	0	1717	0.00	51.89	52.34	0.00	68	68	0.00	0.00	261.18	25.74	0.00	0.00
1516	49.81	3043	2500	1.87	15833	0	2	1522	0.00	50.10	50.19	0.00	69	69	0.00	0.00	282.29	30.44	0.00	0.00
1536	49.90	3031	2538	1.59	15859	0	0	1564	0.00	50.78	50.10	0.00	69	69	0.00	0.00	295.74	34.04	0.00	0.00
1519	49.98	2961	2566	1.59	15322	0	0	1528	0.00	51.30	50.02	0.00	69	69	0.00	0.00	316.61	45.32	0.00	0.00
616	23.22	2748	2413	1.07	7465	0	3	1893	0.00	74.10	76.78	0.00	67	67	0.00	0.00	199.31	37.32	0.00	0.00
1512	49.50	3048	2506	1.60	15958	0	2	1476	0.00	50.54	50.50	0.00	69	69	0.00	0.00	276.46	28.04	0.00	0.00
1527	49.96	3064	2494	1.81	15784	0	0	1487	0.00	49.87	50.04	0.00	68	68	0.00	0.00	281.82	29.18	0.00	0.00
1528	49.79	3045	2520	1.59	15564	0	3	1457	0.00	50.52	50.21	0.00	68	69	0.00	0.00	286.84	30.43	0.00	0.00
1502	49.98	2961	2538	1.55	15539	0	2	1471	0.00	50.72	50.02	0.00	70	69	0.00	0.00	313.04	44.67	0.00	0.00
672	23.15	2753	2635	0.72	8303	0	0	1616	0.00	81.01	76.85	0.00	62	63	0.00	0.00	239.05	46.55	0.00	0.00
1215	43.71	2979	2334	1.68	12585	0	3	2438	0.00	52.45	56.29	0.00	68	68	0.00	0.00	221.24	23.36	0.00	0.00
1511	49.64	3043	2500	1.35	15742	0	0	1598	0.00	50.29	50.36	0.00	69	69	0.00	0.00	283.00	30.69	0.00	0.00
1523	49.92	3052	2499	1.36	15778	0	0	1500	0.00	50.00	50.08	0.00	69	69	0.00	0.00	285.12	30.61	0.00	0.00
1527	50.00	2982	2560	1.62	15614	0	0	1509	0.00	51.16	50.00	0.00	70	70	0.00	0.00	312.49	42.99	0.00	0.00
931	31.40	2856	2594	1.10	10503	0	0	1604	0.00	71.18	68.60	0.00	65	65	0.00	0.00	265.90	46.91	0.00	0.00
1190	42.33	2995	2347	1.62	12428	0	3	2275	0.00	54.06	57.67	0.00	69	69	0.00	0.00	225.83	25.88	0.00	0.00
1526	49.91	3051	2505	1.49	15985	0	4	1607	0.00	50.08	50.09	0.00	68	68	0.00	0.00	281.83	28.88	0.00	0.00
1512	50.00	3026	2499	1.41	15917	0	1	1628	0.00	49.93	50.00	0.00	69	69	0.00	0.00	291.96	35.77	0.00	0.00
1509	49.98	2988	2526	1.62	16038	0	0	1536	0.00	50.49	50.02	0.00	69	69	0.00	0.00	310.02	41.98	0.00	0.00
714	25.85	2790	2476	1.11	8727	0	3	1754	0.00	73.42	74.15	0.00	67	66	0.00	0.00	220.95	40.75	0.00	0.00
1527	49.95	3061	2498	1.45	15643	0	1	1334	0.00	49.92	50.05	0.00	69	69	0.00	0.00	277.25	28.04	0.00	0.00
1530	49.95	3064	2500	1.33	15974	0	3	1470	0.00	49.98	50.05	0.00	68	69	0.00	0.00	280.59	28.33	0.00	0.00
1532	49.95	3071	2498	1.39	15838	0	4	1553	0.00	49.95	50.05	0.00	69	69	0.00	0.00	280.89	28.16	0.00	0.00
1510	49.96	3001	2519	1.61	15784	0	2	1521	0.00	50.37	50.04	0.00	69	69	0.00	0.00	302.14	39.79	0.00	0.00
1185	38.57	2909	2641	1.34	12871	0	2	1522	0.00	64.86	61.43	0.00	67	67	0.00	0.00	297.34	47.91	0.00	0.00
966	34.89	2944	2349	1.60	10561	0	2	2494	0.00	61.12	65.11	0.00	68	68	0.00	0.00	207.95	27.38	0.00	0.00
1524	49.83	3048	2509	1.46	15999	0	21	1597	0.00	50.27	50.17	0.00	68	69	0.00	0.00	283.49	30.11	0.00	0.00
1529	49.95	3068	2494	1.53	15862	0	1	1497	0.00	49.86	50.05	0.00	69	69	0.00	0.00	279.73	28.49	0.00	0.00
1519	49.96	3017	2520	1.63	16032	0	2	1567	0.00	50.38	50.04	0.00	69	69	0.00	0.00	297.06	36.30	0.00	0.00
1267	42.20	2884	2602	1.22	13917	0	0	1547	0.00	60.13	57.80	0.00	67	68	0.00	0.00	298.90	47.47	0.00	0.00
794	28.61	2898	2394	1.55	8906	0	2	2220	0.00	68.33	71.39	0.00	68	68	0.00	0.00	200.00	31.33	0.00	0.00
1490	49.05	3029	2507	1.59	15565	0	0	1571	0.00	50.97	50.95	0.00	69	69	0.00	0.00	274.56	27.55	0.00	0.00
1518	49.94	3050	2491	1.56	15683	0	0	1559	0.00	49.82	50.06	0.00	70	69	0.00	0.00	284.61	31.30	0.00	0.00
1528	49.99	3029	2523	1.54	15861	0	0	1518	0.00	50.43	50.01	0.00	69	69	0.00	0.00	299.25	35.66	0.00	0.00
1312	43.84	2899	2580	1.27	14104	0	0	1684	0.00	57.91	56.16	0.00	67	67	0.00	0.00	297.41	46.08	0.00	0.00
711	25.82	2857	2408	1.33	8305	0	3	2147	0.00	71.43	74.18	0.00	67	67	0.00	0.00	198.89	33.76	0.00	0.00
1519	49.72	3048	2506	1.59	15741	0	0	1520	0.00	50.30	50.28	0.00	69	69	0.00	0.00	279.54	29.05	0.00	0.00
1522	49.77	3056	2502	1.42	15731	0	0	1541	0.00	50.18	50.23	0.00	69	69	0.00	0.00	281.86	29.24	0.00	0.00
1521	49.98	3032	2509	1.57	15625	0	0	1506	0.00	50.14	50.02	0.00	69	69	0.00	0.00	295.63	35.37	0.00	0.00
1510	49.77	2980	2544	1.50	15438	0	0	1554	0.00	51.06	50.23	0.00	70	69	0.00	0.00	307.06	41.40	0.00	0.00
496	18.93	2672	2451	0.82	7233	0	0	2065	0.00	79.47	81.07	0.00	65	62	0.00	0.00	198.19	39.79	0.00	0.00
1484	48.94	3057	2479	1.67	15053	0	4	1546	0.00	50.56	51.06	0.00	69	69	0.00	0.00	264.63	26.36	0.00	0.00
1529	49.92	3055	2507	1.25	15848	0	0	1477	0.00	50.14	50.08	0.00	69	69	0.00	0.00	284.06	29.64	0.00	0.00
1524	49.95	3048	2503	1.31	15985	0	18	1650	0.00	50.04	50.05	0.00	69	69	0.00	0.00	287.22	31.49	0.00	0.00
1515	49.99	3000	2525	1.61	15785	0	1	1544	0.00	50.46	50.01	0.00	69	69	0.00	0.00	305.90	40.18	0.00	0.00
1072	35.14	2888	2640	1.16	11580	0	0	1551	0.00	68.48	64.86	0.00	67	66	0.00	0.00	280.85	46.52	0.00	0.00
1009	36.33	2962	2345	1.63	10664	0	0	2234	0.00	59.64	63.67	0.00	69	69	0.00	0.00	210.91	26.79	0.00	0.00
1522	49.80	3057	2500	1.30	15855	0	0	1593	0.00	50.12	50.20	0.00	69	69	0.00	0.00	280.90	28.85	0.00	0.00
1525	49.90	3042	2512	1.40	15599	0	2	1433	0.00	50.27	50.10	0.00	69	69	0.00	0.00	288.87	31.83	0.00	0.00
1505	50.01	2980	2525	1.36	15689	0	1	1616	0.00	50.43	49.99	0.00	69	69	0.00	0.00	308.53	42.45	0.00	0.00
839	29.07	2762	2611	0.68	10063	0	0	1766	0.00	74.08	70.93	0.00	63	63	0.00	0.00	252.38	47.29	0.00	0.00
979	34.37	2993	2378	1.38	10614	0	1	2287	0.00	62.40	65.63	0.00	68	68	0.00	0.00	208.10	26.60	0.00	0.00
1497	49.58	3040	2483	1.44	15554	0	4	1523	0.00	49.97	50.42	0.00	70	69	0.00	0.00	277.57	29.58	0.00	0.00
1523	49.90	3057	2496	1.31	15820	0	3	1502	0.00	49.96	50.10	0.00	69	69	0.00	0.00	282.16	29.67	0.00	0.00
1541	49.99	3038	2537	1.45	16065	0	2	1645	0.00	50.71	50.01	0.00	69	69	0.00	0.00	298.44	34.71	0.00	0.00
1324	43.89	2909	2592	1.24	13924	0	3	1555	0.00	58.15	56.11	0.00	68	68	0.00	0.00	301.66	46.45	0.00	0.00
706	25.68	2864	2399	1.10	8484	0	2	2269	0.00	71.29	74.32	0.00	67	67	0.00	0.00	200.11	33.97	0.00	0.00
1415	46.93	3028	2489	1.63	14799	0	37	1781	0.00	52.74	53.07	0.00	69	69	0.00	0.00	258.54	25.72	0.00	0.00
1520	49.69	3047	2511	1.43	15645	0	0	1488	0.00	50.43	50.31	0.00	69	69	0.00	0.00	283.99	29.85	0.00	0.00
1515	49.93	3007	2522	1.52	15586	0	0	1579	0.00	50.45	50.07	0.00	70	70	0.00	0.00	298.94	38.15	0.00	0.00
1265	42.72	2868	2581	1.18	13874	0	0	1532	0.00	59.12	57.28	0.00	66	66	0.00	0.00	295.23	47.18	0.00	0.00
811	29.33	2875	2404	1.05	9548	0	0	2332	0.00	67.93	70.67	0.00	68	68	0.00	0.00	209.21	33.68	0.00	0.00
1467	48.42	3039	2493	1.51	15283	0	0	1656	0.00	51.34	51.58	0.00	69	68	0.00	0.00	269.94	27.53	0.00	0.00
1516	49.95	3042	2495	1.70	15874	0	2	1559	0.00	49.87	50.05	0.00	69	70	0.00	0.00	287.13	32.65	0.00	0.00
1532	49.84	3044	2525	1.61	15847	0	0	1493	0.00	50.58	50.16	0.00	69	69	0.00	0.00	291.39	31.89	0.00	0.00
1500	48.64	2964	2601	1.50	15277	0	0	1490	0.00	53.38	51.36	0.00	70	70	0.00	0.00	318.39	45.20	0.00	0.00
574	21.89	2741	2391	0.87	7300	0	3	2060	0.00	74.71	78.11	0.00	68	67	0.00	0.00	192.63	37.01	0.00	0.00
1515	49.65	3044	2506	1.53	15471	0	0	1434	0.00	50.37	50.35	0.00	69	70	0.00	0.00	280.77	29.56	0.00	0.00
1492	49.32	3036	2491	1.49	15377	0	1	1518	0.00	50.42	50.68	0.00	69	69	0.00	0.00	276.24	29.02	0.00	0.00
1517	49.95	3027	2508	1.55	15778	0	0	1568	0.00	50.15	50.05	0.00	69	70	0.00	0.00	293.01	34.70	0.00	0.00
1408	46.25	2934	2594	1.39	14717	0	0	1530	0.00	55.74	53.75	0.00	66	67	0.00	0.00	310.67	45.92	0.00	0.00
735	27.00	2844	2393	1.14	8972	0	2	2467	0.00	69.88	73.00	0.00	69	68	0.00	0.00	203.92	34.71	0.00	0.00
1516	49.55	3048	2510	1.56	15642	0	0	1578	0.00	50.55	50.45	0.00	69	68	0.00	0.00	278.32	28.74	0.00	0.00
1509	49.42	3062	2494	1.21	15658	0	9	1608	0.00	50.39	50.58	0.00	68	68	0.00	0.00	272.32	26.62	0.00	0.00
1537	49.95	3049	2523	1.65	15993	0	4	1461	0.00	50.44	50.05	0.00	69	69	0.00	0.00	292.60	31.52	0.00	0.00
1498	49.99	2973	2519	1.60	15511	0	0	1483	0.00	50.33	50.01	0.00	70	70	0.00	0.00	307.92	42.92	0.00	0.00
896	29.79	2842	2647	1.05	10042	0	0	1578	0.00	74.33	70.21	0.00	65	65	0.00	0.00	264.82	47.54	0.00	0.00
1024	37.06	2971	2326	1.63	10865	0	3	2430	0.00	58.47	62.94	0.00	69	69	0.00	0.00	205.09	24.33	0.00	0.00
1525	49.75	3051	2513	1.80	15744	0	0	1507	0.00	50.43	50.25	0.00	70	69	0.00	0.00	282.16	29.59	0.00	0.00
1523	49.60	3047	2520	1.52	15620	0	5	1560	0.00	50.70	50.40	0.00	69	70	0.00	0.00	283.26	29.26	0.00	0.00
1492	50.00	2968	2513	1.56	19199	0	0	1473	0.00	50.20	50.00	0.00	71	71	0.00	0.00	307.94	43.35	0.00	0.00
881	29.59	2809	2648	0.98	13631	0	2	1711	0.00	74.58	70.41	0.00	67	67	0.00	0.00	265.22	48.65	0.00	0.00
1135	40.34	2999	2345	1.17	12247	0	0	2508	0.00	55.91	59.66	0.00	68	68	0.00	0.00	219.70	25.10	0.00	0.00
1494	49.25	3049	2487	1.54	15354	0	0	1547	0.00	50.40	50.75	0.00	69	69	0.00	0.00	272.06	27.18	0.00	0.00
1527	49.89	3056	2504	1.48	15750	0	0	1452	0.00	50.12	50.11	0.00	69	69	0.00	0.00	285.08	30.00	0.00	0.00
1523	49.97	3051	2498	1.42	15645	0	2	1474	0.00	49.92	50.03	0.00	69	69	0.00	0.00	286.52	31.58	0.00	0.00
1516	49.99	2994	2531	1.53	15687	0	0	1455	0.00	50.59	50.01	0.00	69	69	0.00	0.00	308.11	41.15	0.00	0.00
906	29.95	2854	2649	1.13	19894	0	2	1769	0.00	74.22	70.05	0.00	66	66	0.00	0.00	268.77	47.99	0.00	0.00
1111	40.10	2974	2328	1.68	11543	0	7	2259	0.00	55.69	59.90	0.00	69	69	0.00	0.00	212.34	24.23	0.00	0.00
1533	49.79	3044	2528	1.31	16417	0	2	1829	0.00	50.70	50.21	0.00	70	70	0.00	0.00	289.36	30.96	0.00	0.00
1522	49.95	3061	2489	1.55	15391	0	0	1377	0.00	49.75	50.05	0.00	69	69	0.00	0.00	281.80	29.45	0.00	0.00
1533	49.99	3004	2553	1.63	15591	0	0	1411	0.00	51.03	50.01	0.00	70	69	0.00	0.00	308.36	40.10	0.00	0.00
1133	37.61	2889	2606	1.29	12215	0	2	1620	0.00	65.01	62.39	0.00	68	68	0.00	0.00	286.92	47.44	0.00	0.00
963	34.37	2968	2359	1.44	10464	0	0	2165	0.00	61.87	65.63	0.00	69	69	0.00	0.00	215.34	30.03	0.00	0.00
1516	49.87	3049	2491	1.53	15592	0	0	1529	0.00	49.85	50.13	0.00	69	69	0.00	0.00	280.51	29.44	0.00	0.00
1527	49.94	3051	2504	1.75	15752	0	0	1557	0.00	50.06	50.06	0.00	69	69	0.00	0.00	284.07	29.93	0.00	0.00
1498	49.99	2989	2507	1.61	15644	0	0	1521	0.00	50.11	50.01	0.00	70	70	0.00	0.00	304.25	41.37	0.00	0.00
987	32.02	2884	2672	1.22	11182	0	2	1911	0.00	72.63	67.98	0.00	68	67	0.00	0.00	280.00	48.29	0.00	0.00
1002	36.05	2966	2344	1.63	10714	0	0	2344	0.00	59.88	63.95	0.00	69	68	0.00	0.00	205.47	25.05	0.00	0.00
1488	48.99	3030	2505	1.57	15332	0	1	1663	0.00	51.00	51.01	0.00	69	69	0.00	0.00	273.72	27.28	0.00	0.00
1524	49.97	3040	2508	1.57	15416	0	0	1566	0.00	50.14	50.03	0.00	70	70	0.00	0.00	289.71	33.52	0.00	0.00
1500	49.97	2992	2509	1.57	15629	0	0	1659	0.00	50.15	50.03	0.00	70	70	0.00	0.00	306.27	41.02	0.00	0.00
1127	36.89	2896	2637	1.24	12333	0	0	1789	0.00	66.56	63.11	0.00	68	68	0.00	0.00	289.25	47.90	0.00	0.00
1062	37.82	2994	2345	1.24	11363	0	0	2334	0.00	58.27	62.18	0.00	70	69	0.00	0.00	218.85	27.47	0.00	0.00
1515	49.78	3047	2497	1.39	24415	0	2	1430	0.00	50.07	50.22	0.00	70	70	0.00	0.00	282.55	30.16	0.00	0.00
1538	49.96	3064	2513	1.62	9923	0	0	1391	0.00	50.23	50.04	0.00	70	70	0.00	0.00	283.26	29.21	0.00	0.00
