Avg_MHz	Busy%	Bzy_MHz	TSC_MHz	IPC	IRQ	SMI	POLL	C1	POLL%	C1%	CPU%c1	CPU%c6	CoreTmp	PkgTmp	Pkg%pc2	Pkg%pc6	PkgWatt	RAMWatt	PKG_%	RAM_%
26	1.09	2352	2502	0.59	2174	0	0	1918	0.00	99.01	98.91	0.00	43	44	0.00	0.00	112.94	24.57	0.00	0.00
26	1.09	2356	2500	0.58	1988	0	21	1887	0.00	98.92	98.91	0.00	43	44	0.00	0.00	112.84	24.51	0.00	0.00
26	1.09	2359	2500	0.59	2046	0	0	1907	0.00	98.93	98.91	0.00	43	44	0.00	0.00	112.90	24.52	0.00	0.00
26	1.09	2352	2500	0.58	1697	0	0	1569	0.00	98.91	98.91	0.00	43	44	0.00	0.00	112.64	24.50	0.00	0.00
26	1.09	2350	2500	0.58	2112	0	0	1984	0.00	98.92	98.91	0.00	43	44	0.00	0.00	112.65	24.46	0.00	0.00
26	1.08	2362	2500	0.59	1835	0	0	1706	0.00	98.93	98.92	0.00	43	44	0.00	0.00	112.57	24.46	0.00	0.00
26	1.08	2361	2500	0.59	1756	0	0	1621	0.00	98.92	98.92	0.00	43	44	0.00	0.00	112.38	24.49	0.00	0.00
26	1.08	2357	2500	0.59	2019	0	0	1878	0.00	98.92	98.92	0.00	43	44	0.00	0.00	112.40	24.46	0.00	0.00
26	1.09	2351	2497	0.59	1961	0	1	1863	0.00	98.79	98.91	0.00	43	44	0.00	0.00	112.15	24.50	0.00	0.00
26	1.09	2350	2502	0.58	2027	0	5	1895	0.00	99.01	98.91	0.00	43	44	0.00	0.00	112.34	24.59	0.00	0.00
26	1.09	2359	2501	0.58	2317	0	0	2159	0.00	98.95	98.91	0.00	43	44	0.00	0.00	112.71	24.60	0.00	0.00
26	1.08	2367	2500	0.59	1674	0	0	1530	0.00	98.92	98.92	0.00	43	44	0.00	0.00	112.50	24.41	0.00	0.00
26	1.09	2354	2500	0.58	2066	0	0	1930	0.00	98.92	98.91	0.00	43	44	0.00	0.00	112.42	24.46	0.00	0.00
26	1.09	2348	2500	0.58	1863	0	0	1730	0.00	98.91	98.91	0.00	43	44	0.00	0.00	112.43	24.50	0.00	0.00
26	1.08	2364	2500	0.59	1541	0	0	1404	0.00	98.93	98.92	0.00	43	44	0.00	0.00	112.62	24.64	0.00	0.00
26	1.09	2356	2500	0.59	1795	0	0	1656	0.00	98.91	98.91	0.00	43	44	0.00	0.00	112.72	24.56	0.00	0.00
26	1.08	2356	2500	0.59	1985	0	0	1847	0.00	98.93	98.92	0.00	43	44	0.00	0.00	112.42	24.59	0.00	0.00
26	1.08	2358	2500	0.59	1885	0	0	1766	0.00	98.91	98.92	0.00	43	44	0.00	0.00	112.11	24.58	0.00	0.00
26	1.11	2334	2499	0.58	1885	0	1	1693	0.00	98.87	98.89	0.00	43	44	0.00	0.00	112.37	24.59	0.00	0.00
26	1.10	2337	2500	0.58	2121	0	0	2016	0.00	98.92	98.90	0.00	43	45	0.00	0.00	112.58	24.51	0.00	0.00
26	1.09	2354	2500	0.59	1998	0	4	1880	0.00	98.92	98.91	0.00	43	45	0.00	0.00	112.44	24.51	0.00	0.00
26	1.08	2356	2500	0.58	1960	0	0	1826	0.00	98.92	98.92	0.00	43	44	0.00	0.00	112.52	24.48	0.00	0.00
26	1.09	2357	2500	0.59	2027	0	0	1884	0.00	98.93	98.91	0.00	43	44	0.00	0.00	112.61	24.45	0.00	0.00
26	1.09	2354	2500	0.59	1815	0	0	1670	0.00	98.91	98.91	0.00	43	44	0.00	0.00	112.42	24.42	0.00	0.00
26	1.08	2356	2500	0.59	1965	0	0	1839	0.00	98.92	98.92	0.00	43	44	0.00	0.00	112.73	24.47	0.00	0.00
25	1.08	2355	2500	0.58	1926	0	0	1793	0.00	98.92	98.92	0.00	43	44	0.00	0.00	112.32	24.47	0.00	0.00
26	1.09	2354	2500	0.59	2033	0	0	1895	0.00	98.93	98.91	0.00	43	45	0.00	0.00	112.35	24.52	0.00	0.00
26	1.08	2365	2500	0.58	1922	0	0	1784	0.00	98.91	98.92	0.00	43	44	0.00	0.00	112.27	24.47	0.00	0.00
26	1.08	2366	2500	0.59	1655	0	0	1519	0.00	98.93	98.92	0.00	43	45	0.00	0.00	112.51	24.50	0.00	0.00
25	1.08	2357	2500	0.58	1774	0	0	1638	0.00	98.92	98.92	0.00	43	45	0.00	0.00	112.37	24.49	0.00	0.00
26	1.09	2353	2500	0.58	2047	0	0	1910	0.00	98.93	98.91	0.00	43	45	0.00	0.00	112.60	24.47	0.00	0.00
26	1.08	2362	2500	0.59	1777	0	0	1637	0.00	98.92	98.92	0.00	43	44	0.00	0.00	112.50	24.46	0.00	0.00
26	1.08	2363	2500	0.59	1619	0	0	1485	0.00	98.93	98.92	0.00	43	44	0.00	0.00	112.65	24.47	0.00	0.00
26	1.09	2356	2500	0.59	1720	0	0	1589	0.00	98.91	98.91	0.00	43	44	0.00	0.00	112.32	24.45	0.00	0.00
26	1.09	2353	2500	0.59	2134	0	0	1990	0.00	98.94	98.91	0.00	43	45	0.00	0.00	112.57	24.46	0.00	0.00
26	1.08	2365	2500	0.58	1868	0	1	1733	0.00	98.91	98.92	0.00	43	44	0.00	0.00	112.52	24.41	0.00	0.00
26	1.08	2353	2500	0.58	1983	0	2	1848	0.00	98.93	98.92	0.00	43	44	0.00	0.00	112.43	24.36	0.00	0.00
26	1.08	2369	2500	0.59	1483	0	0	1352	0.00	98.92	98.92	0.00	43	45	0.00	0.00	112.42	24.38	0.00	0.00
26	1.09	2353	2500	0.58	2055	0	0	1916	0.00	98.93	98.91	0.00	43	44	0.00	0.00	112.69	24.39	0.00	0.00
25	1.08	2367	2500	0.59	1460	0	0	1324	0.00	98.92	98.92	0.00	43	45	0.00	0.00	112.36	24.40	0.00	0.00
26	1.08	2353	2500	0.58	1974	0	0	1836	0.00	98.93	98.92	0.00	43	45	0.00	0.00	112.72	24.44	0.00	0.00
25	1.08	2364	2500	0.59	1543	0	0	1409	0.00	98.92	98.92	0.00	43	44	0.00	0.00	112.47	24.41	0.00	0.00
26	1.08	2356	2500	0.59	2011	0	0	1863	0.00	98.93	98.92	0.00	43	44	0.00	0.00	112.38	24.40	0.00	0.00
26	1.11	2332	2499	0.59	1655	0	0	1435	0.00	98.86	98.89	0.00	43	44	0.00	0.00	112.41	24.46	0.00	0.00
26	1.09	2363	2501	0.58	1940	0	0	1801	0.00	98.95	98.91	0.00	43	45	0.00	0.00	112.77	24.45	0.00	0.00
26	1.09	2359	2500	0.58	2145	0	0	2007	0.00	98.92	98.91	0.00	43	44	0.00	0.00	112.40	24.39	0.00	0.00
26	1.09	2351	2500	0.58	2118	0	0	1974	0.00	98.92	98.91	0.00	43	44	0.00	0.00	112.48	24.38	0.00	0.00
25	1.08	2363	2500	0.58	1514	0	0	1380	0.00	98.92	98.92	0.00	43	45	0.00	0.00	112.38	24.34	0.00	0.00
26	1.08	2364	2500	0.59	1568	0	0	1428	0.00	98.93	98.92	0.00	43	45	0.00	0.00	112.45	24.43	0.00	0.00
26	1.08	2358	2500	0.59	2022	0	0	1887	0.00	98.92	98.92	0.00	43	45	0.00	0.00	112.40	24.39	0.00	0.00
26	1.09	2355	2500	0.59	2082	0	0	1937	0.00	98.92	98.91	0.00	43	45	0.00	0.00	112.54	24.34	0.00	0.00
25	1.08	2360	2500	0.59	1703	0	0	1571	0.00	98.93	98.92	0.00	43	45	0.00	0.00	112.58	24.40	0.00	0.00
26	1.08	2363	2500	0.58	2044	0	0	1907	0.00	98.92	98.92	0.00	43	45	0.00	0.00	112.75	24.33	0.00	0.00
25	1.08	2356	2500	0.58	1452	0	0	1323	0.00	98.91	98.92	0.00	43	45	0.00	0.00	112.50	24.34	0.00	0.00
27	1.17	2282	2499	0.59	2171	0	0	1986	0.00	98.80	98.83	0.00	43	45	0.00	0.00	112.61	24.36	0.00	0.00
26	1.08	2355	2501	0.58	1983	0	0	1841	0.00	98.96	98.92	0.00	43	45	0.00	0.00	112.48	24.38	0.00	0.00
26	1.09	2357	2500	0.59	2023	0	0	1893	0.00	98.92	98.91	0.00	43	45	0.00	0.00	112.44	24.36	0.00	0.00
26	1.08	2354	2500	0.58	1955	0	0	1820	0.00	98.92	98.92	0.00	43	45	0.00	0.00	112.30	24.40	0.00	0.00
26	1.09	2356	2500	0.59	2060	0	0	1918	0.00	98.92	98.91	0.00	43	45	0.00	0.00	112.62	24.31	0.00	0.00
25	1.08	2365	2500	0.59	1505	0	0	1372	0.00	98.92	98.92	0.00	43	45	0.00	0.00	112.30	24.31	0.00	0.00
25	1.08	2361	2500	0.59	1632	0	0	1494	0.00	98.93	98.92	0.00	43	45	0.00	0.00	112.41	24.34	0.00	0.00
26	1.08	2366	2500	0.58	1868	0	0	1734	0.00	98.91	98.92	0.00	43	45	0.00	0.00	112.23	24.37	0.00	0.00
26	1.09	2348	2500	0.58	2040	0	0	1897	0.00	98.92	98.91	0.00	43	44	0.00	0.00	112.44	24.44	0.00	0.00
26	1.08	2361	2500	0.59	2000	0	2	1865	0.00	98.91	98.92	0.00	43	45	0.00	0.00	112.40	24.47	0.00	0.00
25	1.08	2360	2500	0.58	1624	0	0	1493	0.00	98.92	98.92	0.00	43	45	0.00	0.00	112.69	24.46	0.00	0.00
26	1.08	2360	2500	0.59	1891	0	0	1750	0.00	98.93	98.92	0.00	43	45	0.00	0.00	112.57	24.49	0.00	0.00
26	1.09	2356	2500	0.59	2107	0	0	1965	0.00	98.92	98.91	0.00	44	45	0.00	0.00	112.55	24.42	0.00	0.00
25	1.08	2366	2500	0.59	1391	0	0	1260	0.00	98.92	98.92	0.00	43	45	0.00	0.00	112.67	24.32	0.00	0.00
25	1.08	2361	2500	0.59	1639	0	0	1505	0.00	98.92	98.92	0.00	43	45	0.00	0.00	112.62	24.37	0.00	0.00
26	1.08	2354	2500	0.58	1991	0	0	1855	0.00	98.92	98.92	0.00	43	45	0.00	0.00	112.59	24.32	0.00	0.00
26	1.08	2367	2500	0.58	1741	0	0	1593	0.00	98.91	98.92	0.00	43	45	0.00	0.00	112.73	24.41	0.00	0.00
26	1.08	2365	2500	0.59	1770	0	0	1635	0.00	98.93	98.92	0.00	43	44	0.00	0.00	112.60	24.47	0.00	0.00
26	1.08	2355	2500	0.59	1652	0	0	1520	0.00	98.91	98.92	0.00	43	45	0.00	0.00	112.37	24.45	0.00	0.00
25	1.08	2355	2500	0.58	1877	0	0	1739	0.00	98.93	98.92	0.00	43	45	0.00	0.00	112.45	24.43	0.00	0.00
26	1.09	2356	2500	0.59	2100	0	2	1959	0.00	98.92	98.91	0.00	44	45	0.00	0.00	112.61	24.38	0.00	0.00
25	1.08	2367	2500	0.59	1343	0	0	1209	0.00	98.92	98.92	0.00	44	45	0.00	0.00	112.63	24.36	0.00	0.00
26	1.09	2354	2500	0.60	1890	0	0	1753	0.00	98.92	98.91	0.00	43	45	0.00	0.00	112.50	24.35	0.00	0.00
26	1.08	2355	2500	0.59	2010	0	0	1875	0.00	98.92	98.92	0.00	43	45	0.00	0.00	112.64	24.41	0.00	0.00
26	1.08	2369	2500	0.58	1664	0	0	1520	0.00	98.93	98.92	0.00	43	45	0.00	0.00	112.75	24.41	0.00	0.00
26	1.08	2353	2500	0.58	1975	0	0	1836	0.00	98.91	98.92	0.00	44	45	0.00	0.00	112.58	24.35	0.00	0.00
26	1.08	2367	2500	0.59	1522	0	0	1388	0.00	98.93	98.92	0.00	43	45	0.00	0.00	112.49	24.36	0.00	0.00
26	1.08	2357	2500	0.58	1861	0	0	1727	0.00	98.92	98.92	0.00	44	45	0.00	0.00	112.54	24.34	0.00	0.00
26	1.09	2352	2500	0.60	2031	0	0	1888	0.00	98.92	98.91	0.00	43	44	0.00	0.00	112.73	24.36	0.00	0.00
25	1.08	2365	2500	0.59	1545	0	0	1410	0.00	98.92	98.92	0.00	43	45	0.00	0.00	112.68	24.41	0.00	0.00
26	1.09	2352	2500	0.58	2045	0	0	1910	0.00	98.93	98.91	0.00	43	44	0.00	0.00	112.55	24.44	0.00	0.00
26	1.08	2357	2500	0.59	1997	0	0	1858	0.00	98.92	98.92	0.00	43	45	0.00	0.00	112.60	24.40	0.00	0.00
26	1.09	2355	2500	0.59	2027	0	0	1890	0.00	98.92	98.91	0.00	43	45	0.00	0.00	112.53	24.45	0.00	0.00
26	1.08	2371	2500	0.59	1529	0	0	1392	0.00	98.92	98.92	0.00	43	45	0.00	0.00	112.67	24.43	0.00	0.00
26	1.08	2361	2500	0.59	1998	0	0	1862	0.00	98.93	98.92	0.00	44	45	0.00	0.00	112.63	24.44	0.00	0.00
26	1.09	2352	2500	0.58	2053	0	0	1912	0.00	98.92	98.91	0.00	43	45	0.00	0.00	112.48	24.44	0.00	0.00
25	1.08	2360	2500	0.58	1657	0	0	1516	0.00	98.93	98.92	0.00	43	45	0.00	0.00	112.54	24.50	0.00	0.00
26	1.08	2360	2500	0.59	1885	0	0	1744	0.00	98.92	98.92	0.00	43	45	0.00	0.00	112.67	24.40	0.00	0.00
26	1.09	2351	2500	0.59	1931	0	0	1795	0.00	98.92	98.91	0.00	43	45	0.00	0.00	112.62	24.38	0.00	0.00
26	1.11	2330	2499	0.59	2163	0	2	1929	0.00	98.87	98.89	0.00	43	45	0.00	0.00	112.68	24.38	0.00	0.00
26	1.08	2356	2500	0.59	1965	0	0	1831	0.00	98.94	98.92	0.00	43	45	0.00	0.00	112.50	24.44	0.00	0.00
26	1.08	2363	2500	0.58	1966	0	0	1833	0.00	98.92	98.92	0.00	44	45	0.00	0.00	112.49	24.46	0.00	0.00
26	1.09	2351	2500	0.58	2037	0	0	1903	0.00	98.93	98.91	0.00	44	45	0.00	0.00	112.27	24.48	0.00	0.00
26	1.08	2361	2500	0.59	1954	0	1	1815	0.00	98.91	98.92	0.00	43	45	0.00	0.00	112.38	24.45	0.00	0.00
26	1.08	2356	2500	0.58	1912	0	0	1774	0.00	98.93	98.92	0.00	43	45	0.00	0.00	112.29	24.40	0.00	0.00
26	1.08	2364	2500	0.59	1683	0	2	1546	0.00	98.92	98.92	0.00	44	45	0.00	0.00	112.18	24.44	0.00	0.00
25	1.08	2356	2500	0.58	1684	0	0	1548	0.00	98.92	98.92	0.00	44	45	0.00	0.00	112.32	24.45	0.00	0.00
25	1.08	2364	2500	0.59	1605	0	0	1463	0.00	98.93	98.92	0.00	44	45	0.00	0.00	112.34	24.39	0.00	0.00
26	1.09	2354	2500	0.60	1824	0	0	1686	0.00	98.91	98.91	0.00	43	45	0.00	0.00	112.32	24.36	0.00	0.00
26	1.08	2359	2500	0.59	1746	0	0	1609	0.00	98.93	98.92	0.00	43	45	0.00	0.00	112.39	24.36	0.00	0.00
26	1.08	2364	2500	0.58	1960	0	0	1825	0.00	98.92	98.92	0.00	43	45	0.00	0.00	112.46	24.39	0.00	0.00
26	1.08	2368	2500	0.59	1530	0	0	1391	0.00	98.92	98.92	0.00	43	45	0.00	0.00	112.33	24.40	0.00	0.00
26	1.08	2353	2500	0.58	1993	0	0	1856	0.00	98.92	98.92	0.00	44	45	0.00	0.00	112.33	24.44	0.00	0.00
26	1.08	2356	2500	0.58	1989	0	0	1854	0.00	98.91	98.92	0.00	44	45	0.00	0.00	112.21	24.37	0.00	0.00
26	1.09	2357	2500	0.59	2074	0	0	1933	0.00	98.92	98.91	0.00	44	45	0.00	0.00	112.36	24.48	0.00	0.00
26	1.08	2358	2500	0.59	1956	0	0	1813	0.00	98.93	98.92	0.00	44	45	0.00	0.00	112.46	24.42	0.00	0.00
25	1.08	2362	2500	0.59	1656	0	0	1526	0.00	98.92	98.92	0.00	44	45	0.00	0.00	112.60	24.38	0.00	0.00
25	1.08	2363	2500	0.59	1526	0	0	1393	0.00	98.93	98.92	0.00	44	45	0.00	0.00	112.53	24.34	0.00	0.00
26	1.09	2347	2500	0.58	1970	0	0	1830	0.00	98.91	98.91	0.00	43	45	0.00	0.00	112.36	24.36	0.00	0.00
26	1.08	2368	2500	0.58	1686	0	0	1546	0.00	98.93	98.92	0.00	44	45	0.00	0.00	112.53	24.31	0.00	0.00
26	1.08	2362	2500	0.59	1821	0	0	1683	0.00	98.92	98.92	0.00	44	45	0.00	0.00	112.47	24.31	0.00	0.00
25	1.08	2359	2500	0.58	1707	0	0	1571	0.00	98.92	98.92	0.00	44	45	0.00	0.00	112.67	24.39	0.00	0.00
26	1.08	2353	2500	0.58	1999	0	0	1866	0.00	98.92	98.92	0.00	43	45	0.00	0.00	112.46	24.42	0.00	0.00
26	1.08	2361	2500	0.59	1830	0	0	1693	0.00	98.92	98.92	0.00	44	45	0.00	0.00	112.54	24.38	0.00	0.00
26	1.08	2362	2500	0.59	1688	0	0	1555	0.00	98.92	98.92	0.00	44	45	0.00	0.00	112.60	24.39	0.00	0.00
26	1.09	2356	2500	0.59	1823	0	0	1708	0.00	98.91	98.91	0.00	44	45	0.00	0.00	112.49	24.30	0.00	0.00
26	1.09	2355	2500	0.59	2038	0	0	1899	0.00	98.93	98.91	0.00	44	45	0.00	0.00	112.66	24.29	0.00	0.00
26	1.11	2325	2500	0.58	1284	0	0	1271	0.00	98.90	98.89	0.00	44	45	0.00	0.00	112.56	24.36	0.00	0.00
