Avg_MHz	Busy%	Bzy_MHz	TSC_MHz	IPC	IRQ	SMI	POLL	C1	POLL%	C1%	CPU%c1	CPU%c6	CoreTmp	PkgTmp	Pkg%pc2	Pkg%pc6	PkgWatt	RAMWatt	PKG_%	RAM_%
452	16.74	2695	2503	0.38	8301	0	2	3075	0.00	83.37	83.26	0.00	52	52	0.00	0.00	167.61	37.62	0.00	0.00
451	16.72	2696	2500	0.38	7636	0	3	2639	0.00	83.29	83.28	0.00	52	52	0.00	0.00	167.17	37.49	0.00	0.00
451	16.73	2695	2500	0.38	8209	0	3	3131	0.00	83.29	83.27	0.00	52	52	0.00	0.00	167.25	37.51	0.00	0.00
451	16.72	2696	2500	0.38	7743	0	3	2811	0.00	83.29	83.28	0.00	52	52	0.00	0.00	167.10	37.39	0.00	0.00
451	16.72	2696	2500	0.38	7647	0	2	2675	0.00	83.29	83.28	0.00	52	52	0.00	0.00	167.15	37.48	0.00	0.00
451	16.72	2696	2500	0.38	8877	0	0	2847	0.00	83.29	83.28	0.00	52	52	0.00	0.00	167.23	37.49	0.00	0.00
451	16.73	2695	2500	0.38	8126	0	1	3093	0.00	83.27	83.27	0.00	52	52	0.00	0.00	167.02	37.46	0.00	0.00
451	16.74	2694	2500	0.38	8207	0	19	3171	0.00	83.27	83.26	0.00	52	52	0.00	0.00	167.17	37.47	0.00	0.00
451	16.72	2695	2500	0.38	8030	0	0	2939	0.00	83.29	83.28	0.00	52	52	0.00	0.00	167.24	37.45	0.00	0.00
451	16.71	2696	2500	0.38	7450	0	2	2529	0.00	83.29	83.29	0.00	52	52	0.00	0.00	167.28	37.57	0.00	0.00
451	16.72	2696	2500	0.38	7618	0	0	2708	0.00	83.29	83.28	0.00	52	52	0.00	0.00	167.24	37.57	0.00	0.00
451	16.72	2696	2500	0.38	7921	0	2	2936	0.00	83.29	83.28	0.00	52	52	0.00	0.00	167.33	37.50	0.00	0.00
451	16.72	2696	2500	0.38	7356	0	4	2495	0.00	83.28	83.28	0.00	52	52	0.00	0.00	167.61	37.51	0.00	0.00
451	16.72	2696	2500	0.38	7566	0	6	2586	0.00	83.29	83.28	0.00	52	52	0.00	0.00	167.54	37.41	0.00	0.00
451	16.72	2696	2500	0.38	7689	0	6	2745	0.00	83.29	83.28	0.00	53	53	0.00	0.00	167.38	37.39	0.00	0.00
451	16.71	2696	2500	0.38	7541	0	2	2557	0.00	83.29	83.29	0.00	52	52	0.00	0.00	167.19	37.40	0.00	0.00
451	16.71	2696	2500	0.38	7436	0	0	2378	0.00	83.29	83.29	0.00	52	52	0.00	0.00	167.33	37.48	0.00	0.00
451	16.71	2696	2500	0.38	7548	0	2	2603	0.00	83.29	83.29	0.00	52	52	0.00	0.00	167.27	37.46	0.00	0.00
451	16.72	2696	2500	0.38	7708	0	0	2744	0.00	83.29	83.28	0.00	53	53	0.00	0.00	167.36	37.50	0.00	0.00
451	16.71	2696	2500	0.38	7502	0	0	2595	0.00	83.29	83.29	0.00	52	52	0.00	0.00	167.20	37.46	0.00	0.00
451	16.72	2696	2500	0.38	7393	0	0	2479	0.00	83.29	83.28	0.00	53	53	0.00	0.00	167.35	37.51	0.00	0.00
451	16.71	2696	2500	0.38	7511	0	4	2586	0.00	83.29	83.29	0.00	53	53	0.00	0.00	167.43	37.58	0.00	0.00
451	16.72	2696	2500	0.38	7714	0	6	2760	0.00	83.29	83.28	0.00	53	53	0.00	0.00	167.55	37.61	0.00	0.00
451	16.72	2696	2500	0.38	7694	0	2	2654	0.00	83.29	83.28	0.00	53	53	0.00	0.00	167.48	37.55	0.00	0.00
451	16.72	2696	2500	0.38	7446	0	4	2539	0.00	83.29	83.28	0.00	53	53	0.00	0.00	167.45	37.40	0.00	0.00
451	16.71	2696	2500	0.38	7439	0	6	2449	0.00	83.29	83.29	0.00	53	53	0.00	0.00	167.50	37.45	0.00	0.00
451	16.72	2696	2500	0.38	7822	0	2	2855	0.00	83.29	83.28	0.00	53	53	0.00	0.00	167.67	37.58	0.00	0.00
450	16.71	2696	2499	0.38	7457	0	0	2543	0.00	83.27	83.29	0.00	53	53	0.00	0.00	167.48	37.57	0.00	0.00
451	16.72	2696	2501	0.38	7360	0	5	2466	0.00	83.31	83.28	0.00	53	53	0.00	0.00	167.53	37.56	0.00	0.00
451	16.71	2696	2500	0.38	7236	0	2	2408	0.00	83.29	83.29	0.00	53	53	0.00	0.00	167.53	37.53	0.00	0.00
451	16.72	2696	2500	0.38	7707	0	3	2797	0.00	83.29	83.28	0.00	53	53	0.00	0.00	167.63	37.55	0.00	0.00
451	16.72	2696	2500	0.38	7608	0	4	2619	0.00	83.29	83.28	0.00	53	53	0.00	0.00	167.71	37.50	0.00	0.00
451	16.72	2696	2500	0.38	7430	0	4	2433	0.00	83.29	83.28	0.00	53	53	0.00	0.00	167.61	37.66	0.00	0.00
451	16.71	2696	2500	0.38	7439	0	0	2462	0.00	83.29	83.29	0.00	54	54	0.00	0.00	167.63	37.60	0.00	0.00
451	16.72	2696	2500	0.38	7657	0	5	2678	0.00	83.29	83.28	0.00	53	53	0.00	0.00	167.67	37.55	0.00	0.00
451	16.72	2696	2500	0.38	7548	0	0	2630	0.00	83.29	83.28	0.00	53	53	0.00	0.00	167.70	37.65	0.00	0.00
451	16.71	2696	2500	0.38	7313	0	6	2426	0.00	83.29	83.29	0.00	53	53	0.00	0.00	167.62	37.47	0.00	0.00
451	16.78	2691	2499	0.38	7673	0	0	2616	0.00	83.19	83.22	0.00	53	53	0.00	0.00	167.45	37.45	0.00	0.00
451	16.72	2696	2501	0.38	7596	0	0	2649	0.00	83.32	83.28	0.00	54	54	0.00	0.00	167.44	37.38	0.00	0.00
451	16.72	2696	2500	0.38	7762	0	6	2826	0.00	83.29	83.28	0.00	53	53	0.00	0.00	167.48	37.51	0.00	0.00
451	16.72	2696	2500	0.38	7491	0	4	2542	0.00	83.29	83.28	0.00	53	53	0.00	0.00	167.47	37.48	0.00	0.00
451	16.72	2696	2500	0.38	7524	0	2	2560	0.00	83.29	83.28	0.00	54	54	0.00	0.00	167.38	37.40	0.00	0.00
451	16.72	2696	2500	0.38	7632	0	0	2639	0.00	83.29	83.28	0.00	53	53	0.00	0.00	167.56	37.47	0.00	0.00
451	16.72	2696	2500	0.38	7687	0	4	2726	0.00	83.29	83.28	0.00	54	54	0.00	0.00	167.54	37.51	0.00	0.00
451	16.72	2696	2500	0.38	7506	0	0	2533	0.00	83.29	83.28	0.00	54	54	0.00	0.00	167.67	37.53	0.00	0.00
451	16.72	2696	2500	0.38	7651	0	2	2632	0.00	83.29	83.28	0.00	54	54	0.00	0.00	167.54	37.51	0.00	0.00
451	16.72	2696	2500	0.38	7786	0	0	2725	0.00	83.29	83.28	0.00	54	54	0.00	0.00	167.69	37.39	0.00	0.00
451	16.71	2696	2500	0.38	7600	0	0	2594	0.00	83.29	83.29	0.00	54	54	0.00	0.00	167.51	37.32	0.00	0.00
451	16.72	2696	2500	0.38	7646	0	2	2647	0.00	83.29	83.28	0.00	54	54	0.00	0.00	167.52	37.50	0.00	0.00
451	16.72	2696	2500	0.38	7470	0	2	2515	0.00	83.29	83.28	0.00	53	53	0.00	0.00	167.67	37.44	0.00	0.00
442	16.50	2696	2484	0.38	7313	0	2	2368	0.00	82.96	83.50	0.00	54	54	0.00	0.00	164.69	36.78	0.00	0.00
447	16.63	2696	2494	0.38	7704	0	4	2629	0.00	83.16	83.37	0.00	54	54	0.00	0.00	164.84	36.74	0.00	0.00
449	16.65	2694	2500	0.38	7870	0	3	2624	0.00	83.34	83.35	0.00	54	54	0.00	0.00	167.07	37.29	0.00	0.00
451	16.71	2696	2500	0.38	7921	0	2	2642	0.00	83.29	83.29	0.00	54	54	0.00	0.00	167.70	37.37	0.00	0.00
451	16.71	2696	2500	0.38	7690	0	1	2435	0.00	83.29	83.29	0.00	54	54	0.00	0.00	167.88	37.39	0.00	0.00
451	16.71	2696	2500	0.38	7958	0	4	2687	0.00	83.29	83.29	0.00	54	54	0.00	0.00	167.65	37.37	0.00	0.00
451	16.73	2696	2501	0.38	7941	0	2	2535	0.00	83.31	83.27	0.00	54	54	0.00	0.00	167.97	37.49	0.00	0.00
451	16.72	2696	2501	0.38	7696	0	0	2568	0.00	83.31	83.28	0.00	54	54	0.00	0.00	168.02	37.38	0.00	0.00
450	16.69	2696	2498	0.38	7751	0	0	2423	0.00	83.26	83.31	0.00	54	54	0.00	0.00	167.50	37.23	0.00	0.00
451	16.73	2696	2501	0.38	7744	0	0	2465	0.00	83.31	83.27	0.00	54	54	0.00	0.00	168.55	37.48	0.00	0.00
450	16.70	2694	2501	0.38	7836	0	2	2527	0.00	83.34	83.30	0.00	54	54	0.00	0.00	167.77	37.31	0.00	0.00
448	16.64	2694	2498	0.38	7954	0	6	2722	0.00	83.30	83.36	0.00	54	54	0.00	0.00	167.18	37.21	0.00	0.00
452	16.74	2696	2502	0.38	8192	0	4	2882	0.00	83.32	83.26	0.00	54	54	0.00	0.00	167.99	37.51	0.00	0.00
452	16.76	2696	2503	0.38	7684	0	5	2469	0.00	83.36	83.24	0.00	54	54	0.00	0.00	168.01	37.53	0.00	0.00
449	16.67	2694	2499	0.38	7734	0	0	2649	0.00	83.30	83.33	0.00	54	54	0.00	0.00	167.63	37.43	0.00	0.00
447	16.63	2695	2496	0.38	8334	0	2	2432	0.00	83.25	83.37	0.00	54	54	0.00	0.00	166.46	37.20	0.00	0.00
451	16.71	2696	2500	0.38	7845	0	2	2580	0.00	83.29	83.29	0.00	54	54	0.00	0.00	167.73	37.44	0.00	0.00
453	16.78	2696	2505	0.38	7864	0	2	2578	0.00	83.40	83.22	0.00	55	55	0.00	0.00	168.41	37.63	0.00	0.00
448	16.64	2696	2495	0.38	7886	0	2	2639	0.00	83.20	83.36	0.00	54	54	0.00	0.00	166.71	37.11	0.00	0.00
451	16.72	2696	2500	0.38	7823	0	0	2568	0.00	83.29	83.28	0.00	55	55	0.00	0.00	167.60	37.34	0.00	0.00
451	16.71	2696	2500	0.38	7708	0	2	2527	0.00	83.30	83.29	0.00	55	55	0.00	0.00	167.60	37.42	0.00	0.00
451	16.71	2696	2500	0.38	7849	0	2	2505	0.00	83.28	83.29	0.00	55	55	0.00	0.00	167.63	37.43	0.00	0.00
451	16.71	2696	2500	0.38	7731	0	2	2535	0.00	83.30	83.29	0.00	54	54	0.00	0.00	167.88	37.38	0.00	0.00
451	16.71	2696	2500	0.38	7728	0	3	2447	0.00	83.29	83.29	0.00	54	54	0.00	0.00	167.73	37.35	0.00	0.00
451	16.71	2696	2500	0.38	7639	0	0	2399	0.00	83.30	83.29	0.00	54	54	0.00	0.00	167.84	37.39	0.00	0.00
451	16.71	2696	2500	0.38	7825	0	0	2505	0.00	83.29	83.29	0.00	54	54	0.00	0.00	167.68	37.41	0.00	0.00
451	16.72	2696	2500	0.38	7880	0	2	2527	0.00	83.29	83.28	0.00	55	55	0.00	0.00	168.19	37.54	0.00	0.00
448	16.64	2693	2500	0.38	7966	0	4	2690	0.00	83.35	83.36	0.00	54	54	0.00	0.00	166.83	37.23	0.00	0.00
451	16.72	2696	2500	0.38	7625	0	2	2417	0.00	83.29	83.28	0.00	54	54	0.00	0.00	167.77	37.33	0.00	0.00
451	16.74	2694	2500	0.38	8139	0	2	2753	0.00	83.25	83.26	0.00	54	54	0.00	0.00	167.78	37.25	0.00	0.00
451	16.71	2696	2500	0.38	7725	0	4	2505	0.00	83.31	83.29	0.00	55	55	0.00	0.00	167.79	37.24	0.00	0.00
452	16.74	2696	2502	0.38	7808	0	0	2519	0.00	83.33	83.26	0.00	54	54	0.00	0.00	168.03	37.51	0.00	0.00
450	16.69	2696	2498	0.38	7704	0	0	2403	0.00	83.25	83.31	0.00	55	55	0.00	0.00	167.32	37.19	0.00	0.00
451	16.71	2696	2500	0.38	7862	0	2	2511	0.00	83.29	83.29	0.00	55	55	0.00	0.00	167.93	37.46	0.00	0.00
449	16.67	2694	2500	0.38	7834	0	4	2567	0.00	83.35	83.33	0.00	55	55	0.00	0.00	167.29	37.20	0.00	0.00
451	16.72	2696	2500	0.38	7696	0	0	2554	0.00	83.30	83.28	0.00	55	55	0.00	0.00	168.02	37.44	0.00	0.00
449	16.66	2695	2499	0.38	7712	0	0	2426	0.00	83.33	83.34	0.00	55	55	0.00	0.00	167.00	37.25	0.00	0.00
451	16.72	2696	2500	0.38	7852	0	6	2556	0.00	83.29	83.28	0.00	55	55	0.00	0.00	167.58	37.41	0.00	0.00
451	16.72	2696	2500	0.38	7872	0	4	2587	0.00	83.30	83.28	0.00	55	55	0.00	0.00	168.19	37.47	0.00	0.00
449	16.68	2695	2500	0.38	7708	0	1	2521	0.00	83.32	83.32	0.00	55	55	0.00	0.00	167.37	37.30	0.00	0.00
451	16.72	2696	2500	0.38	8208	0	4	2905	0.00	83.28	83.28	0.00	55	55	0.00	0.00	167.80	37.44	0.00	0.00
451	16.71	2696	2500	0.38	7647	0	2	2491	0.00	83.30	83.29	0.00	55	55	0.00	0.00	167.70	37.44	0.00	0.00
451	16.71	2696	2500	0.38	7851	0	4	2667	0.00	83.29	83.29	0.00	55	55	0.00	0.00	167.45	37.43	0.00	0.00
452	16.74	2696	2502	0.38	7707	0	0	2484	0.00	83.34	83.26	0.00	55	55	0.00	0.00	168.36	37.57	0.00	0.00
448	16.65	2694	2499	0.38	8047	0	0	2802	0.00	83.31	83.35	0.00	55	55	0.00	0.00	166.75	37.12	0.00	0.00
450	16.70	2696	2499	0.38	8070	0	0	2722	0.00	83.27	83.30	0.00	55	55	0.00	0.00	167.51	37.37	0.00	0.00
451	16.72	2696	2500	0.38	7721	0	2	2409	0.00	83.29	83.28	0.00	55	55	0.00	0.00	167.43	37.32	0.00	0.00
452	16.75	2696	2503	0.38	8020	0	0	2683	0.00	83.35	83.25	0.00	55	55	0.00	0.00	168.02	37.50	0.00	0.00
449	16.67	2696	2497	0.38	7797	0	2	2587	0.00	83.24	83.33	0.00	55	55	0.00	0.00	167.47	37.27	0.00	0.00
452	16.74	2696	2502	0.38	7614	0	2	2394	0.00	83.34	83.26	0.00	55	55	0.00	0.00	168.02	37.52	0.00	0.00
448	16.63	2696	2498	0.38	7608	0	2	2446	0.00	83.30	83.37	0.00	55	55	0.00	0.00	166.83	37.26	0.00	0.00
451	16.71	2696	2500	0.38	7549	0	3	2321	0.00	83.30	83.29	0.00	55	55	0.00	0.00	167.75	37.44	0.00	0.00
451	16.71	2696	2500	0.38	8484	0	3	2461	0.00	83.29	83.29	0.00	55	55	0.00	0.00	167.74	37.45	0.00	0.00
452	16.76	2696	2503	0.38	7992	0	2	2858	0.00	83.34	83.24	0.00	55	55	0.00	0.00	167.81	37.56	0.00	0.00
449	16.67	2696	2497	0.38	7720	0	0	2590	0.00	83.24	83.33	0.00	55	55	0.00	0.00	167.06	37.27	0.00	0.00
451	16.71	2696	2500	0.38	7853	0	2	2590	0.00	83.29	83.29	0.00	55	55	0.00	0.00	167.52	37.34	0.00	0.00
451	16.72	2696	2500	0.38	8050	0	0	2739	0.00	83.28	83.28	0.00	55	55	0.00	0.00	167.62	37.43	0.00	0.00
451	16.73	2694	2500	0.38	5788	0	0	2465	0.00	83.28	83.27	0.00	55	55	0.00	0.00	167.67	37.46	0.00	0.00
