Avg_MHz	Busy%	Bzy_MHz	TSC_MHz	IPC	IRQ	SMI	POLL	C1	POLL%	C1%	CPU%c1	CPU%c6	CoreTmp	PkgTmp	Pkg%pc2	Pkg%pc6	PkgWatt	RAMWatt	PKG_%	RAM_%
459	16.70	2743	2503	0.75	7290	0	0	2890	0.00	83.35	83.30	0.00	53	53	0.00	0.00	175.78	39.58	0.00	0.00
458	16.69	2743	2500	0.75	6824	0	0	2708	0.00	83.28	83.31	0.00	52	52	0.00	0.00	175.79	39.55	0.00	0.00
458	16.68	2747	2500	0.74	6762	0	2	2605	0.00	83.28	83.32	0.00	53	53	0.00	0.00	175.38	39.37	0.00	0.00
458	16.69	2742	2500	0.75	7029	0	0	2887	0.00	83.28	83.31	0.00	53	53	0.00	0.00	176.16	39.65	0.00	0.00
458	16.68	2745	2500	0.74	8959	0	0	2540	0.00	83.28	83.32	0.00	53	53	0.00	0.00	175.59	39.37	0.00	0.00
458	16.67	2748	2500	0.74	6655	0	3	2454	0.00	83.29	83.33	0.00	53	53	0.00	0.00	175.56	39.27	0.00	0.00
458	16.68	2747	2500	0.74	6822	0	0	2644	0.00	83.28	83.32	0.00	53	53	0.00	0.00	175.74	39.32	0.00	0.00
458	16.69	2746	2500	0.74	6739	0	0	2483	0.00	83.28	83.31	0.00	53	53	0.00	0.00	175.82	39.38	0.00	0.00
458	16.69	2745	2500	0.74	7047	0	6	2836	0.00	83.27	83.31	0.00	53	53	0.00	0.00	176.14	39.44	0.00	0.00
459	16.69	2750	2500	0.74	7191	0	0	2902	0.00	83.27	83.31	0.00	53	53	0.00	0.00	175.49	39.17	0.00	0.00
458	16.69	2746	2500	0.74	8930	0	0	2792	0.00	83.28	83.31	0.00	53	53	0.00	0.00	176.03	39.29	0.00	0.00
458	16.68	2747	2500	0.74	7062	0	0	2864	0.00	83.28	83.32	0.00	53	53	0.00	0.00	175.81	39.24	0.00	0.00
458	16.68	2748	2500	0.74	6876	0	0	2638	0.00	83.28	83.32	0.00	53	53	0.00	0.00	176.01	39.36	0.00	0.00
458	16.68	2743	2500	0.75	6641	0	0	2474	0.00	83.28	83.32	0.00	54	54	0.00	0.00	176.29	39.58	0.00	0.00
458	16.68	2744	2500	0.75	6481	0	0	2282	0.00	83.28	83.32	0.00	53	53	0.00	0.00	176.01	39.42	0.00	0.00
457	16.68	2741	2500	0.75	6636	0	2	2555	0.00	83.28	83.32	0.00	54	54	0.00	0.00	176.18	39.58	0.00	0.00
458	16.68	2748	2500	0.74	6598	0	0	2468	0.00	83.28	83.32	0.00	54	54	0.00	0.00	175.91	39.31	0.00	0.00
458	16.69	2743	2500	0.75	6966	0	0	2773	0.00	83.27	83.31	0.00	54	54	0.00	0.00	176.09	39.51	0.00	0.00
458	16.69	2743	2500	0.74	6975	0	2	2807	0.00	83.28	83.31	0.00	53	53	0.00	0.00	175.97	39.49	0.00	0.00
458	16.68	2744	2500	0.75	6751	0	4	2540	0.00	83.28	83.32	0.00	54	54	0.00	0.00	175.85	39.47	0.00	0.00
458	16.68	2742	2500	0.75	6761	0	0	2634	0.00	83.28	83.32	0.00	54	54	0.00	0.00	176.02	39.51	0.00	0.00
458	16.68	2744	2500	0.75	6703	0	0	2601	0.00	83.28	83.32	0.00	54	54	0.00	0.00	175.77	39.47	0.00	0.00
458	16.69	2743	2500	0.75	7193	0	0	3008	0.00	83.28	83.31	0.00	54	54	0.00	0.00	175.76	39.47	0.00	0.00
458	16.68	2746	2500	0.74	6622	0	1	2531	0.00	83.28	83.32	0.00	54	54	0.00	0.00	175.48	39.35	0.00	0.00
457	16.68	2742	2500	0.75	6495	0	2	2304	0.00	83.28	83.32	0.00	55	55	0.00	0.00	175.92	39.55	0.00	0.00
458	16.68	2743	2500	0.75	6659	0	0	2509	0.00	83.27	83.32	0.00	55	55	0.00	0.00	175.76	39.54	0.00	0.00
458	16.69	2745	2500	0.74	6989	0	0	2830	0.00	83.29	83.31	0.00	54	54	0.00	0.00	175.92	39.51	0.00	0.00
458	16.69	2743	2500	0.75	8698	0	0	2723	0.00	83.27	83.31	0.00	55	55	0.00	0.00	175.80	39.59	0.00	0.00
458	16.68	2744	2500	0.75	6726	0	0	2589	0.00	83.28	83.32	0.00	54	54	0.00	0.00	176.30	39.53	0.00	0.00
458	16.69	2743	2500	0.74	6901	0	0	2767	0.00	83.26	83.31	0.00	55	55	0.00	0.00	176.06	39.52	0.00	0.00
459	16.68	2749	2500	0.74	6566	0	0	2308	0.00	83.29	83.32	0.00	55	55	0.00	0.00	175.90	39.34	0.00	0.00
458	16.69	2744	2500	0.75	6970	0	0	2789	0.00	83.28	83.31	0.00	55	55	0.00	0.00	175.63	39.47	0.00	0.00
458	16.69	2744	2500	0.74	6928	0	39	2654	0.00	83.27	83.31	0.00	55	55	0.00	0.00	175.64	39.42	0.00	0.00
458	16.68	2746	2500	0.74	7110	0	0	2889	0.00	83.28	83.32	0.00	55	55	0.00	0.00	175.58	39.32	0.00	0.00
458	16.69	2744	2500	0.74	6774	0	4	2594	0.00	83.28	83.31	0.00	55	55	0.00	0.00	175.46	39.41	0.00	0.00
458	16.68	2745	2500	0.75	6428	0	4	2226	0.00	83.28	83.32	0.00	55	55	0.00	0.00	175.70	39.53	0.00	0.00
458	16.68	2745	2500	0.74	6789	0	0	2624	0.00	83.28	83.32	0.00	55	55	0.00	0.00	175.69	39.46	0.00	0.00
458	16.68	2747	2500	0.74	8310	0	4	2289	0.00	83.27	83.32	0.00	55	55	0.00	0.00	175.34	39.40	0.00	0.00
458	16.68	2746	2500	0.74	6661	0	0	2419	0.00	83.29	83.32	0.00	55	55	0.00	0.00	175.55	39.43	0.00	0.00
458	16.68	2745	2499	0.74	6534	0	0	2328	0.00	83.26	83.32	0.00	55	55	0.00	0.00	175.66	39.48	0.00	0.00
459	16.68	2748	2501	0.74	6513	0	4	2305	0.00	83.30	83.32	0.00	55	55	0.00	0.00	175.50	39.39	0.00	0.00
458	16.68	2745	2500	0.74	6478	0	0	2343	0.00	83.28	83.32	0.00	55	55	0.00	0.00	175.49	39.49	0.00	0.00
458	16.69	2745	2500	0.75	6982	0	0	2810	0.00	83.29	83.31	0.00	55	55	0.00	0.00	175.47	39.44	0.00	0.00
458	16.68	2744	2500	0.75	6717	0	0	2515	0.00	83.27	83.32	0.00	55	55	0.00	0.00	175.97	39.54	0.00	0.00
458	16.68	2748	2500	0.74	6732	0	0	2534	0.00	83.28	83.32	0.00	55	55	0.00	0.00	175.57	39.21	0.00	0.00
458	16.68	2743	2500	0.75	6704	0	2	2580	0.00	83.28	83.32	0.00	56	56	0.00	0.00	175.81	39.40	0.00	0.00
458	16.68	2746	2500	0.74	6766	0	0	2543	0.00	83.28	83.32	0.00	56	56	0.00	0.00	175.57	39.22	0.00	0.00
458	16.69	2744	2500	0.74	8787	0	2	2786	0.00	83.26	83.31	0.00	56	56	0.00	0.00	175.76	39.30	0.00	0.00
458	16.68	2745	2500	0.74	6811	0	0	2520	0.00	83.29	83.32	0.00	55	55	0.00	0.00	175.81	39.33	0.00	0.00
458	16.68	2744	2500	0.75	6554	0	2	2378	0.00	83.28	83.32	0.00	56	56	0.00	0.00	175.83	39.44	0.00	0.00
447	16.41	2746	2480	0.74	6621	0	0	2553	0.00	82.88	83.59	0.00	56	56	0.00	0.00	169.56	37.89	0.00	0.00
457	16.64	2748	2498	0.74	6572	0	2	2180	0.00	83.25	83.36	0.00	56	56	0.00	0.00	175.12	39.10	0.00	0.00
457	16.68	2743	2500	0.75	6637	0	2	2230	0.00	83.29	83.32	0.00	56	56	0.00	0.00	176.09	39.50	0.00	0.00
458	16.68	2745	2500	0.75	7019	0	1	2618	0.00	83.28	83.32	0.00	56	56	0.00	0.00	176.00	39.39	0.00	0.00
458	16.68	2747	2500	0.74	6863	0	0	2431	0.00	83.29	83.32	0.00	56	56	0.00	0.00	175.88	39.39	0.00	0.00
457	16.68	2741	2500	0.75	6839	0	0	2492	0.00	83.28	83.32	0.00	56	56	0.00	0.00	176.09	39.66	0.00	0.00
458	16.68	2743	2500	0.75	6894	0	2	2450	0.00	83.28	83.32	0.00	56	56	0.00	0.00	176.00	39.59	0.00	0.00
458	16.68	2745	2500	0.74	6991	0	0	2569	0.00	83.28	83.32	0.00	56	56	0.00	0.00	175.99	39.50	0.00	0.00
458	16.68	2743	2500	0.75	6783	0	8	2376	0.00	83.28	83.32	0.00	56	56	0.00	0.00	176.02	39.62	0.00	0.00
457	16.68	2742	2500	0.75	6983	0	4	2660	0.00	83.27	83.32	0.00	56	56	0.00	0.00	176.23	39.56	0.00	0.00
458	16.68	2744	2500	0.74	6668	0	0	2301	0.00	83.29	83.32	0.00	56	56	0.00	0.00	176.04	39.53	0.00	0.00
459	16.70	2743	2502	0.75	7068	0	0	2672	0.00	83.32	83.30	0.00	56	56	0.00	0.00	176.91	39.76	0.00	0.00
457	16.65	2744	2498	0.75	6836	0	0	2425	0.00	83.25	83.35	0.00	56	56	0.00	0.00	174.83	39.26	0.00	0.00
457	16.68	2742	2500	0.75	6864	0	0	2513	0.00	83.28	83.32	0.00	57	57	0.00	0.00	176.18	39.54	0.00	0.00
458	16.68	2747	2500	0.74	6710	0	5	2311	0.00	83.28	83.32	0.00	57	57	0.00	0.00	175.80	39.40	0.00	0.00
457	16.68	2742	2500	0.75	6983	0	1	2619	0.00	83.28	83.32	0.00	57	57	0.00	0.00	176.01	39.61	0.00	0.00
458	16.68	2745	2500	0.74	6741	0	2	2395	0.00	83.28	83.32	0.00	57	57	0.00	0.00	175.91	39.45	0.00	0.00
458	16.68	2745	2500	0.74	6767	0	0	2323	0.00	83.28	83.32	0.00	57	57	0.00	0.00	175.89	39.48	0.00	0.00
457	16.68	2742	2500	0.75	6798	0	2	2391	0.00	83.28	83.32	0.00	56	56	0.00	0.00	176.27	39.65	0.00	0.00
458	16.68	2743	2500	0.75	6909	0	0	2549	0.00	83.28	83.32	0.00	56	56	0.00	0.00	176.16	39.61	0.00	0.00
458	16.71	2742	2499	0.75	7078	0	1	2551	0.00	83.21	83.29	0.00	57	57	0.00	0.00	176.23	39.61	0.00	0.00
458	16.68	2744	2501	0.74	7009	0	0	2597	0.00	83.32	83.32	0.00	57	57	0.00	0.00	176.47	39.47	0.00	0.00
457	16.68	2742	2500	0.75	6662	0	0	2278	0.00	83.29	83.32	0.00	57	57	0.00	0.00	176.53	39.61	0.00	0.00
458	16.68	2744	2500	0.74	6924	0	2	2613	0.00	83.27	83.32	0.00	57	57	0.00	0.00	176.43	39.56	0.00	0.00
458	16.68	2743	2500	0.75	6813	0	0	2355	0.00	83.29	83.32	0.00	57	57	0.00	0.00	176.21	39.55	0.00	0.00
458	16.68	2743	2500	0.75	6688	0	2	2314	0.00	83.28	83.32	0.00	57	57	0.00	0.00	176.24	39.63	0.00	0.00
458	16.68	2743	2500	0.75	6730	0	0	2365	0.00	83.29	83.32	0.00	57	57	0.00	0.00	176.07	39.61	0.00	0.00
458	16.69	2745	2500	0.74	6959	0	2	2515	0.00	83.25	83.31	0.00	57	57	0.00	0.00	175.85	39.36	0.00	0.00
457	16.68	2742	2500	0.75	6621	0	0	2231	0.00	83.29	83.32	0.00	57	57	0.00	0.00	176.52	39.70	0.00	0.00
458	16.68	2744	2500	0.74	6942	0	0	2617	0.00	83.28	83.32	0.00	57	57	0.00	0.00	176.30	39.54	0.00	0.00
458	16.68	2744	2500	0.75	8578	0	2	2381	0.00	83.28	83.32	0.00	57	57	0.00	0.00	176.24	39.47	0.00	0.00
458	16.68	2744	2500	0.74	6940	0	0	2543	0.00	83.28	83.32	0.00	57	57	0.00	0.00	176.00	39.41	0.00	0.00
457	16.68	2743	2500	0.75	6645	0	0	2256	0.00	83.28	83.32	0.00	57	57	0.00	0.00	176.24	39.50	0.00	0.00
458	16.68	2745	2500	0.74	7004	0	2	2648	0.00	83.28	83.32	0.00	57	57	0.00	0.00	176.09	39.45	0.00	0.00
458	16.69	2745	2500	0.74	6892	0	0	2408	0.00	83.27	83.31	0.00	57	57	0.00	0.00	176.02	39.52	0.00	0.00
457	16.68	2742	2500	0.75	7055	0	0	2688	0.00	83.27	83.32	0.00	57	57	0.00	0.00	176.25	39.56	0.00	0.00
458	16.68	2743	2500	0.75	6860	0	2	2504	0.00	83.28	83.32	0.00	57	57	0.00	0.00	176.21	39.64	0.00	0.00
458	16.68	2747	2500	0.74	7136	0	0	2771	0.00	83.29	83.32	0.00	57	57	0.00	0.00	175.82	39.30	0.00	0.00
457	16.67	2742	2500	0.75	6473	0	0	2116	0.00	83.28	83.33	0.00	57	57	0.00	0.00	176.21	39.54	0.00	0.00
458	16.67	2744	2500	0.75	6541	0	0	2209	0.00	83.29	83.33	0.00	57	57	0.00	0.00	176.08	39.51	0.00	0.00
458	16.68	2746	2500	0.74	6738	0	2	2355	0.00	83.27	83.32	0.00	57	57	0.00	0.00	176.23	39.41	0.00	0.00
462	16.80	2742	2508	0.75	7019	0	0	2662	0.00	83.44	83.20	0.00	58	58	0.00	0.00	178.06	39.91	0.00	0.00
448	16.38	2746	2492	0.73	6283	0	2	2148	0.00	83.31	83.62	0.00	57	57	0.00	0.00	173.42	38.69	0.00	0.00
458	16.68	2744	2500	0.75	6749	0	0	2450	0.00	83.28	83.32	0.00	58	58	0.00	0.00	176.09	39.55	0.00	0.00
459	16.73	2742	2502	0.75	6812	0	6	2257	0.00	83.30	83.27	0.00	57	57	0.00	0.00	176.68	39.60	0.00	0.00
456	16.65	2742	2498	0.75	6929	0	2	2619	0.00	83.24	83.35	0.00	57	57	0.00	0.00	175.92	39.60	0.00	0.00
458	16.68	2744	2500	0.74	6862	0	0	2484	0.00	83.28	83.32	0.00	57	57	0.00	0.00	176.26	39.57	0.00	0.00
458	16.68	2744	2500	0.75	7022	0	2	2648	0.00	83.28	83.32	0.00	57	57	0.00	0.00	176.23	39.52	0.00	0.00
458	16.68	2743	2500	0.75	6969	0	0	2589	0.00	83.28	83.32	0.00	57	57	0.00	0.00	176.00	39.59	0.00	0.00
457	16.68	2743	2500	0.75	6964	0	0	2580	0.00	83.28	83.32	0.00	58	58	0.00	0.00	176.01	39.57	0.00	0.00
458	16.68	2746	2500	0.74	6817	0	0	2386	0.00	83.27	83.32	0.00	58	58	0.00	0.00	176.05	39.43	0.00	0.00
457	16.68	2742	2500	0.75	6695	0	2	2322	0.00	83.29	83.32	0.00	57	57	0.00	0.00	176.28	39.70	0.00	0.00
458	16.68	2744	2500	0.74	6848	0	0	2491	0.00	83.29	83.32	0.00	58	58	0.00	0.00	176.37	39.56	0.00	0.00
458	16.68	2744	2500	0.75	6938	0	0	2549	0.00	83.28	83.32	0.00	58	58	0.00	0.00	176.40	39.65	0.00	0.00
458	16.72	2739	2500	0.75	4362	0	0	2201	0.00	83.25	83.28	0.00	57	57	0.00	0.00	176.39	39.65	0.00	0.00
