Avg_MHz	Busy%	Bzy_MHz	TSC_MHz	IPC	IRQ	SMI	POLL	C1	POLL%	C1%	CPU%c1	CPU%c6	CoreTmp	PkgTmp	Pkg%pc2	Pkg%pc6	PkgWatt	RAMWatt	PKG_%	RAM_%
29	1.09	2638	2503	1.16	2171	0	0	1958	0.00	99.02	98.91	0.00	52	52	0.00	0.00	115.73	24.83	0.00	0.00
29	1.09	2641	2500	1.17	2093	0	0	1955	0.00	98.92	98.91	0.00	52	52	0.00	0.00	115.46	24.76	0.00	0.00
29	1.09	2634	2500	1.17	2095	0	1	1955	0.00	98.91	98.91	0.00	52	52	0.00	0.00	115.41	24.72	0.00	0.00
29	1.09	2641	2500	1.16	2126	0	0	1973	0.00	98.93	98.91	0.00	52	52	0.00	0.00	115.66	24.75	0.00	0.00
29	1.10	2628	2500	1.18	2045	0	0	1884	0.00	98.90	98.90	0.00	52	52	0.00	0.00	115.37	24.72	0.00	0.00
29	1.08	2643	2500	1.19	2052	0	0	1914	0.00	98.92	98.92	0.00	52	52	0.00	0.00	115.52	24.83	0.00	0.00
29	1.09	2641	2500	1.18	2096	0	0	1924	0.00	98.92	98.91	0.00	52	52	0.00	0.00	115.38	24.76	0.00	0.00
29	1.09	2638	2500	1.18	2152	0	0	2037	0.00	98.91	98.91	0.00	52	52	0.00	0.00	115.54	24.76	0.00	0.00
29	1.09	2634	2500	1.19	2037	0	0	1918	0.00	98.91	98.91	0.00	52	52	0.00	0.00	115.34	24.76	0.00	0.00
29	1.08	2642	2500	1.19	2042	0	0	1886	0.00	98.93	98.92	0.00	52	52	0.00	0.00	115.55	24.85	0.00	0.00
29	1.09	2639	2500	1.18	2158	0	0	1999	0.00	98.92	98.91	0.00	52	52	0.00	0.00	115.44	24.78	0.00	0.00
29	1.09	2628	2500	1.19	2034	0	0	2000	0.00	98.89	98.91	0.00	52	52	0.00	0.00	115.52	24.82	0.00	0.00
29	1.09	2642	2500	1.20	2029	0	0	1877	0.00	98.93	98.91	0.00	52	52	0.00	0.00	115.63	24.85	0.00	0.00
29	1.08	2643	2500	1.19	2009	0	0	1856	0.00	98.92	98.92	0.00	52	52	0.00	0.00	115.51	24.88	0.00	0.00
29	1.09	2634	2500	1.20	2026	0	0	1884	0.00	98.91	98.91	0.00	52	52	0.00	0.00	115.40	24.86	0.00	0.00
29	1.08	2642	2500	1.21	2059	0	0	1920	0.00	98.92	98.92	0.00	52	52	0.00	0.00	115.49	24.88	0.00	0.00
29	1.09	2637	2500	1.20	2016	0	0	1881	0.00	98.91	98.91	0.00	51	51	0.00	0.00	115.31	24.80	0.00	0.00
29	1.08	2645	2500	1.20	1922	0	0	1780	0.00	98.93	98.92	0.00	52	52	0.00	0.00	115.43	24.83	0.00	0.00
29	1.11	2602	2499	1.19	2099	0	0	1920	0.00	98.86	98.89	0.00	51	51	0.00	0.00	115.44	24.80	0.00	0.00
29	1.08	2643	2501	1.20	1951	0	0	1792	0.00	98.95	98.92	0.00	52	52	0.00	0.00	115.62	24.83	0.00	0.00
29	1.08	2641	2500	1.21	1971	0	0	1818	0.00	98.92	98.92	0.00	52	52	0.00	0.00	115.74	24.94	0.00	0.00
29	1.09	2642	2500	1.21	2076	0	0	1919	0.00	98.92	98.91	0.00	52	52	0.00	0.00	115.66	24.99	0.00	0.00
29	1.08	2642	2500	1.21	1963	0	0	1805	0.00	98.92	98.92	0.00	51	51	0.00	0.00	115.84	25.01	0.00	0.00
29	1.08	2642	2500	1.21	2120	0	0	1966	0.00	98.91	98.92	0.00	52	52	0.00	0.00	115.72	24.92	0.00	0.00
29	1.09	2633	2500	1.21	2049	0	1	1899	0.00	98.92	98.91	0.00	52	52	0.00	0.00	115.53	24.94	0.00	0.00
29	1.08	2643	2500	1.21	2061	0	0	1904	0.00	98.92	98.92	0.00	52	52	0.00	0.00	115.49	24.91	0.00	0.00
29	1.10	2622	2500	1.21	2173	0	1	1982	0.00	98.89	98.90	0.00	51	51	0.00	0.00	115.57	24.98	0.00	0.00
29	1.09	2641	2500	1.21	1978	0	0	1825	0.00	98.92	98.91	0.00	51	51	0.00	0.00	115.58	24.96	0.00	0.00
29	1.09	2638	2500	1.21	2121	0	2	1964	0.00	98.92	98.91	0.00	52	52	0.00	0.00	115.55	24.87	0.00	0.00
29	1.09	2641	2500	1.22	2084	0	0	1927	0.00	98.92	98.91	0.00	52	52	0.00	0.00	115.68	24.87	0.00	0.00
29	1.08	2641	2500	1.21	1981	0	0	1826	0.00	98.92	98.92	0.00	51	51	0.00	0.00	115.52	24.82	0.00	0.00
29	1.08	2641	2500	1.21	2007	0	0	1871	0.00	98.92	98.92	0.00	51	51	0.00	0.00	115.51	24.86	0.00	0.00
29	1.08	2641	2500	1.22	2028	0	0	1874	0.00	98.92	98.92	0.00	51	51	0.00	0.00	115.70	24.86	0.00	0.00
29	1.09	2640	2500	1.23	2072	0	0	1917	0.00	98.92	98.91	0.00	51	51	0.00	0.00	115.40	24.92	0.00	0.00
29	1.09	2636	2500	1.22	1889	0	2	1740	0.00	98.91	98.91	0.00	51	51	0.00	0.00	115.25	24.94	0.00	0.00
29	1.09	2641	2500	1.22	2077	0	0	1927	0.00	98.92	98.91	0.00	51	51	0.00	0.00	115.44	24.98	0.00	0.00
29	1.09	2641	2500	1.22	2004	0	0	1859	0.00	98.92	98.91	0.00	51	51	0.00	0.00	115.40	25.01	0.00	0.00
29	1.09	2641	2500	1.22	2101	0	0	1939	0.00	98.92	98.91	0.00	51	51	0.00	0.00	115.68	24.96	0.00	0.00
29	1.08	2643	2500	1.22	1897	0	0	1748	0.00	98.91	98.92	0.00	51	51	0.00	0.00	115.65	24.95	0.00	0.00
29	1.08	2643	2500	1.22	1958	0	0	1811	0.00	98.93	98.92	0.00	51	51	0.00	0.00	115.66	24.96	0.00	0.00
29	1.08	2642	2500	1.22	1988	0	0	1833	0.00	98.92	98.92	0.00	51	51	0.00	0.00	115.71	24.92	0.00	0.00
29	1.09	2638	2500	1.22	2140	0	2	1984	0.00	98.92	98.91	0.00	51	51	0.00	0.00	115.81	24.95	0.00	0.00
29	1.09	2640	2500	1.22	2025	0	0	1871	0.00	98.92	98.91	0.00	51	51	0.00	0.00	115.69	24.95	0.00	0.00
29	1.08	2642	2500	1.22	1962	0	0	1805	0.00	98.92	98.92	0.00	51	51	0.00	0.00	115.60	24.92	0.00	0.00
29	1.09	2632	2500	1.23	2028	0	2	1879	0.00	98.91	98.91	0.00	51	51	0.00	0.00	115.78	24.97	0.00	0.00
29	1.10	2615	2499	1.22	2073	0	0	1845	0.00	98.87	98.90	0.00	51	51	0.00	0.00	115.88	24.99	0.00	0.00
29	1.09	2638	2501	1.22	2103	0	0	1938	0.00	98.95	98.91	0.00	51	51	0.00	0.00	116.03	25.01	0.00	0.00
29	1.09	2640	2500	1.22	2138	0	1	1985	0.00	98.92	98.91	0.00	50	50	0.00	0.00	115.66	24.96	0.00	0.00
29	1.09	2640	2500	1.22	2058	0	0	1916	0.00	98.92	98.91	0.00	51	51	0.00	0.00	115.41	25.00	0.00	0.00
29	1.08	2648	2500	1.23	1708	0	0	1564	0.00	98.93	98.92	0.00	51	51	0.00	0.00	115.60	25.07	0.00	0.00
29	1.09	2641	2500	1.22	2074	0	0	1921	0.00	98.92	98.91	0.00	51	51	0.00	0.00	115.91	25.04	0.00	0.00
29	1.08	2643	2500	1.23	1995	0	0	1843	0.00	98.92	98.92	0.00	51	51	0.00	0.00	115.79	25.10	0.00	0.00
29	1.09	2639	2500	1.23	2101	0	2	1947	0.00	98.92	98.91	0.00	51	51	0.00	0.00	115.91	25.11	0.00	0.00
29	1.08	2642	2500	1.22	2019	0	0	1856	0.00	98.93	98.92	0.00	51	51	0.00	0.00	115.98	25.00	0.00	0.00
29	1.09	2635	2500	1.23	1954	0	0	1806	0.00	98.91	98.91	0.00	51	51	0.00	0.00	115.79	24.98	0.00	0.00
29	1.08	2643	2500	1.24	1974	0	0	1836	0.00	98.92	98.92	0.00	51	51	0.00	0.00	115.67	25.09	0.00	0.00
29	1.09	2639	2500	1.23	2016	0	0	1865	0.00	98.92	98.91	0.00	51	51	0.00	0.00	115.42	25.04	0.00	0.00
29	1.08	2642	2500	1.22	2063	0	0	1913	0.00	98.92	98.92	0.00	51	51	0.00	0.00	115.70	25.05	0.00	0.00
29	1.08	2641	2500	1.23	2041	0	0	1887	0.00	98.91	98.92	0.00	50	50	0.00	0.00	115.48	24.98	0.00	0.00
29	1.08	2642	2500	1.23	2035	0	0	1882	0.00	98.92	98.92	0.00	50	50	0.00	0.00	115.74	25.02	0.00	0.00
29	1.08	2642	2500	1.22	1947	0	0	1792	0.00	98.92	98.92	0.00	50	50	0.00	0.00	115.46	25.05	0.00	0.00
30	1.16	2555	2499	1.21	2126	0	2	1957	0.00	98.81	98.84	0.00	51	51	0.00	0.00	115.61	25.03	0.00	0.00
29	1.08	2644	2501	1.23	1721	0	0	1575	0.00	98.96	98.92	0.00	50	50	0.00	0.00	115.95	25.05	0.00	0.00
29	1.09	2634	2500	1.24	1989	0	0	1842	0.00	98.91	98.91	0.00	51	51	0.00	0.00	115.64	25.10	0.00	0.00
29	1.09	2636	2500	1.23	1963	0	0	1810	0.00	98.92	98.91	0.00	50	50	0.00	0.00	115.42	24.99	0.00	0.00
29	1.08	2642	2500	1.23	2006	0	0	1843	0.00	98.93	98.92	0.00	50	50	0.00	0.00	115.60	25.13	0.00	0.00
29	1.08	2642	2500	1.24	1959	0	0	1810	0.00	98.92	98.92	0.00	50	50	0.00	0.00	115.52	25.16	0.00	0.00
29	1.08	2643	2500	1.23	1903	0	0	1754	0.00	98.92	98.92	0.00	50	50	0.00	0.00	115.34	25.15	0.00	0.00
29	1.08	2641	2500	1.23	1938	0	0	1783	0.00	98.92	98.92	0.00	50	50	0.00	0.00	115.23	25.12	0.00	0.00
29	1.08	2642	2499	1.24	1964	0	2	1810	0.00	98.90	98.92	0.00	50	50	0.00	0.00	115.62	25.15	0.00	0.00
29	1.08	2641	2500	1.24	1930	0	0	1780	0.00	98.94	98.92	0.00	50	50	0.00	0.00	115.70	25.11	0.00	0.00
29	1.08	2643	2500	1.22	1990	0	0	1839	0.00	98.92	98.92	0.00	50	50	0.00	0.00	115.56	25.11	0.00	0.00
29	1.08	2642	2500	1.25	1916	0	0	1766	0.00	98.93	98.92	0.00	50	50	0.00	0.00	115.64	25.17	0.00	0.00
29	1.09	2640	2500	1.23	1893	0	2	1747	0.00	98.91	98.91	0.00	50	50	0.00	0.00	115.55	25.16	0.00	0.00
29	1.09	2640	2500	1.24	1991	0	1	1845	0.00	98.92	98.91	0.00	50	50	0.00	0.00	115.50	25.18	0.00	0.00
29	1.08	2641	2499	1.23	1992	0	0	1839	0.00	98.89	98.92	0.00	50	50	0.00	0.00	115.27	25.05	0.00	0.00
29	1.08	2647	2501	1.23	1789	0	0	1656	0.00	98.96	98.92	0.00	50	50	0.00	0.00	115.47	25.12	0.00	0.00
29	1.08	2642	2500	1.24	2004	0	0	1841	0.00	98.92	98.92	0.00	50	50	0.00	0.00	115.40	25.16	0.00	0.00
29	1.08	2641	2500	1.23	1967	0	2	1828	0.00	98.91	98.92	0.00	50	50	0.00	0.00	115.26	25.06	0.00	0.00
29	1.08	2642	2500	1.24	1975	0	0	1821	0.00	98.93	98.92	0.00	50	50	0.00	0.00	115.35	25.11	0.00	0.00
29	1.08	2642	2500	1.23	1933	0	0	1783	0.00	98.92	98.92	0.00	50	50	0.00	0.00	115.12	25.03	0.00	0.00
29	1.08	2643	2500	1.25	1974	0	0	1818	0.00	98.92	98.92	0.00	50	50	0.00	0.00	115.27	25.11	0.00	0.00
29	1.08	2642	2500	1.22	1953	0	0	1803	0.00	98.92	98.92	0.00	51	51	0.00	0.00	115.31	25.03	0.00	0.00
29	1.09	2635	2500	1.24	1929	0	1	1779	0.00	98.91	98.91	0.00	50	50	0.00	0.00	115.42	25.15	0.00	0.00
29	1.09	2640	2500	1.23	2022	0	0	1868	0.00	98.92	98.91	0.00	50	50	0.00	0.00	115.38	25.10	0.00	0.00
29	1.08	2643	2500	1.23	1977	0	0	1819	0.00	98.92	98.92	0.00	50	50	0.00	0.00	115.22	25.11	0.00	0.00
29	1.09	2640	2500	1.24	2007	0	0	1856	0.00	98.92	98.91	0.00	50	50	0.00	0.00	115.15	25.08	0.00	0.00
29	1.08	2644	2500	1.23	1941	0	0	1788	0.00	98.93	98.92	0.00	50	50	0.00	0.00	115.36	25.04	0.00	0.00
29	1.09	2639	2500	1.25	2081	0	0	1922	0.00	98.92	98.91	0.00	50	50	0.00	0.00	115.26	25.13	0.00	0.00
29	1.08	2642	2500	1.23	2064	0	0	1915	0.00	98.92	98.92	0.00	50	50	0.00	0.00	115.22	25.02	0.00	0.00
29	1.08	2642	2500	1.25	1920	0	0	1767	0.00	98.91	98.92	0.00	50	50	0.00	0.00	115.11	25.12	0.00	0.00
29	1.08	2642	2500	1.22	1940	0	0	1795	0.00	98.92	98.92	0.00	50	50	0.00	0.00	115.08	25.09	0.00	0.00
29	1.09	2641	2500	1.24	2015	0	0	1855	0.00	98.93	98.91	0.00	50	50	0.00	0.00	115.17	25.06	0.00	0.00
29	1.09	2636	2500	1.24	1883	0	0	1728	0.00	98.90	98.91	0.00	50	50	0.00	0.00	115.19	25.05	0.00	0.00
29	1.09	2635	2500	1.23	2210	0	0	1958	0.00	98.92	98.91	0.00	50	50	0.00	0.00	115.46	25.01	0.00	0.00
29	1.08	2642	2500	1.24	2055	0	0	1906	0.00	98.92	98.92	0.00	50	50	0.00	0.00	115.44	25.12	0.00	0.00
29	1.08	2642	2500	1.24	1927	0	5	1780	0.00	98.93	98.92	0.00	50	50	0.00	0.00	115.55	25.06	0.00	0.00
29	1.08	2645	2500	1.25	1803	0	0	1656	0.00	98.92	98.92	0.00	50	50	0.00	0.00	115.43	25.09	0.00	0.00
29	1.08	2643	2500	1.23	1955	0	0	1799	0.00	98.92	98.92	0.00	50	50	0.00	0.00	115.25	25.07	0.00	0.00
29	1.08	2644	2500	1.24	1914	0	0	1760	0.00	98.92	98.92	0.00	50	50	0.00	0.00	114.90	25.16	0.00	0.00
29	1.09	2640	2500	1.25	2066	0	0	1913	0.00	98.93	98.91	0.00	50	50	0.00	0.00	115.25	25.19	0.00	0.00
29	1.08	2645	2500	1.22	1842	0	0	1682	0.00	98.92	98.92	0.00	50	50	0.00	0.00	115.20	25.05	0.00	0.00
29	1.09	2635	2500	1.25	2010	0	2	1887	0.00	98.91	98.91	0.00	50	50	0.00	0.00	115.24	25.08	0.00	0.00
29	1.09	2635	2500	1.23	2004	0	0	1863	0.00	98.92	98.91	0.00	50	50	0.00	0.00	115.08	25.07	0.00	0.00
29	1.09	2639	2500	1.25	2050	0	0	1898	0.00	98.93	98.91	0.00	50	50	0.00	0.00	115.55	25.11	0.00	0.00
29	1.08	2647	2500	1.23	1798	0	0	1651	0.00	98.92	98.92	0.00	50	50	0.00	0.00	115.04	25.05	0.00	0.00
31	1.29	2413	2502	1.20	1680	0	0	1726	0.00	98.81	98.71	0.00	50	50	0.00	0.00	115.24	25.03	0.00	0.00
