Avg_MHz	Busy%	Bzy_MHz	TSC_MHz	IPC	IRQ	SMI	POLL	C1	POLL%	C1%	CPU%c1	CPU%c6	CoreTmp	PkgTmp	Pkg%pc2	Pkg%pc6	PkgWatt	RAMWatt	PKG_%	RAM_%
987	35.34	2942	2373	1.40	66246	0	61	2976	0.01	61.28	64.66	0.00	57	57	0.00	0.00	204.92	28.24	0.00	0.00
1513	49.87	3044	2492	1.35	66961	0	0	1474	0.00	49.89	50.13	0.00	57	57	0.00	0.00	273.42	31.14	0.00	0.00
1521	49.97	3046	2498	1.54	15741	0	1	1628	0.00	49.93	50.03	0.00	58	58	0.00	0.00	283.33	34.43	0.00	0.00
1526	49.82	3023	2533	1.69	15731	0	1	1556	0.00	50.78	50.18	0.00	58	58	0.00	0.00	293.30	37.90	0.00	0.00
1340	43.89	2935	2601	1.39	88305	0	0	1512	0.00	58.33	56.11	0.00	57	57	0.00	0.00	286.48	44.74	0.00	0.00
574	21.68	2775	2387	0.91	40251	0	0	2035	0.00	74.75	78.32	0.00	57	56	0.00	0.00	181.17	36.49	0.00	0.00
1513	49.78	3056	2487	1.23	188713	0	1	1483	0.00	49.84	50.22	0.00	58	58	0.00	0.00	264.88	27.27	0.00	0.00
1516	49.74	3053	2496	1.89	20033	0	1	1526	0.00	50.09	50.26	0.00	58	59	0.00	0.00	272.17	28.45	0.00	0.00
1511	49.91	3033	2496	1.63	119457	0	3	1479	0.00	49.93	50.09	0.00	58	58	0.00	0.00	279.48	34.50	0.00	0.00
1519	49.88	3011	2529	1.59	162741	0	1	1496	0.00	50.63	50.12	0.00	58	59	0.00	0.00	292.20	37.64	0.00	0.00
1044	35.18	2845	2607	1.10	216817	0	270	1582	0.00	67.57	64.82	0.00	54	54	0.00	0.00	268.32	49.59	0.00	0.00
737	26.60	2909	2380	1.42	36260	0	125	2017	0.02	69.85	73.40	0.00	58	58	0.00	0.00	187.50	31.05	0.00	0.00
1536	49.95	3071	2504	1.49	140704	0	5	1416	0.00	50.06	50.05	0.00	58	59	0.00	0.00	269.94	26.63	0.00	0.00
1522	49.81	3051	2504	1.27	109149	0	57	1527	0.01	50.19	50.19	0.00	59	58	0.00	0.00	274.43	29.89	0.00	0.00
1514	49.84	3057	2485	1.69	89172	0	0	1393	0.00	49.79	50.16	0.00	59	59	0.00	0.00	272.60	29.89	0.00	0.00
1527	49.95	3033	2520	1.65	15823	0	0	1523	0.00	50.40	50.05	0.00	60	59	0.00	0.00	292.88	37.43	0.00	0.00
1535	48.95	2971	2638	1.49	15577	0	1	1714	0.00	53.83	51.05	0.00	59	60	0.00	0.00	318.12	47.71	0.00	0.00
550	20.08	2691	2545	0.65	7766	0	0	2212	0.00	81.37	79.92	0.00	58	57	0.00	0.00	217.25	48.41	0.00	0.00
1310	46.97	3003	2323	1.59	23080	0	0	1905	0.00	49.17	53.03	0.00	59	59	0.00	0.00	229.24	24.47	0.00	0.00
1526	49.86	3059	2501	1.41	15697	0	1	1453	0.00	50.09	50.14	0.00	60	60	0.00	0.00	277.23	29.42	0.00	0.00
1525	49.94	3055	2498	1.66	15647	0	39	1482	0.00	49.96	50.06	0.00	60	60	0.00	0.00	277.87	29.78	0.00	0.00
1528	49.98	3009	2541	1.65	15716	0	2	1474	0.00	50.78	50.02	0.00	60	60	0.00	0.00	304.08	41.99	0.00	0.00
1224	41.05	2889	2580	1.20	12986	0	0	1452	0.00	60.81	58.95	0.00	58	59	0.00	0.00	291.49	51.41	0.00	0.00
828	29.86	2910	2384	1.10	9339	0	6	2113	0.00	66.84	70.14	0.00	59	59	0.00	0.00	206.60	34.72	0.00	0.00
1528	49.94	3061	2499	1.45	15774	0	1	1571	0.00	49.97	50.06	0.00	60	60	0.00	0.00	277.46	29.98	0.00	0.00
1524	49.95	3069	2486	1.64	15771	0	3	1527	0.00	49.71	50.05	0.00	60	60	0.00	0.00	271.30	27.42	0.00	0.00
1530	49.74	3059	2514	1.41	15907	0	0	1521	0.00	50.47	50.26	0.00	61	61	0.00	0.00	279.40	29.95	0.00	0.00
1515	49.99	2981	2542	1.80	15833	0	2	1511	0.00	50.80	50.01	0.00	61	61	0.00	0.00	312.21	46.70	0.00	0.00
1006	33.93	2858	2593	1.18	11008	0	1	1488	0.00	68.52	66.07	0.00	56	57	0.00	0.00	276.01	52.17	0.00	0.00
1083	38.04	2996	2375	1.33	11264	0	3	2093	0.00	58.83	61.96	0.00	60	61	0.00	0.00	216.81	27.92	0.00	0.00
1528	49.96	3053	2505	1.86	30134	0	0	1400	0.00	50.07	50.04	0.00	61	61	0.00	0.00	281.59	31.59	0.00	0.00
1533	49.91	3071	2501	1.54	17262	0	0	1490	0.00	50.05	50.09	0.00	61	61	0.00	0.00	274.36	27.68	0.00	0.00
1527	49.88	3067	2495	1.35	15716	0	2	1496	0.00	49.97	50.12	0.00	61	61	0.00	0.00	275.36	28.37	0.00	0.00
1530	49.98	3012	2542	1.53	16279	0	0	1500	0.00	50.80	50.02	0.00	61	61	0.00	0.00	302.78	39.94	0.00	0.00
1186	40.18	2848	2591	1.11	28274	0	5	1599	0.00	61.98	59.82	0.00	58	58	0.00	0.00	285.57	50.75	0.00	0.00
769	27.93	2894	2378	1.06	9105	0	2	2206	0.00	68.53	72.07	0.00	60	60	0.00	0.00	198.40	32.46	0.00	0.00
1469	48.13	3052	2500	1.59	15766	0	3	1717	0.00	51.80	51.87	0.00	60	61	0.00	0.00	261.85	25.79	0.00	0.00
1522	49.83	3062	2493	1.72	55773	0	4	1465	0.00	49.95	50.17	0.00	61	61	0.00	0.00	271.49	27.43	0.00	0.00
1481	48.21	3079	2494	2.10	15398	0	2	1373	0.00	51.61	51.79	0.00	62	62	0.00	0.00	263.99	25.97	0.00	0.00
1538	49.79	3020	2558	1.69	15963	0	0	1482	0.00	51.31	50.21	0.00	62	61	0.00	0.00	298.50	36.86	0.00	0.00
1479	49.95	2953	2508	1.51	27783	0	0	1419	0.00	50.17	50.05	0.00	61	61	0.00	0.00	299.15	43.47	0.00	0.00
993	34.89	2769	2571	0.65	21595	0	3	1675	0.00	66.97	65.11	0.00	58	58	0.00	0.00	256.02	47.62	0.00	0.00
1072	37.80	2964	2393	1.21	26807	0	5	2155	0.00	59.49	62.20	0.00	61	61	0.00	0.00	225.29	31.99	0.00	0.00
1516	49.78	3058	2489	1.72	55248	0	5	1475	0.00	49.91	50.22	0.00	61	62	0.00	0.00	273.27	28.42	0.00	0.00
1540	49.89	3062	2520	1.54	52444	0	44	1599	0.00	50.42	50.11	0.00	61	61	0.00	0.00	275.78	27.44	0.00	0.00
1522	49.88	3029	2519	1.47	42945	0	0	1563	0.00	50.44	50.12	0.00	62	62	0.00	0.00	290.11	35.96	0.00	0.00
1502	49.70	2947	2564	1.52	31176	0	0	1454	0.00	51.55	50.30	0.00	62	62	0.00	0.00	312.24	45.83	0.00	0.00
689	24.61	2705	2588	0.53	8649	0	2	1882	0.00	78.04	75.39	0.00	57	57	0.00	0.00	231.11	47.34	0.00	0.00
1059	38.04	2979	2337	1.22	13730	0	0	2146	0.00	57.84	61.96	0.00	61	61	0.00	0.00	211.15	26.08	0.00	0.00
1519	49.95	3033	2507	1.59	19461	0	3	1498	0.00	50.11	50.05	0.00	62	62	0.00	0.00	285.73	33.69	0.00	0.00
1513	49.97	3042	2489	1.87	22376	0	3	1571	0.00	49.75	50.03	0.00	62	62	0.00	0.00	283.93	33.91	0.00	0.00
1533	49.86	3072	2502	1.79	16681	0	37	1508	0.00	50.14	50.14	0.00	62	62	0.00	0.00	275.83	27.79	0.00	0.00
1517	49.98	3014	2517	1.75	15708	0	0	1446	0.00	50.31	50.02	0.00	63	62	0.00	0.00	295.69	36.92	0.00	0.00
983	33.26	2812	2629	0.85	11435	0	4	1692	0.00	70.17	66.74	0.00	60	59	0.00	0.00	265.40	47.46	0.00	0.00
824	30.06	2913	2353	1.40	10822	0	6	2197	0.00	65.77	69.94	0.00	61	61	0.00	0.00	194.75	28.61	0.00	0.00
1528	49.95	3057	2503	1.52	15947	0	0	1610	0.00	50.04	50.05	0.00	63	62	0.00	0.00	279.36	29.09	0.00	0.00
1537	49.92	3067	2511	1.46	15781	0	0	1513	0.00	50.21	50.08	0.00	62	62	0.00	0.00	277.13	27.55	0.00	0.00
1532	49.97	3033	2527	1.70	15632	0	0	1461	0.00	50.51	50.03	0.00	63	62	0.00	0.00	293.61	35.75	0.00	0.00
1486	49.99	2962	2509	1.53	15523	0	0	1532	0.00	50.13	50.01	0.00	62	62	0.00	0.00	305.60	44.07	0.00	0.00
759	26.35	2748	2622	0.56	29904	0	163	1688	0.00	77.24	73.65	0.00	60	60	0.00	0.00	240.14	46.02	0.00	0.00
944	33.67	2984	2348	1.72	10131	0	41	2175	0.01	62.27	66.33	0.00	62	62	0.00	0.00	205.50	27.63	0.00	0.00
1528	49.95	3070	2491	1.33	15701	0	6	1481	0.00	49.80	50.05	0.00	63	63	0.00	0.00	272.96	26.81	0.00	0.00
1527	49.89	3053	2507	1.57	20720	0	41	1502	0.00	50.14	50.11	0.00	63	63	0.00	0.00	277.78	28.20	0.00	0.00
1525	49.94	3008	2537	1.52	15724	0	2	1511	0.00	50.74	50.06	0.00	63	63	0.00	0.00	300.17	38.67	0.00	0.00
1394	47.78	2906	2510	1.28	52100	0	73	1641	0.00	52.39	52.22	0.00	61	61	0.00	0.00	295.13	45.24	0.00	0.00
619	23.39	2688	2460	0.71	8368	0	30	2226	0.01	75.40	76.61	0.00	61	57	0.00	0.00	204.87	42.01	0.00	0.00
1510	49.79	3033	2499	1.50	15514	0	2	1369	0.00	50.08	50.21	0.00	63	63	0.00	0.00	279.62	30.88	0.00	0.00
1519	49.98	3063	2481	1.26	15774	0	0	1449	0.00	49.59	50.02	0.00	63	63	0.00	0.00	277.49	29.65	0.00	0.00
1538	49.95	3054	2520	1.47	15978	0	1	1528	0.00	50.39	50.05	0.00	63	63	0.00	0.00	284.86	30.87	0.00	0.00
1512	49.99	2998	2522	1.55	15322	0	0	1228	0.00	50.40	50.01	0.00	63	63	0.00	0.00	305.06	41.58	0.00	0.00
1052	34.77	2871	2636	1.20	11956	0	3	1604	0.00	68.75	65.23	0.00	61	61	0.00	0.00	284.10	50.54	0.00	0.00
949	33.68	2993	2353	1.29	10243	0	2	2177	0.00	62.39	66.32	0.00	63	63	0.00	0.00	204.13	27.33	0.00	0.00
1518	49.93	3027	2512	1.52	15943	0	0	1531	0.00	50.20	50.07	0.00	63	64	0.00	0.00	289.50	33.93	0.00	0.00
1506	49.72	3046	2486	1.63	15587	0	0	1517	0.00	49.92	50.28	0.00	64	64	0.00	0.00	279.64	31.72	0.00	0.00
1536	49.98	3043	2525	1.40	15882	0	0	1509	0.00	50.46	50.02	0.00	63	63	0.00	0.00	294.79	34.44	0.00	0.00
1385	45.42	2947	2588	1.39	15599	0	3	1553	0.00	56.45	54.58	0.00	61	61	0.00	0.00	304.19	45.68	0.00	0.00
650	24.00	2825	2397	1.01	8038	0	3	2454	0.00	72.85	76.00	0.00	62	62	0.00	0.00	197.14	36.42	0.00	0.00
1532	49.88	3061	2509	1.67	16011	0	2	1608	0.00	50.23	50.12	0.00	64	63	0.00	0.00	279.44	28.84	0.00	0.00
1514	49.88	3049	2489	1.52	18233	0	0	1417	0.00	49.79	50.12	0.00	64	63	0.00	0.00	277.59	29.54	0.00	0.00
1541	49.95	3048	2531	1.55	32871	0	0	1548	0.00	50.61	50.05	0.00	64	64	0.00	0.00	291.73	32.86	0.00	0.00
1478	49.98	2967	2492	1.52	28324	0	0	1489	0.00	49.81	50.02	0.00	65	64	0.00	0.00	307.44	45.74	0.00	0.00
743	24.77	2799	2681	0.90	9060	0	0	1665	0.00	80.67	75.23	0.00	60	60	0.00	0.00	258.58	51.12	0.00	0.00
1286	45.69	3028	2324	1.36	13064	0	5	2154	0.00	50.44	54.31	0.00	64	64	0.00	0.00	232.15	25.28	0.00	0.00
1518	49.66	3061	2497	1.49	16486	0	3	1561	0.00	50.18	50.34	0.00	64	64	0.00	0.00	274.23	27.61	0.00	0.00
1493	49.62	3060	2458	1.77	15712	0	2	1468	0.00	49.45	50.38	0.00	64	64	0.00	0.00	270.01	27.41	0.00	0.00
1546	49.93	2996	2584	1.58	16053	0	0	1429	0.00	51.70	50.07	0.00	65	65	0.00	0.00	315.98	43.26	0.00	0.00
1264	42.16	2899	2585	1.23	18686	0	0	1620	0.00	59.78	57.84	0.00	62	61	0.00	0.00	306.66	52.17	0.00	0.00
812	29.13	2919	2386	1.20	14777	0	0	2262	0.00	67.60	70.87	0.00	64	64	0.00	0.00	202.58	32.33	0.00	0.00
1532	49.92	3056	2510	1.36	15886	0	0	1457	0.00	50.20	50.08	0.00	64	64	0.00	0.00	281.18	28.77	0.00	0.00
1518	49.95	3046	2495	1.56	15740	0	24	1503	0.00	49.87	50.05	0.00	64	64	0.00	0.00	282.50	30.97	0.00	0.00
1538	49.96	3026	2543	1.42	19235	0	2	1480	0.00	50.84	50.04	0.00	65	64	0.00	0.00	301.79	37.35	0.00	0.00
1418	47.26	2934	2557	1.37	17921	0	0	1665	0.00	53.92	52.74	0.00	63	63	0.00	0.00	313.78	49.52	0.00	0.00
662	24.07	2856	2408	1.09	13403	0	2	2263	0.00	73.13	75.93	0.00	63	63	0.00	0.00	197.65	36.27	0.00	0.00
1522	49.81	3061	2495	1.53	52107	0	1	1678	0.00	50.02	50.19	0.00	64	64	0.00	0.00	274.26	28.16	0.00	0.00
1527	49.89	3068	2493	1.35	26919	0	5	1490	0.00	49.91	50.11	0.00	65	66	0.00	0.00	276.84	28.04	0.00	0.00
1520	49.84	3052	2499	1.64	30735	0	0	1496	0.00	50.07	50.16	0.00	64	64	0.00	0.00	280.65	29.96	0.00	0.00
1569	49.98	3017	2601	1.54	18929	0	0	1609	0.00	51.99	50.02	0.00	65	65	0.00	0.00	312.97	39.86	0.00	0.00
1218	41.86	2891	2516	1.23	14938	0	0	1656	0.00	58.48	58.14	0.00	62	62	0.00	0.00	297.16	51.07	0.00	0.00
886	31.38	2933	2406	1.14	14823	0	1	2271	0.00	65.99	68.62	0.00	64	64	0.00	0.00	213.09	33.14	0.00	0.00
1522	49.94	3043	2504	1.25	20926	0	2	1590	0.00	50.05	50.06	0.00	65	65	0.00	0.00	286.53	31.69	0.00	0.00
1505	49.91	3037	2481	1.62	15103	0	0	1153	0.00	49.65	50.09	0.00	65	65	0.00	0.00	282.87	32.14	0.00	0.00
1519	49.97	3012	2523	1.50	19955	0	2	1514	0.00	50.43	50.03	0.00	66	65	0.00	0.00	303.74	38.87	0.00	0.00
1565	49.02	2972	2685	1.53	3198	0	0	1234	0.00	54.72	50.98	0.00	65	65	0.00	0.00	317.52	44.41	0.00	0.00
