Avg_MHz	Busy%	Bzy_MHz	TSC_MHz	IPC	IRQ	SMI	POLL	C1	POLL%	C1%	CPU%c1	CPU%c6	CoreTmp	PkgTmp	Pkg%pc2	Pkg%pc6	PkgWatt	RAMWatt	PKG_%	RAM_%
1	0.06	1201	2504	0.74	2154	0	0	2194	0.00	100.10	99.94	0.00	46	47	0.00	0.00	73.68	18.50	0.00	0.00
1	0.05	1200	2500	1.06	1483	0	0	1583	0.00	99.95	99.95	0.00	46	47	0.00	0.00	73.55	18.47	0.00	0.00
0	0.04	1200	2500	1.01	1191	0	0	1288	0.00	99.97	99.96	0.00	46	47	0.00	0.00	73.57	18.52	0.00	0.00
1	0.05	1200	2500	0.81	1931	0	0	2029	0.00	99.96	99.95	0.00	46	47	0.00	0.00	73.62	18.47	0.00	0.00
1	0.04	1200	2500	1.00	1457	0	0	1555	0.00	99.97	99.96	0.00	46	47	0.00	0.00	73.53	18.45	0.00	0.00
0	0.04	1201	2500	0.99	1188	0	1	1290	0.00	99.96	99.96	0.00	46	47	0.00	0.00	73.51	18.56	0.00	0.00
1	0.05	1200	2500	0.88	1860	0	2	1984	0.00	99.96	99.95	0.00	46	47	0.00	0.00	73.53	18.53	0.00	0.00
1	0.05	1200	2500	0.86	1786	0	0	1923	0.00	99.96	99.95	0.00	46	47	0.00	0.00	73.47	18.57	0.00	0.00
1	0.05	1200	2500	0.84	2039	0	2	2139	0.00	99.96	99.95	0.00	45	47	0.00	0.00	73.41	18.56	0.00	0.00
1	0.05	1200	2500	0.89	1809	0	0	1937	0.00	99.94	99.95	0.00	45	46	0.00	0.00	73.42	18.55	0.00	0.00
1	0.04	1200	2500	0.94	1430	0	0	1523	0.00	99.97	99.96	0.00	46	47	0.00	0.00	73.29	18.50	0.00	0.00
1	0.06	1200	2500	1.05	2024	0	0	2136	0.00	99.95	99.94	0.00	45	46	0.00	0.00	73.24	18.50	0.00	0.00
1	0.04	1200	2500	1.03	1376	0	0	1499	0.00	99.95	99.96	0.00	45	46	0.00	0.00	73.20	18.50	0.00	0.00
1	0.05	1201	2500	0.81	1805	0	0	1911	0.00	99.96	99.95	0.00	45	46	0.00	0.00	73.27	18.48	0.00	0.00
0	0.04	1200	2500	1.01	1337	0	0	1433	0.00	99.97	99.96	0.00	45	46	0.00	0.00	73.24	18.46	0.00	0.00
1	0.04	1200	2500	0.91	1536	0	0	1635	0.00	99.97	99.96	0.00	45	46	0.00	0.00	73.13	18.44	0.00	0.00
1	0.04	1200	2500	0.95	1642	0	0	1741	0.00	99.96	99.96	0.00	45	46	0.00	0.00	73.33	18.40	0.00	0.00
1	0.05	1200	2500	0.88	1791	0	2	1924	0.00	99.95	99.95	0.00	45	46	0.00	0.00	73.00	18.46	0.00	0.00
1	0.05	1200	2500	0.86	1869	0	0	1969	0.00	99.97	99.95	0.00	45	46	0.00	0.00	73.24	18.49	0.00	0.00
1	0.04	1200	2500	0.91	1455	0	0	1555	0.00	99.96	99.96	0.00	45	46	0.00	0.00	73.14	18.45	0.00	0.00
1	0.05	1200	2500	0.88	1966	0	0	2060	0.00	99.96	99.95	0.00	45	46	0.00	0.00	73.09	18.50	0.00	0.00
1	0.06	1200	2500	0.93	2054	0	0	2161	0.00	99.94	99.94	0.00	45	46	0.00	0.00	72.92	18.49	0.00	0.00
1	0.05	1200	2500	0.92	1820	0	0	1949	0.00	99.95	99.95	0.00	44	45	0.00	0.00	72.50	18.48	0.00	0.00
1	0.05	1200	2500	0.86	1735	0	0	1832	0.00	99.96	99.95	0.00	44	45	0.00	0.00	72.42	18.45	0.00	0.00
1	0.05	1200	2500	0.84	2068	0	0	2167	0.00	99.96	99.95	0.00	44	45	0.00	0.00	72.16	18.43	0.00	0.00
1	0.05	1200	2500	0.81	1857	0	0	1952	0.00	99.95	99.95	0.00	45	45	0.00	0.00	72.19	18.45	0.00	0.00
0	0.04	1200	2500	1.03	1281	0	0	1376	0.00	99.97	99.96	0.00	44	45	0.00	0.00	72.36	18.48	0.00	0.00
1	0.05	1200	2500	0.84	1799	0	0	1894	0.00	99.96	99.95	0.00	44	45	0.00	0.00	72.23	18.47	0.00	0.00
2	0.14	1200	2499	0.75	1653	0	0	1644	0.00	99.83	99.86	0.00	44	45	0.00	0.00	72.53	18.54	0.00	0.00
1	0.05	1200	2501	0.82	1762	0	0	1857	0.00	99.99	99.95	0.00	44	45	0.00	0.00	72.72	18.52	0.00	0.00
1	0.05	1200	2500	1.05	1753	0	0	1854	0.00	99.96	99.95	0.00	44	45	0.00	0.00	72.80	18.47	0.00	0.00
1	0.05	1200	2500	0.84	1795	0	0	1891	0.00	99.96	99.95	0.00	43	45	0.00	0.00	72.66	18.51	0.00	0.00
1	0.05	1200	2500	0.86	1854	0	0	1952	0.00	99.96	99.95	0.00	44	45	0.00	0.00	72.64	18.52	0.00	0.00
1	0.05	1200	2500	0.80	2040	0	0	2136	0.00	99.95	99.95	0.00	44	45	0.00	0.00	72.63	18.48	0.00	0.00
1	0.05	1200	2500	0.87	1779	0	0	1910	0.00	99.96	99.95	0.00	44	44	0.00	0.00	72.58	18.53	0.00	0.00
1	0.05	1200	2500	0.83	1950	0	0	2046	0.00	99.96	99.95	0.00	43	45	0.00	0.00	72.02	18.46	0.00	0.00
1	0.05	1200	2500	0.86	1899	0	0	2015	0.00	99.96	99.95	0.00	43	44	0.00	0.00	72.15	18.48	0.00	0.00
1	0.05	1200	2500	0.84	1896	0	0	2005	0.00	99.96	99.95	0.00	43	45	0.00	0.00	72.28	18.48	0.00	0.00
1	0.05	1200	2500	0.83	2091	0	0	2196	0.00	99.95	99.95	0.00	43	44	0.00	0.00	72.21	18.44	0.00	0.00
1	0.05	1200	2500	0.83	1848	0	0	1966	0.00	99.96	99.95	0.00	43	44	0.00	0.00	72.43	18.44	0.00	0.00
1	0.05	1200	2500	1.19	1262	0	0	1369	0.00	99.94	99.95	0.00	43	44	0.00	0.00	72.14	18.48	0.00	0.00
1	0.05	1200	2500	0.85	1768	0	0	1864	0.00	99.97	99.95	0.00	43	44	0.00	0.00	72.09	18.48	0.00	0.00
1	0.04	1200	2500	0.95	1405	0	1	1500	0.00	99.97	99.96	0.00	43	44	0.00	0.00	72.04	18.54	0.00	0.00
1	0.05	1200	2500	0.82	1921	0	5	2019	0.00	99.95	99.95	0.00	43	44	0.00	0.00	71.96	18.54	0.00	0.00
1	0.05	1200	2500	0.90	1687	0	0	1787	0.00	99.96	99.95	0.00	43	44	0.00	0.00	71.89	18.48	0.00	0.00
1	0.05	1200	2500	0.88	1662	0	1	1754	0.00	99.95	99.95	0.00	43	44	0.00	0.00	71.88	18.51	0.00	0.00
0	0.04	1200	2500	0.99	1333	0	0	1430	0.00	99.98	99.96	0.00	43	44	0.00	0.00	72.04	18.52	0.00	0.00
1	0.05	1200	2500	0.83	1879	0	0	1980	0.00	99.95	99.95	0.00	43	44	0.00	0.00	71.99	18.48	0.00	0.00
1	0.05	1200	2500	0.90	1746	0	0	1844	0.00	99.96	99.95	0.00	43	44	0.00	0.00	71.80	18.46	0.00	0.00
1	0.05	1200	2500	0.86	1710	0	0	1812	0.00	99.95	99.95	0.00	43	44	0.00	0.00	71.77	18.46	0.00	0.00
1	0.05	1200	2500	0.99	1728	0	0	1823	0.00	99.94	99.95	0.00	43	44	0.00	0.00	71.83	18.47	0.00	0.00
0	0.04	1200	2500	0.93	1477	0	0	1575	0.00	99.97	99.96	0.00	43	44	0.00	0.00	71.68	18.48	0.00	0.00
1	0.04	1200	2500	0.98	1407	0	0	1499	0.00	99.97	99.96	0.00	42	44	0.00	0.00	71.62	18.42	0.00	0.00
0	0.04	1200	2500	0.97	1314	0	0	1409	0.00	99.96	99.96	0.00	42	44	0.00	0.00	71.70	18.47	0.00	0.00
1	0.05	1200	2500	0.84	1976	0	0	2075	0.00	99.96	99.95	0.00	42	44	0.00	0.00	71.70	18.43	0.00	0.00
1	0.05	1200	2500	0.81	2107	0	0	2201	0.00	99.95	99.95	0.00	42	44	0.00	0.00	71.75	18.50	0.00	0.00
1	0.05	1200	2500	0.89	1772	0	0	1867	0.00	99.96	99.95	0.00	42	44	0.00	0.00	71.65	18.51	0.00	0.00
0	0.04	1200	2500	1.01	1177	0	0	1274	0.00	99.96	99.96	0.00	42	43	0.00	0.00	71.57	18.51	0.00	0.00
1	0.04	1200	2500	0.92	1550	0	0	1644	0.00	99.96	99.96	0.00	42	44	0.00	0.00	71.62	18.51	0.00	0.00
1	0.05	1200	2500	0.80	1986	0	0	2083	0.00	99.96	99.95	0.00	42	43	0.00	0.00	71.58	18.53	0.00	0.00
1	0.04	1200	2500	1.20	1226	0	0	1322	0.00	99.96	99.96	0.00	42	43	0.00	0.00	71.52	18.57	0.00	0.00
1	0.05	1200	2500	0.84	1853	0	0	1960	0.00	99.95	99.95	0.00	42	44	0.00	0.00	71.33	18.52	0.00	0.00
1	0.05	1200	2500	0.93	1815	0	0	1938	0.00	99.95	99.95	0.00	42	44	0.00	0.00	71.39	18.52	0.00	0.00
1	0.05	1200	2500	0.82	2098	0	0	2201	0.00	99.96	99.95	0.00	42	43	0.00	0.00	71.57	18.53	0.00	0.00
1	0.05	1200	2500	0.86	1862	0	1	1957	0.00	99.96	99.95	0.00	42	43	0.00	0.00	71.48	18.52	0.00	0.00
1	0.05	1200	2500	0.83	1856	0	0	1948	0.00	99.96	99.95	0.00	42	43	0.00	0.00	71.28	18.45	0.00	0.00
1	0.04	1200	2500	0.96	1511	0	0	1610	0.00	99.96	99.96	0.00	42	43	0.00	0.00	71.33	18.52	0.00	0.00
1	0.05	1200	2500	0.82	1848	0	2	1941	0.00	99.94	99.95	0.00	42	43	0.00	0.00	71.33	18.52	0.00	0.00
0	0.04	1200	2500	1.11	1109	0	0	1202	0.00	99.98	99.96	0.00	42	44	0.00	0.00	71.18	18.52	0.00	0.00
1	0.06	1200	2499	0.82	1545	0	2	1617	0.00	99.90	99.94	0.00	42	43	0.00	0.00	71.29	18.47	0.00	0.00
1	0.05	1200	2501	1.02	1672	0	0	1771	0.00	100.00	99.95	0.00	42	43	0.00	0.00	71.36	18.47	0.00	0.00
1	0.05	1200	2500	0.84	1915	0	0	2011	0.00	99.96	99.95	0.00	42	43	0.00	0.00	71.46	18.44	0.00	0.00
1	0.05	1200	2500	1.14	1419	0	0	1554	0.00	99.95	99.95	0.00	42	43	0.00	0.00	71.46	18.45	0.00	0.00
1	0.04	1200	2500	0.91	1510	0	0	1600	0.00	99.96	99.96	0.00	42	43	0.00	0.00	71.49	18.39	0.00	0.00
1	0.05	1200	2500	0.87	1652	0	0	1744	0.00	99.97	99.95	0.00	41	43	0.00	0.00	71.41	18.36	0.00	0.00
1	0.05	1200	2500	0.86	1937	0	0	2032	0.00	99.95	99.95	0.00	42	43	0.00	0.00	71.39	18.38	0.00	0.00
0	0.04	1200	2500	1.00	1305	0	1	1427	0.00	99.97	99.96	0.00	41	43	0.00	0.00	71.31	18.39	0.00	0.00
1	0.05	1200	2500	0.94	1589	0	0	1744	0.00	99.94	99.95	0.00	41	43	0.00	0.00	71.59	18.41	0.00	0.00
1	0.06	1200	2500	0.89	1918	0	0	2050	0.00	99.95	99.94	0.00	42	43	0.00	0.00	71.56	18.42	0.00	0.00
1	0.05	1200	2500	0.90	1759	0	0	1907	0.00	99.96	99.95	0.00	41	43	0.00	0.00	71.57	18.40	0.00	0.00
2	0.11	1546	2500	1.46	1637	0	0	1819	0.00	99.89	99.89	0.00	41	43	0.00	0.00	72.02	18.59	0.00	0.00
1	0.05	1200	2500	0.83	1913	0	0	2007	0.00	99.97	99.95	0.00	41	42	0.00	0.00	71.70	18.40	0.00	0.00
1	0.05	1200	2500	0.84	2041	0	0	2140	0.00	99.96	99.95	0.00	41	42	0.00	0.00	71.74	18.45	0.00	0.00
1	0.05	1200	2500	0.84	1913	0	0	2013	0.00	99.96	99.95	0.00	41	42	0.00	0.00	71.73	18.45	0.00	0.00
0	0.04	1200	2500	1.04	1153	0	0	1251	0.00	99.97	99.96	0.00	41	42	0.00	0.00	71.65	18.46	0.00	0.00
0	0.04	1200	2500	0.96	1274	0	0	1372	0.00	99.96	99.96	0.00	41	42	0.00	0.00	71.59	18.51	0.00	0.00
1	0.05	1202	2500	0.86	1824	0	0	1919	0.00	99.97	99.95	0.00	41	42	0.00	0.00	71.59	18.52	0.00	0.00
1	0.05	1200	2500	0.88	1788	0	0	1880	0.00	99.96	99.95	0.00	41	42	0.00	0.00	71.68	18.50	0.00	0.00
1	0.05	1200	2500	0.89	1689	0	0	1788	0.00	99.96	99.95	0.00	41	43	0.00	0.00	71.59	18.52	0.00	0.00
1	0.04	1200	2500	1.11	1275	0	0	1367	0.00	99.95	99.96	0.00	41	42	0.00	0.00	71.58	18.51	0.00	0.00
1	0.05	1200	2500	0.89	1695	0	0	1791	0.00	99.97	99.95	0.00	41	42	0.00	0.00	71.54	18.51	0.00	0.00
1	0.05	1200	2500	0.99	1387	0	0	1513	0.00	99.95	99.95	0.00	41	42	0.00	0.00	71.59	18.48	0.00	0.00
1	0.05	1200	2500	0.89	1798	0	0	1896	0.00	99.97	99.95	0.00	41	43	0.00	0.00	71.64	18.49	0.00	0.00
1	0.05	1200	2499	0.79	2128	0	0	2228	0.00	99.93	99.95	0.00	41	42	0.00	0.00	71.53	18.50	0.00	0.00
1	0.05	1200	2501	0.84	1936	0	0	2030	0.00	99.98	99.95	0.00	41	42	0.00	0.00	71.46	18.53	0.00	0.00
1	0.05	1200	2500	0.95	1676	0	0	1818	0.00	99.95	99.95	0.00	41	42	0.00	0.00	71.36	18.50	0.00	0.00
1	0.05	1200	2500	0.83	2075	0	0	2208	0.00	99.96	99.95	0.00	41	42	0.00	0.00	71.51	18.51	0.00	0.00
0	0.04	1200	2500	0.98	1399	0	0	1548	0.00	99.96	99.96	0.00	41	42	0.00	0.00	71.42	18.54	0.00	0.00
1	0.04	1200	2500	0.95	1614	0	0	1786	0.00	99.97	99.96	0.00	41	42	0.00	0.00	71.45	18.54	0.00	0.00
1	0.05	1200	2500	1.03	1751	0	0	1862	0.00	99.94	99.95	0.00	41	42	0.00	0.00	71.42	18.42	0.00	0.00
4	0.21	2091	2499	1.02	2359	0	1	2364	0.00	99.76	99.79	0.00	41	42	0.00	0.00	73.62	18.93	0.00	0.00
1	0.05	1200	2501	0.86	1588	0	0	1694	0.00	100.00	99.95	0.00	41	42	0.00	0.00	71.59	18.46	0.00	0.00
1	0.05	1200	2500	0.84	2062	0	0	2164	0.00	99.96	99.95	0.00	41	42	0.00	0.00	71.67	18.54	0.00	0.00
1	0.08	1200	2499	0.69	1425	0	0	1526	0.00	99.89	99.92	0.00	41	42	0.00	0.00	71.53	18.51	0.00	0.00
1	0.05	1200	2501	0.88	1623	0	0	1725	0.00	100.00	99.95	0.00	41	42	0.00	0.00	71.73	18.51	0.00	0.00
1	0.05	1200	2499	0.90	1577	0	1	1676	0.00	99.93	99.95	0.00	41	42	0.00	0.00	71.58	18.50	0.00	0.00
1	0.05	1200	2500	0.88	1942	0	0	2067	0.00	99.97	99.95	0.00	41	42	0.00	0.00	71.61	18.54	0.00	0.00
1	0.07	1200	2500	0.85	1849	0	0	1949	0.00	99.94	99.93	0.00	41	42	0.00	0.00	71.39	18.51	0.00	0.00
