Avg_MHz	Busy%	Bzy_MHz	TSC_MHz	IPC	IRQ	SMI	POLL	C1	POLL%	C1%	CPU%c1	CPU%c6	CoreTmp	PkgTmp	Pkg%pc2	Pkg%pc6	PkgWatt	RAMWatt	PKG_%	RAM_%
452	16.73	2695	2503	0.37	7795	0	2	2712	0.00	83.38	83.27	0.00	52	52	0.00	0.00	168.45	38.38	0.00	0.00
451	16.72	2696	2500	0.37	8580	0	4	2632	0.00	83.29	83.28	0.00	52	52	0.00	0.00	167.98	38.15	0.00	0.00
451	16.72	2696	2500	0.37	7475	0	2	2518	0.00	83.29	83.28	0.00	52	52	0.00	0.00	168.07	38.19	0.00	0.00
451	16.72	2696	2500	0.37	7795	0	5	2858	0.00	83.29	83.28	0.00	52	52	0.00	0.00	167.96	38.16	0.00	0.00
451	16.72	2696	2500	0.37	7615	0	2	2718	0.00	83.28	83.28	0.00	52	52	0.00	0.00	168.04	38.25	0.00	0.00
452	16.80	2692	2500	0.38	7493	0	36	2653	0.00	83.20	83.20	0.00	52	52	0.00	0.00	168.37	38.44	0.00	0.00
451	16.73	2695	2500	0.37	7673	0	2	2761	0.00	83.28	83.27	0.00	52	52	0.00	0.00	167.79	38.14	0.00	0.00
451	16.75	2694	2500	0.37	7738	0	18	2770	0.00	83.26	83.25	0.00	52	52	0.00	0.00	168.03	38.38	0.00	0.00
451	16.75	2694	2500	0.38	7723	0	8	2793	0.00	83.26	83.25	0.00	52	52	0.00	0.00	168.26	38.42	0.00	0.00
451	16.72	2696	2500	0.37	7738	0	0	2910	0.00	83.29	83.28	0.00	52	52	0.00	0.00	168.01	38.29	0.00	0.00
451	16.75	2694	2500	0.38	7754	0	11	2785	0.00	83.26	83.25	0.00	52	52	0.00	0.00	168.35	38.41	0.00	0.00
451	16.75	2693	2500	0.38	7634	0	9	2722	0.00	83.25	83.25	0.00	52	52	0.00	0.00	168.27	38.34	0.00	0.00
451	16.72	2695	2500	0.38	7662	0	2	2663	0.00	83.29	83.28	0.00	52	52	0.00	0.00	168.26	38.28	0.00	0.00
451	16.75	2694	2500	0.38	7544	0	11	2572	0.00	83.26	83.25	0.00	52	52	0.00	0.00	168.34	38.35	0.00	0.00
451	16.75	2694	2500	0.38	7906	0	9	2843	0.00	83.26	83.25	0.00	53	53	0.00	0.00	168.31	38.45	0.00	0.00
451	16.72	2696	2500	0.37	7614	0	4	2685	0.00	83.29	83.28	0.00	53	53	0.00	0.00	168.20	38.37	0.00	0.00
451	16.76	2693	2500	0.38	7925	0	13	2856	0.00	83.25	83.24	0.00	53	53	0.00	0.00	168.41	38.33	0.00	0.00
451	16.75	2694	2500	0.38	7734	0	10	2791	0.00	83.26	83.25	0.00	53	53	0.00	0.00	168.25	38.36	0.00	0.00
451	16.72	2695	2500	0.37	7839	0	2	2840	0.00	83.29	83.28	0.00	53	53	0.00	0.00	168.11	38.26	0.00	0.00
451	16.75	2694	2500	0.38	7871	0	19	2953	0.00	83.25	83.25	0.00	53	53	0.00	0.00	168.38	38.33	0.00	0.00
449	16.70	2692	2500	0.38	7699	0	15	2731	0.00	83.31	83.30	0.00	53	53	0.00	0.00	168.05	38.20	0.00	0.00
451	16.72	2696	2500	0.37	7492	0	0	2550	0.00	83.29	83.28	0.00	53	53	0.00	0.00	168.35	38.22	0.00	0.00
451	16.75	2693	2500	0.38	7809	0	9	2762	0.00	83.26	83.25	0.00	53	53	0.00	0.00	168.31	38.33	0.00	0.00
451	16.75	2694	2500	0.38	7505	0	12	2441	0.00	83.26	83.25	0.00	53	53	0.00	0.00	168.51	38.39	0.00	0.00
451	16.71	2696	2500	0.37	7470	0	0	2629	0.00	83.30	83.29	0.00	53	53	0.00	0.00	168.27	38.25	0.00	0.00
451	16.75	2694	2500	0.38	7844	0	14	2816	0.00	83.26	83.25	0.00	53	53	0.00	0.00	168.21	38.25	0.00	0.00
451	16.75	2694	2500	0.38	7771	0	9	2785	0.00	83.25	83.25	0.00	53	53	0.00	0.00	168.19	38.35	0.00	0.00
451	16.71	2696	2500	0.37	7454	0	0	2556	0.00	83.29	83.29	0.00	53	53	0.00	0.00	168.10	38.31	0.00	0.00
451	16.74	2694	2500	0.38	7502	0	16	2533	0.00	83.26	83.26	0.00	53	53	0.00	0.00	168.31	38.36	0.00	0.00
451	16.75	2693	2500	0.38	7526	0	6	2612	0.00	83.26	83.25	0.00	53	53	0.00	0.00	168.27	38.22	0.00	0.00
451	16.72	2695	2500	0.37	7499	0	2	2504	0.00	83.29	83.28	0.00	54	54	0.00	0.00	168.25	38.20	0.00	0.00
451	16.71	2696	2500	0.38	7248	0	2	2458	0.00	83.30	83.29	0.00	54	54	0.00	0.00	168.15	38.16	0.00	0.00
451	16.72	2696	2500	0.38	7254	0	2	2307	0.00	83.29	83.28	0.00	53	53	0.00	0.00	168.04	38.15	0.00	0.00
451	16.72	2696	2500	0.38	7628	0	0	2629	0.00	83.29	83.28	0.00	54	54	0.00	0.00	168.16	38.18	0.00	0.00
451	16.72	2696	2500	0.38	7515	0	0	2477	0.00	83.29	83.28	0.00	53	53	0.00	0.00	168.15	38.16	0.00	0.00
451	16.74	2695	2499	0.37	7499	0	1	2521	0.00	83.25	83.26	0.00	53	53	0.00	0.00	168.14	38.16	0.00	0.00
451	16.74	2695	2500	0.38	7838	0	7	2885	0.00	83.28	83.26	0.00	54	54	0.00	0.00	168.14	38.19	0.00	0.00
451	16.72	2696	2500	0.38	7388	0	0	2495	0.00	83.30	83.28	0.00	53	53	0.00	0.00	168.20	38.18	0.00	0.00
451	16.72	2696	2500	0.38	7661	0	2	2667	0.00	83.29	83.28	0.00	53	53	0.00	0.00	167.99	38.11	0.00	0.00
451	16.72	2696	2500	0.38	7521	0	4	2540	0.00	83.29	83.28	0.00	54	54	0.00	0.00	168.23	38.14	0.00	0.00
451	16.72	2696	2500	0.38	7428	0	1	2354	0.00	83.29	83.28	0.00	54	54	0.00	0.00	168.11	38.17	0.00	0.00
451	16.71	2696	2500	0.38	7213	0	1	2285	0.00	83.29	83.29	0.00	53	53	0.00	0.00	167.91	38.16	0.00	0.00
451	16.72	2696	2500	0.37	7502	0	4	2672	0.00	83.28	83.28	0.00	54	54	0.00	0.00	167.99	38.19	0.00	0.00
451	16.72	2696	2500	0.38	7684	0	2	2720	0.00	83.29	83.28	0.00	54	54	0.00	0.00	168.12	38.23	0.00	0.00
451	16.72	2696	2500	0.38	7341	0	0	2384	0.00	83.29	83.28	0.00	54	54	0.00	0.00	167.98	38.15	0.00	0.00
451	16.72	2696	2500	0.38	7381	0	0	2368	0.00	83.29	83.28	0.00	54	54	0.00	0.00	168.00	38.10	0.00	0.00
451	16.72	2696	2500	0.38	7521	0	0	2609	0.00	83.28	83.28	0.00	54	54	0.00	0.00	168.13	38.15	0.00	0.00
451	16.72	2696	2500	0.38	7498	0	0	2522	0.00	83.29	83.28	0.00	54	54	0.00	0.00	168.21	38.20	0.00	0.00
451	16.72	2695	2500	0.38	7527	0	2	2635	0.00	83.28	83.28	0.00	54	54	0.00	0.00	168.20	38.20	0.00	0.00
451	16.71	2696	2500	0.38	7585	0	2	2708	0.00	83.29	83.29	0.00	54	54	0.00	0.00	168.02	38.13	0.00	0.00
439	16.42	2696	2478	0.38	7557	0	2	2605	0.00	82.85	83.58	0.00	54	54	0.00	0.00	162.09	36.67	0.00	0.00
452	16.75	2696	2503	0.38	7752	0	8	2558	0.00	83.34	83.25	0.00	54	54	0.00	0.00	168.64	38.23	0.00	0.00
446	16.58	2694	2497	0.38	7724	0	6	2569	0.00	83.33	83.42	0.00	54	54	0.00	0.00	167.41	37.96	0.00	0.00
451	16.72	2696	2500	0.38	7863	0	0	2569	0.00	83.29	83.28	0.00	54	54	0.00	0.00	168.17	38.14	0.00	0.00
448	16.63	2694	2500	0.38	7769	0	2	2579	0.00	83.39	83.37	0.00	54	54	0.00	0.00	168.26	38.25	0.00	0.00
448	16.62	2696	2500	0.37	7818	0	0	2667	0.00	83.37	83.38	0.00	54	54	0.00	0.00	167.23	37.93	0.00	0.00
451	16.71	2696	2500	0.38	7733	0	0	2476	0.00	83.30	83.29	0.00	54	54	0.00	0.00	168.13	38.21	0.00	0.00
451	16.71	2696	2500	0.37	7828	0	2	2625	0.00	83.29	83.29	0.00	55	55	0.00	0.00	168.17	38.25	0.00	0.00
451	16.71	2696	2500	0.38	7794	0	1	2619	0.00	83.29	83.29	0.00	55	55	0.00	0.00	168.17	38.18	0.00	0.00
451	16.71	2696	2500	0.37	7666	0	6	2526	0.00	83.29	83.29	0.00	54	54	0.00	0.00	168.45	38.22	0.00	0.00
451	16.71	2696	2500	0.37	7726	0	0	2539	0.00	83.30	83.29	0.00	55	55	0.00	0.00	168.36	38.23	0.00	0.00
451	16.71	2696	2500	0.37	8546	0	0	2521	0.00	83.28	83.29	0.00	54	54	0.00	0.00	168.15	38.26	0.00	0.00
451	16.73	2696	2501	0.37	7893	0	0	2678	0.00	83.32	83.27	0.00	55	55	0.00	0.00	168.72	38.44	0.00	0.00
448	16.64	2694	2499	0.37	7597	0	10	2525	0.00	83.33	83.36	0.00	55	55	0.00	0.00	167.68	38.14	0.00	0.00
452	16.75	2697	2502	0.37	7591	0	3	2507	0.00	83.34	83.25	0.00	55	55	0.00	0.00	169.11	38.51	0.00	0.00
444	16.51	2693	2498	0.37	7679	0	0	2518	0.00	83.41	83.49	0.00	54	54	0.00	0.00	166.65	37.76	0.00	0.00
451	16.72	2696	2500	0.37	7837	0	4	2564	0.00	83.29	83.28	0.00	55	55	0.00	0.00	168.44	38.33	0.00	0.00
453	16.77	2696	2505	0.37	7572	0	0	2369	0.00	83.39	83.23	0.00	55	55	0.00	0.00	169.08	38.41	0.00	0.00
449	16.70	2694	2497	0.38	7726	0	2	2518	0.00	83.20	83.30	0.00	54	54	0.00	0.00	167.93	38.20	0.00	0.00
450	16.69	2696	2498	0.38	7686	0	0	2475	0.00	83.26	83.31	0.00	55	55	0.00	0.00	168.27	38.22	0.00	0.00
452	16.75	2696	2503	0.38	7862	0	4	2540	0.00	83.35	83.25	0.00	55	55	0.00	0.00	169.30	38.38	0.00	0.00
445	16.53	2697	2497	0.37	7692	0	0	2555	0.00	83.37	83.47	0.00	55	55	0.00	0.00	166.92	37.72	0.00	0.00
451	16.72	2696	2500	0.38	7873	0	0	2666	0.00	83.30	83.28	0.00	55	55	0.00	0.00	168.55	38.20	0.00	0.00
451	16.71	2696	2500	0.38	7605	0	2	2498	0.00	83.29	83.29	0.00	54	55	0.00	0.00	168.37	38.15	0.00	0.00
451	16.71	2696	2500	0.38	7664	0	0	2503	0.00	83.29	83.29	0.00	54	54	0.00	0.00	168.25	38.13	0.00	0.00
451	16.72	2696	2500	0.38	7914	0	2	2694	0.00	83.29	83.28	0.00	55	55	0.00	0.00	168.44	38.17	0.00	0.00
451	16.71	2696	2500	0.38	7708	0	0	2422	0.00	83.29	83.29	0.00	55	55	0.00	0.00	168.67	38.23	0.00	0.00
448	16.63	2694	2500	0.38	8037	0	2	2757	0.00	83.38	83.37	0.00	54	55	0.00	0.00	167.91	38.04	0.00	0.00
451	16.71	2696	2500	0.38	7548	0	0	2288	0.00	83.30	83.29	0.00	55	55	0.00	0.00	168.42	38.30	0.00	0.00
450	16.71	2696	2500	0.38	7601	0	0	2520	0.00	83.29	83.29	0.00	55	55	0.00	0.00	168.41	38.25	0.00	0.00
451	16.71	2696	2500	0.38	7730	0	2	2588	0.00	83.29	83.29	0.00	55	55	0.00	0.00	168.57	38.22	0.00	0.00
451	16.71	2696	2500	0.37	7822	0	0	2578	0.00	83.29	83.29	0.00	55	55	0.00	0.00	168.17	38.25	0.00	0.00
451	16.71	2696	2500	0.38	7823	0	2	2581	0.00	83.30	83.29	0.00	55	55	0.00	0.00	168.50	38.18	0.00	0.00
451	16.72	2696	2500	0.38	7886	0	0	2647	0.00	83.29	83.28	0.00	55	55	0.00	0.00	168.77	38.22	0.00	0.00
451	16.72	2696	2500	0.38	7918	0	4	2647	0.00	83.29	83.28	0.00	55	55	0.00	0.00	168.62	38.26	0.00	0.00
449	16.68	2694	2501	0.38	7976	0	6	2667	0.00	83.36	83.32	0.00	55	55	0.00	0.00	169.04	38.35	0.00	0.00
450	16.70	2696	2499	0.38	7583	0	2	2383	0.00	83.28	83.30	0.00	55	55	0.00	0.00	168.22	38.17	0.00	0.00
452	16.74	2696	2502	0.38	7466	0	6	2265	0.00	83.33	83.26	0.00	55	55	0.00	0.00	168.97	38.33	0.00	0.00
449	16.69	2696	2498	0.38	7880	0	4	2635	0.00	83.25	83.31	0.00	55	55	0.00	0.00	167.96	38.20	0.00	0.00
451	16.72	2696	2500	0.38	8032	0	0	2782	0.00	83.29	83.28	0.00	55	55	0.00	0.00	168.27	38.24	0.00	0.00
451	16.72	2696	2500	0.38	7729	0	6	2570	0.00	83.29	83.28	0.00	55	55	0.00	0.00	168.49	38.30	0.00	0.00
451	16.71	2696	2500	0.38	7743	0	0	2564	0.00	83.29	83.29	0.00	55	55	0.00	0.00	168.42	38.20	0.00	0.00
454	16.81	2696	2507	0.38	7696	0	0	2473	0.00	83.43	83.19	0.00	55	55	0.00	0.00	169.83	38.55	0.00	0.00
446	16.58	2695	2493	0.37	7721	0	2	2524	0.00	83.20	83.42	0.00	55	55	0.00	0.00	166.98	37.86	0.00	0.00
451	16.71	2696	2500	0.37	7924	0	4	2645	0.00	83.29	83.29	0.00	55	55	0.00	0.00	167.96	38.17	0.00	0.00
452	16.75	2696	2502	0.37	7634	0	6	2414	0.00	83.34	83.25	0.00	55	55	0.00	0.00	168.87	38.39	0.00	0.00
448	16.65	2694	2497	0.38	7750	0	2	2468	0.00	83.27	83.35	0.00	56	56	0.00	0.00	167.77	38.06	0.00	0.00
452	16.76	2696	2503	0.37	8507	0	0	2568	0.00	83.36	83.24	0.00	56	56	0.00	0.00	169.11	38.42	0.00	0.00
448	16.65	2693	2499	0.37	7589	0	2	2419	0.00	83.34	83.35	0.00	55	55	0.00	0.00	167.98	38.15	0.00	0.00
449	16.68	2696	2497	0.37	7677	0	4	2518	0.00	83.23	83.32	0.00	55	55	0.00	0.00	167.98	38.17	0.00	0.00
451	16.72	2696	2500	0.37	7979	0	5	2684	0.00	83.29	83.28	0.00	56	56	0.00	0.00	168.47	38.24	0.00	0.00
451	16.71	2696	2500	0.37	7578	0	4	2393	0.00	83.29	83.29	0.00	55	55	0.00	0.00	168.53	38.15	0.00	0.00
451	16.72	2696	2500	0.37	7541	0	2	2251	0.00	83.29	83.28	0.00	55	55	0.00	0.00	168.69	38.22	0.00	0.00
451	16.71	2696	2500	0.37	7778	0	2	2568	0.00	83.29	83.29	0.00	56	56	0.00	0.00	168.33	38.19	0.00	0.00
451	16.71	2696	2500	0.37	7776	0	0	2480	0.00	83.29	83.29	0.00	55	55	0.00	0.00	168.56	38.20	0.00	0.00
451	16.72	2696	2500	0.37	8051	0	0	2772	0.00	83.29	83.28	0.00	56	56	0.00	0.00	168.79	38.28	0.00	0.00
451	16.73	2696	2501	0.38	7834	0	2	2573	0.00	83.31	83.27	0.00	56	56	0.00	0.00	169.16	38.40	0.00	0.00
447	16.61	2694	2499	0.38	7881	0	2	2658	0.00	83.38	83.39	0.00	56	56	0.00	0.00	167.80	38.02	0.00	0.00
452	16.79	2692	2500	0.38	8096	0	2	2749	0.00	83.22	83.21	0.00	55	55	0.00	0.00	169.15	38.25	0.00	0.00
450	16.68	2694	2502	0.38	7730	0	0	2602	0.00	83.39	83.32	0.00	55	55	0.00	0.00	168.49	38.20	0.00	0.00
448	16.65	2694	2498	0.38	7685	0	1	2473	0.00	83.28	83.35	0.00	55	55	0.00	0.00	167.71	38.02	0.00	0.00
451	16.72	2696	2500	0.38	7689	0	2	2447	0.00	83.29	83.28	0.00	55	55	0.00	0.00	168.38	38.13	0.00	0.00
451	16.74	2694	2499	0.38	8172	0	2	2766	0.00	83.25	83.26	0.00	55	55	0.00	0.00	168.46	38.22	0.00	0.00
452	16.75	2696	2503	0.38	7483	0	2	2405	0.00	83.36	83.25	0.00	56	56	0.00	0.00	169.03	38.22	0.00	0.00
448	16.63	2694	2498	0.38	7919	0	0	2692	0.00	83.29	83.37	0.00	55	55	0.00	0.00	168.17	38.04	0.00	0.00
452	16.75	2696	2503	0.38	7728	0	4	2604	0.00	83.35	83.25	0.00	56	56	0.00	0.00	169.06	38.30	0.00	0.00
449	16.67	2696	2497	0.38	7892	0	2	2777	0.00	83.24	83.33	0.00	56	56	0.00	0.00	168.04	38.10	0.00	0.00
451	16.72	2696	2500	0.38	7832	0	4	2537	0.00	83.28	83.28	0.00	56	56	0.00	0.00	168.35	38.20	0.00	0.00
449	16.66	2694	2500	0.38	7691	0	0	2630	0.00	83.35	83.34	0.00	55	55	0.00	0.00	168.30	38.18	0.00	0.00
453	16.78	2696	2505	0.37	7458	0	0	2322	0.00	83.39	83.22	0.00	56	56	0.00	0.00	169.57	38.39	0.00	0.00
447	16.61	2694	2495	0.38	7695	0	0	2458	0.00	83.24	83.39	0.00	56	56	0.00	0.00	167.49	37.94	0.00	0.00
451	16.71	2696	2500	0.38	7707	0	2	2474	0.00	83.29	83.29	0.00	56	56	0.00	0.00	168.54	38.14	0.00	0.00
451	16.71	2696	2500	0.37	7682	0	2	2468	0.00	83.29	83.29	0.00	56	56	0.00	0.00	168.88	38.22	0.00	0.00
449	16.66	2694	2501	0.38	7712	0	2	2537	0.00	83.39	83.34	0.00	56	56	0.00	0.00	168.71	38.19	0.00	0.00
448	16.65	2694	2499	0.38	7793	0	2	2592	0.00	83.31	83.35	0.00	56	56	0.00	0.00	168.11	37.97	0.00	0.00
451	16.71	2696	2500	0.38	7676	0	0	2483	0.00	83.30	83.29	0.00	56	56	0.00	0.00	168.63	38.09	0.00	0.00
452	16.75	2696	2503	0.37	7876	0	3	2583	0.00	83.34	83.25	0.00	56	56	0.00	0.00	169.20	38.24	0.00	0.00
450	16.69	2696	2499	0.37	7855	0	0	2742	0.00	83.27	83.31	0.00	56	56	0.00	0.00	168.90	38.11	0.00	0.00
450	16.69	2696	2499	0.38	7509	0	4	2396	0.00	83.26	83.31	0.00	55	55	0.00	0.00	168.15	37.92	0.00	0.00
450	16.71	2696	2500	0.38	7549	0	0	2381	0.00	83.29	83.29	0.00	56	56	0.00	0.00	168.59	38.09	0.00	0.00
449	16.67	2694	2500	0.38	7619	0	1	2448	0.00	83.34	83.33	0.00	56	56	0.00	0.00	168.38	38.03	0.00	0.00
451	16.72	2696	2500	0.38	7786	0	4	2559	0.00	83.29	83.28	0.00	56	56	0.00	0.00	168.60	38.08	0.00	0.00
452	16.74	2696	2502	0.38	7599	0	2	2430	0.00	83.34	83.26	0.00	56	56	0.00	0.00	169.08	38.24	0.00	0.00
448	16.63	2694	2498	0.38	8373	0	5	2495	0.00	83.29	83.37	0.00	56	56	0.00	0.00	167.90	38.01	0.00	0.00
451	16.71	2696	2500	0.37	7755	0	2	2496	0.00	83.29	83.29	0.00	56	56	0.00	0.00	168.44	38.11	0.00	0.00
451	16.73	2696	2501	0.37	7623	0	0	2452	0.00	83.32	83.27	0.00	56	56	0.00	0.00	168.99	38.25	0.00	0.00
447	16.60	2694	2499	0.38	7675	0	2	2552	0.00	83.36	83.40	0.00	56	56	0.00	0.00	167.86	37.94	0.00	0.00
451	16.71	2696	2500	0.37	7822	0	0	2666	0.00	83.29	83.29	0.00	56	56	0.00	0.00	168.48	38.14	0.00	0.00
451	16.71	2696	2500	0.37	7724	0	0	2493	0.00	83.30	83.29	0.00	56	56	0.00	0.00	168.80	38.12	0.00	0.00
452	16.74	2696	2502	0.38	7717	0	2	2517	0.00	83.33	83.26	0.00	56	56	0.00	0.00	169.23	38.29	0.00	0.00
448	16.64	2694	2498	0.38	7584	0	2	2473	0.00	83.30	83.36	0.00	56	56	0.00	0.00	168.30	38.04	0.00	0.00
451	16.72	2696	2500	0.38	7660	0	2	2437	0.00	83.30	83.28	0.00	56	56	0.00	0.00	168.99	38.11	0.00	0.00
449	16.64	2694	2502	0.38	7620	0	6	2513	0.00	83.42	83.36	0.00	56	56	0.00	0.00	168.43	38.06	0.00	0.00
450	16.69	2696	2498	0.38	7590	0	0	2404	0.00	83.26	83.31	0.00	56	56	0.00	0.00	168.27	38.06	0.00	0.00
450	16.71	2696	2499	0.38	7911	0	0	2676	0.00	83.28	83.29	0.00	56	56	0.00	0.00	168.57	38.12	0.00	0.00
450	16.71	2696	2500	0.38	7824	0	0	2624	0.00	83.29	83.29	0.00	56	56	0.00	0.00	168.74	38.09	0.00	0.00
449	16.67	2694	2500	0.37	8154	0	0	2818	0.00	83.34	83.33	0.00	56	56	0.00	0.00	168.64	38.09	0.00	0.00
452	16.75	2696	2503	0.38	7650	0	0	2438	0.00	83.35	83.25	0.00	56	56	0.00	0.00	169.62	38.34	0.00	0.00
450	16.71	2693	2500	0.38	8098	0	1	2767	0.00	83.28	83.29	0.00	56	56	0.00	0.00	168.24	37.95	0.00	0.00
450	16.69	2695	2500	0.38	7673	0	4	2491	0.00	83.31	83.31	0.00	56	56	0.00	0.00	168.65	38.04	0.00	0.00
447	16.60	2694	2499	0.38	7867	0	4	2786	0.00	83.36	83.40	0.00	56	56	0.00	0.00	168.81	38.14	0.00	0.00
449	16.68	2695	2499	0.38	7635	0	4	2548	0.00	83.29	83.32	0.00	56	56	0.00	0.00	167.84	37.82	0.00	0.00
451	16.72	2696	2500	0.38	7939	0	1	2684	0.00	83.28	83.28	0.00	56	56	0.00	0.00	168.66	38.11	0.00	0.00
450	16.71	2696	2500	0.38	7712	0	0	2560	0.00	83.29	83.29	0.00	56	56	0.00	0.00	168.62	38.09	0.00	0.00
454	16.81	2694	2505	0.38	5451	0	0	2278	0.00	83.37	83.19	0.00	56	56	0.00	0.00	170.43	38.45	0.00	0.00
