Avg_MHz	Busy%	Bzy_MHz	TSC_MHz	IPC	IRQ	SMI	POLL	C1	POLL%	C1%	CPU%c1	CPU%c6	CoreTmp	PkgTmp	Pkg%pc2	Pkg%pc6	PkgWatt	RAMWatt	PKG_%	RAM_%
430	15.95	2695	2502	0.88	6893	0	0	2601	0.00	84.13	84.05	0.00	57	57	0.00	0.00	183.42	43.79	0.00	0.00
373	13.85	2695	2500	0.97	5667	0	2	2333	0.00	86.17	86.15	0.00	57	57	0.00	0.00	177.59	42.80	0.00	0.00
398	13.67	2910	2500	1.90	5834	0	2	2508	0.00	86.31	86.33	0.00	58	58	0.00	0.00	158.19	27.20	0.00	0.00
505	16.70	3026	2500	2.41	6434	0	0	2208	0.00	83.26	83.30	0.00	58	58	0.00	0.00	170.39	26.81	0.00	0.00
462	16.44	2810	2501	1.50	6283	0	0	2202	0.00	83.57	83.56	0.00	57	57	0.00	0.00	181.92	39.34	0.00	0.00
433	16.06	2695	2500	0.87	6319	0	0	2277	0.00	83.94	83.94	0.00	57	57	0.00	0.00	183.64	43.73	0.00	0.00
339	12.59	2695	2500	0.98	5685	0	1	2470	0.00	87.42	87.41	0.00	54	54	0.00	0.00	172.12	41.23	0.00	0.00
469	15.70	2985	2499	2.12	6051	0	0	2026	0.00	84.26	84.30	0.00	59	59	0.00	0.00	164.94	25.88	0.00	0.00
504	16.71	3018	2500	2.30	6748	0	0	2552	0.00	83.27	83.29	0.00	58	58	0.00	0.00	171.78	27.73	0.00	0.00
489	16.65	2938	2501	2.08	6500	0	0	2280	0.00	83.36	83.35	0.00	57	57	0.00	0.00	177.90	33.53	0.00	0.00
410	15.22	2695	2500	0.91	6310	0	0	2474	0.00	84.79	84.78	0.00	58	58	0.00	0.00	181.42	43.31	0.00	0.00
360	13.40	2690	2500	0.99	5941	0	56	2803	0.00	86.60	86.60	0.00	57	57	0.00	0.00	176.79	42.74	0.00	0.00
376	12.80	2936	2500	2.25	5454	0	1	2307	0.00	87.19	87.20	0.00	58	58	0.00	0.00	157.90	27.94	0.00	0.00
503	16.70	3012	2497	2.42	6607	0	9	2391	0.00	83.18	83.30	0.00	59	59	0.00	0.00	171.21	27.70	0.00	0.00
485	16.72	2897	2503	1.93	6856	0	34	2546	0.00	83.35	83.28	0.00	57	57	0.00	0.00	181.31	36.18	0.00	0.00
396	14.69	2693	2499	0.93	8705	0	0	2668	0.00	85.30	85.31	0.00	58	58	0.00	0.00	180.38	43.21	0.00	0.00
341	12.66	2694	2501	1.02	5738	0	1	2457	0.00	87.37	87.34	0.00	58	58	0.00	0.00	174.50	42.24	0.00	0.00
425	14.32	2966	2500	1.95	5637	0	6	2129	0.00	85.68	85.68	0.00	58	58	0.00	0.00	161.41	26.99	0.00	0.00
509	16.69	3049	2499	2.02	6864	0	4	2649	0.00	83.26	83.31	0.00	58	58	0.00	0.00	167.91	25.15	0.00	0.00
508	16.71	3043	2500	2.42	6096	0	2	1938	0.00	83.28	83.29	0.00	59	59	0.00	0.00	169.95	25.85	0.00	0.00
463	16.29	2840	2501	1.52	6396	0	0	2277	0.00	83.73	83.71	0.00	58	58	0.00	0.00	180.84	38.14	0.00	0.00
410	15.22	2695	2500	0.91	6330	0	0	2495	0.00	84.78	84.78	0.00	58	58	0.00	0.00	181.73	43.35	0.00	0.00
338	12.53	2695	2500	0.97	5633	0	0	2508	0.00	87.47	87.47	0.00	56	56	0.00	0.00	171.87	41.06	0.00	0.00
476	15.84	3002	2499	2.22	5839	0	0	1907	0.00	84.12	84.16	0.00	59	59	0.00	0.00	164.77	25.09	0.00	0.00
508	16.71	3039	2501	2.12	6637	0	0	2379	0.00	83.31	83.29	0.00	58	58	0.00	0.00	170.08	26.22	0.00	0.00
502	16.70	3005	2499	2.44	6536	0	0	2323	0.00	83.26	83.30	0.00	59	59	0.00	0.00	173.45	29.12	0.00	0.00
429	15.39	2785	2501	1.32	6057	0	2	2159	0.00	84.64	84.61	0.00	58	58	0.00	0.00	180.49	40.26	0.00	0.00
395	14.64	2695	2500	0.94	6303	0	0	2531	0.00	85.36	85.36	0.00	58	58	0.00	0.00	180.28	43.08	0.00	0.00
323	11.80	2736	2500	1.17	6203	0	3	2799	0.00	88.20	88.20	0.00	59	59	0.00	0.00	163.40	35.99	0.00	0.00
508	16.70	3044	2500	1.91	8452	0	0	2455	0.00	83.29	83.30	0.00	59	59	0.00	0.00	168.65	25.23	0.00	0.00
506	16.61	3043	2500	2.16	7030	0	0	2816	0.00	83.38	83.39	0.00	59	59	0.00	0.00	168.30	25.00	0.00	0.00
499	16.70	2991	2499	2.21	6562	0	0	2342	0.00	83.24	83.30	0.00	59	59	0.00	0.00	173.97	29.79	0.00	0.00
429	15.79	2713	2501	0.88	6075	0	0	2144	0.00	84.24	84.21	0.00	58	58	0.00	0.00	183.11	43.03	0.00	0.00
420	15.57	2695	2500	0.89	6174	0	0	2266	0.00	84.44	84.43	0.00	58	58	0.00	0.00	182.93	43.66	0.00	0.00
371	13.09	2836	2500	2.02	5989	0	0	2750	0.00	86.91	86.91	0.00	59	59	0.00	0.00	164.05	32.75	0.00	0.00
507	16.70	3034	2500	2.44	6187	0	0	1991	0.00	83.29	83.30	0.00	59	59	0.00	0.00	170.72	26.53	0.00	0.00
505	16.70	3025	2499	2.51	6603	0	0	2415	0.00	83.25	83.30	0.00	59	59	0.00	0.00	171.60	27.31	0.00	0.00
456	15.91	2863	2501	1.76	6058	0	0	2191	0.00	84.11	84.09	0.00	58	58	0.00	0.00	179.71	37.09	0.00	0.00
395	14.65	2694	2500	0.93	6210	0	0	2496	0.00	85.37	85.35	0.00	59	59	0.00	0.00	180.69	43.09	0.00	0.00
320	11.89	2695	2500	0.99	5419	0	2	2460	0.00	88.10	88.11	0.00	56	56	0.00	0.00	170.17	40.66	0.00	0.00
471	15.69	3001	2500	2.32	5814	0	0	1913	0.00	84.30	84.31	0.00	59	59	0.00	0.00	164.45	25.23	0.00	0.00
508	16.70	3043	2500	2.44	6424	0	0	2270	0.00	83.28	83.30	0.00	59	59	0.00	0.00	169.59	25.80	0.00	0.00
504	16.68	3025	2498	2.31	6766	0	0	2560	0.00	83.23	83.32	0.00	59	59	0.00	0.00	171.20	27.45	0.00	0.00
451	16.14	2791	2502	1.34	6140	0	0	2073	0.00	83.93	83.86	0.00	59	59	0.00	0.00	183.10	40.37	0.00	0.00
396	14.70	2695	2500	0.93	6102	0	0	2371	0.00	85.30	85.30	0.00	58	58	0.00	0.00	180.86	43.14	0.00	0.00
320	11.76	2719	2500	1.35	5455	0	0	2545	0.00	88.24	88.24	0.00	59	59	0.00	0.00	165.06	37.12	0.00	0.00
509	16.70	3051	2500	2.08	6486	0	0	2301	0.00	83.28	83.30	0.00	59	59	0.00	0.00	169.50	25.28	0.00	0.00
506	16.70	3031	2500	2.39	6674	0	0	2486	0.00	83.28	83.30	0.00	59	59	0.00	0.00	171.53	26.95	0.00	0.00
497	16.70	2980	2499	2.26	6498	0	0	2238	0.00	83.25	83.30	0.00	60	60	0.00	0.00	175.88	31.05	0.00	0.00
407	15.02	2709	2501	0.92	5534	0	0	1911	0.00	85.02	84.98	0.00	58	58	0.00	0.00	181.49	42.98	0.00	0.00
387	14.50	2685	2481	0.93	6377	0	0	2631	0.00	84.85	85.50	0.00	58	57	0.00	0.00	174.58	41.68	0.00	0.00
372	12.94	2883	2491	2.14	5735	0	0	2430	0.00	86.74	87.06	0.00	59	59	0.00	0.00	162.23	31.14	0.00	0.00
506	16.83	2993	2509	2.60	6751	0	0	2241	0.00	83.47	83.17	0.00	60	60	0.00	0.00	175.81	29.89	0.00	0.00
460	16.65	2766	2496	1.17	6520	0	0	2155	0.00	83.21	83.35	0.00	58	58	0.00	0.00	183.54	41.01	0.00	0.00
390	14.46	2695	2504	0.94	7070	0	2	2496	0.00	85.69	85.54	0.00	58	58	0.00	0.00	181.89	43.62	0.00	0.00
358	12.73	2820	2496	1.74	6746	0	0	2377	0.00	87.12	87.27	0.00	59	59	0.00	0.00	164.29	34.21	0.00	0.00
508	16.70	3044	2500	2.57	6741	0	0	2282	0.00	83.28	83.30	0.00	60	60	0.00	0.00	169.25	25.35	0.00	0.00
499	16.68	2988	2504	2.26	6693	0	0	2285	0.00	83.45	83.32	0.00	59	59	0.00	0.00	174.61	29.30	0.00	0.00
422	15.65	2695	2499	0.89	6327	0	2	2224	0.00	84.31	84.35	0.00	59	59	0.00	0.00	182.89	43.42	0.00	0.00
423	15.68	2695	2500	0.89	6654	0	0	2507	0.00	84.32	84.32	0.00	59	59	0.00	0.00	183.53	43.58	0.00	0.00
415	14.37	2896	2492	1.88	5946	0	0	2292	0.00	85.33	85.63	0.00	60	60	0.00	0.00	165.07	30.95	0.00	0.00
512	16.80	3038	2508	2.67	6882	0	0	2413	0.00	83.44	83.20	0.00	59	60	0.00	0.00	172.17	26.37	0.00	0.00
503	16.81	2984	2507	2.16	6764	0	0	2297	0.00	83.41	83.19	0.00	60	60	0.00	0.00	178.55	30.88	0.00	0.00
417	15.52	2695	2494	0.90	6280	0	0	2242	0.00	84.30	84.48	0.00	59	59	0.00	0.00	180.86	42.64	0.00	0.00
392	14.55	2693	2501	0.94	6092	0	0	2238	0.00	85.50	85.45	0.00	59	59	0.00	0.00	181.36	43.28	0.00	0.00
371	12.90	2882	2497	1.94	5676	0	0	2423	0.00	86.98	87.10	0.00	60	60	0.00	0.00	162.45	30.85	0.00	0.00
498	16.72	2975	2502	2.48	6474	0	0	2085	0.00	83.32	83.28	0.00	59	60	0.00	0.00	176.31	31.06	0.00	0.00
460	16.52	2788	2497	1.28	6345	0	0	2025	0.00	83.37	83.48	0.00	59	59	0.00	0.00	183.02	39.89	0.00	0.00
389	14.40	2695	2506	0.94	6448	0	0	2665	0.00	85.83	85.60	0.00	58	58	0.00	0.00	183.28	43.78	0.00	0.00
313	11.32	2786	2482	1.69	5129	0	0	2347	0.00	88.05	88.68	0.00	59	60	0.00	0.00	159.02	33.97	0.00	0.00
502	16.73	2999	2502	2.63	6593	0	0	2078	0.00	83.33	83.27	0.00	60	60	0.00	0.00	174.62	29.25	0.00	0.00
485	16.62	2904	2512	2.06	6575	0	0	2186	0.00	83.76	83.38	0.00	59	59	0.00	0.00	181.74	35.45	0.00	0.00
404	14.96	2695	2504	0.92	6148	0	0	2226	0.00	85.20	85.04	0.00	59	59	0.00	0.00	182.93	43.67	0.00	0.00
320	11.83	2694	2508	1.03	5586	0	0	2411	0.00	88.46	88.17	0.00	59	59	0.00	0.00	175.00	42.21	0.00	0.00
439	14.93	2958	2486	2.58	5583	0	0	1855	0.00	84.57	85.07	0.00	59	59	0.00	0.00	160.85	26.74	0.00	0.00
486	16.68	2916	2499	2.06	6663	0	0	2322	0.00	83.27	83.32	0.00	58	58	0.00	0.00	178.99	34.20	0.00	0.00
451	16.73	2695	2500	0.85	7254	0	2	2801	0.00	83.28	83.27	0.00	59	59	0.00	0.00	185.95	43.99	0.00	0.00
359	13.25	2695	2512	0.99	6117	0	0	2538	0.00	87.17	86.75	0.00	60	60	0.00	0.00	180.12	43.17	0.00	0.00
415	14.34	2898	2495	2.34	5914	0	0	2236	0.00	85.46	85.66	0.00	60	59	0.00	0.00	165.30	30.35	0.00	0.00
461	16.60	2782	2493	1.18	6388	0	0	2098	0.00	83.16	83.40	0.00	59	59	0.00	0.00	181.78	39.71	0.00	0.00
451	16.73	2695	2500	0.85	7079	0	0	2637	0.00	83.28	83.27	0.00	59	59	0.00	0.00	185.89	43.97	0.00	0.00
343	12.52	2739	2499	1.31	5678	0	0	2489	0.00	87.43	87.48	0.00	59	60	0.00	0.00	166.76	37.29	0.00	0.00
510	16.71	3048	2501	2.55	7044	0	0	2554	0.00	83.29	83.29	0.00	60	60	0.00	0.00	170.70	25.45	0.00	0.00
510	16.75	3040	2504	2.45	6657	0	0	2291	0.00	83.35	83.25	0.00	60	60	0.00	0.00	172.12	26.18	0.00	0.00
450	16.09	2799	2499	1.39	6593	0	0	2156	0.00	83.87	83.91	0.00	59	59	0.00	0.00	180.99	39.33	0.00	0.00
423	15.68	2695	2500	0.89	6638	0	0	2509	0.00	84.32	84.32	0.00	59	59	0.00	0.00	183.59	43.68	0.00	0.00
360	13.24	2720	2498	1.25	6471	0	0	2494	0.00	86.67	86.76	0.00	60	60	0.00	0.00	169.23	37.85	0.00	0.00
503	16.60	3040	2492	2.43	6714	0	0	2324	0.00	83.13	83.40	0.00	60	60	0.00	0.00	169.98	25.97	0.00	0.00
492	16.78	2921	2507	1.96	6831	0	0	2390	0.00	83.45	83.22	0.00	59	59	0.00	0.00	179.76	33.71	0.00	0.00
431	16.00	2695	2500	0.88	8209	0	0	2468	0.00	84.02	84.00	0.00	59	59	0.00	0.00	184.77	43.76	0.00	0.00
387	14.34	2693	2504	0.95	6217	0	0	2545	0.00	85.81	85.66	0.00	59	58	0.00	0.00	181.57	43.46	0.00	0.00
412	14.17	2910	2496	2.26	5821	0	0	2206	0.00	85.67	85.83	0.00	60	60	0.00	0.00	165.70	30.40	0.00	0.00
472	16.47	2868	2499	1.80	6499	0	0	2132	0.00	83.49	83.53	0.00	60	60	0.00	0.00	179.69	36.12	0.00	0.00
451	16.73	2695	2500	0.85	7019	0	0	2626	0.00	83.28	83.27	0.00	59	59	0.00	0.00	185.82	44.00	0.00	0.00
319	11.75	2695	2519	1.01	5706	0	2	2558	0.00	88.92	88.25	0.00	58	58	0.00	0.00	175.21	42.17	0.00	0.00
439	14.79	2988	2482	2.34	5724	0	0	1973	0.00	84.59	85.21	0.00	60	60	0.00	0.00	158.48	25.03	0.00	0.00
509	16.80	3021	2507	2.44	6490	0	0	2074	0.00	83.43	83.20	0.00	60	60	0.00	0.00	173.86	27.82	0.00	0.00
463	16.51	2815	2492	1.53	6373	0	0	2101	0.00	83.23	83.49	0.00	59	59	0.00	0.00	180.55	38.50	0.00	0.00
428	15.83	2695	2505	0.88	6755	0	0	2594	0.00	84.36	84.17	0.00	60	60	0.00	0.00	185.46	44.12	0.00	0.00
301	11.18	2701	2495	1.30	5343	0	0	2473	0.00	88.64	88.82	0.00	60	60	0.00	0.00	163.60	37.90	0.00	0.00
510	16.70	3052	2500	2.49	6976	0	0	2513	0.00	83.29	83.30	0.00	61	61	0.00	0.00	169.75	25.38	0.00	0.00
506	16.78	3012	2506	2.38	6623	0	0	2194	0.00	83.39	83.22	0.00	60	60	0.00	0.00	173.72	27.57	0.00	0.00
420	15.58	2697	2496	0.89	6412	0	0	2505	0.00	84.29	84.42	0.00	60	60	0.00	0.00	181.70	42.81	0.00	0.00
423	15.69	2695	2500	0.89	6846	0	0	2645	0.00	84.32	84.31	0.00	60	60	0.00	0.00	183.52	43.59	0.00	0.00
415	14.64	2847	2488	1.81	6543	0	0	2716	0.00	84.92	85.36	0.00	60	60	0.00	0.00	167.66	32.90	0.00	0.00
515	16.88	3032	2514	2.42	6798	0	0	2293	0.00	83.55	83.12	0.00	60	60	0.00	0.00	174.16	27.01	0.00	0.00
469	16.44	2853	2498	1.71	6465	0	0	2209	0.00	83.47	83.56	0.00	59	59	0.00	0.00	179.86	36.80	0.00	0.00
426	15.80	2696	2500	0.89	6544	0	0	2496	0.00	84.21	84.20	0.00	59	59	0.00	0.00	184.30	43.81	0.00	0.00
333	12.25	2694	2520	0.99	5593	0	0	2453	0.00	88.45	87.75	0.00	58	58	0.00	0.00	176.97	42.36	0.00	0.00
470	15.70	3008	2486	2.56	5712	0	0	1765	0.00	83.80	84.30	0.00	60	60	0.00	0.00	162.03	24.88	0.00	0.00
505	16.63	3041	2495	2.53	6791	0	0	2361	0.00	83.17	83.37	0.00	61	62	0.00	0.00	169.15	25.67	0.00	0.00
467	16.23	2872	2503	1.79	6416	0	0	2149	0.00	83.84	83.77	0.00	60	60	0.00	0.00	179.54	35.71	0.00	0.00
423	15.69	2695	2500	0.89	6746	0	0	2574	0.00	84.32	84.31	0.00	60	60	0.00	0.00	183.76	43.49	0.00	0.00
356	13.10	2696	2518	0.96	5710	0	0	2333	0.00	87.52	86.90	0.00	60	60	0.00	0.00	180.17	43.07	0.00	0.00
455	15.28	3002	2481	2.44	5873	0	0	2025	0.00	84.06	84.72	0.00	60	61	0.00	0.00	159.51	24.71	0.00	0.00
508	16.67	3049	2499	2.62	6628	0	0	2274	0.00	83.28	83.33	0.00	60	60	0.00	0.00	170.29	25.34	0.00	0.00
470	16.36	2874	2501	1.66	6494	0	0	2208	0.00	83.66	83.64	0.00	59	59	0.00	0.00	178.50	35.21	0.00	0.00
423	15.68	2695	2500	0.89	6501	0	0	2546	0.00	84.33	84.32	0.00	59	59	0.00	0.00	183.95	43.58	0.00	0.00
399	14.68	2696	2521	0.91	5919	0	0	2230	0.00	86.03	85.32	0.00	59	59	0.00	0.00	185.88	44.11	0.00	0.00
465	15.62	3006	2477	2.59	5784	0	0	1882	0.00	83.58	84.38	0.00	61	60	0.00	0.00	160.38	24.68	0.00	0.00
508	16.76	3026	2505	2.59	6568	0	0	2101	0.00	83.38	83.24	0.00	60	60	0.00	0.00	174.63	27.20	0.00	0.00
466	16.31	2855	2499	1.76	6429	0	0	2144	0.00	83.65	83.69	0.00	59	59	0.00	0.00	180.31	36.66	0.00	0.00
398	14.77	2692	2500	0.93	6421	0	1	2479	0.00	85.22	85.23	0.00	60	60	0.00	0.00	181.93	43.30	0.00	0.00
329	12.08	2695	2523	0.97	5575	0	0	2466	0.00	88.71	87.92	0.00	55	56	0.00	0.00	175.81	41.76	0.00	0.00
489	16.35	3015	2480	2.14	6577	0	2	2455	0.00	82.98	83.65	0.00	60	60	0.00	0.00	163.09	24.61	0.00	0.00
497	16.45	3041	2481	2.56	6866	0	0	2500	0.00	82.90	83.55	0.00	60	60	0.00	0.00	165.88	24.82	0.00	0.00
465	16.35	2823	2520	1.54	6425	0	0	2064	0.00	84.31	83.65	0.00	59	59	0.00	0.00	185.15	38.96	0.00	0.00
423	15.69	2695	2500	0.89	6782	0	0	2625	0.00	84.32	84.31	0.00	60	60	0.00	0.00	183.79	43.56	0.00	0.00
336	12.56	2681	2497	1.08	5836	0	0	2619	0.00	87.35	87.44	0.00	59	59	0.00	0.00	169.07	39.44	0.00	0.00
509	16.72	3048	2499	2.52	6720	0	1	2212	0.00	83.24	83.28	0.00	60	60	0.00	0.00	169.71	25.20	0.00	0.00
508	16.66	3047	2500	2.52	6627	0	0	2238	0.00	83.34	83.34	0.00	60	60	0.00	0.00	169.44	25.13	0.00	0.00
478	16.46	2902	2503	1.77	6645	0	0	2392	0.00	83.62	83.54	0.00	59	59	0.00	0.00	179.21	34.37	0.00	0.00
423	15.69	2695	2500	0.89	6734	0	2	2572	0.00	84.33	84.31	0.00	59	59	0.00	0.00	183.60	43.42	0.00	0.00
389	14.38	2692	2509	0.94	6326	0	42	2715	0.00	85.93	85.62	0.00	59	59	0.00	0.00	183.64	43.89	0.00	0.00
428	14.37	2990	2491	2.44	5730	0	1	2091	0.00	85.29	85.63	0.00	60	60	0.00	0.00	159.75	25.77	0.00	0.00
506	16.70	3030	2500	2.57	6718	0	0	2366	0.00	83.29	83.30	0.00	61	61	0.00	0.00	171.16	26.38	0.00	0.00
479	16.46	2908	2500	1.86	6820	0	0	2457	0.00	83.53	83.54	0.00	59	59	0.00	0.00	178.86	33.96	0.00	0.00
426	15.92	2678	2500	0.89	2673	0	0	2129	0.00	84.12	84.08	0.00	59	59	0.00	0.00	183.70	43.39	0.00	0.00
