Avg_MHz	Busy%	Bzy_MHz	TSC_MHz	IPC	IRQ	SMI	POLL	C1	POLL%	C1%	CPU%c1	CPU%c6	CoreTmp	PkgTmp	Pkg%pc2	Pkg%pc6	PkgWatt	RAMWatt	PKG_%	RAM_%
518	16.74	3094	2503	0.50	6674	0	1	2324	0.00	83.37	83.26	0.00	51	51	0.00	0.00	171.98	36.55	0.00	0.00
518	16.73	3094	2500	0.50	6824	0	2	2600	0.00	83.29	83.27	0.00	51	51	0.00	0.00	172.02	36.47	0.00	0.00
517	16.73	3094	2500	0.50	6948	0	0	2747	0.00	83.28	83.27	0.00	51	51	0.00	0.00	171.73	36.50	0.00	0.00
517	16.72	3094	2500	0.50	6496	0	0	2330	0.00	83.28	83.28	0.00	51	51	0.00	0.00	171.90	36.46	0.00	0.00
517	16.73	3093	2500	0.50	6742	0	2	2561	0.00	83.26	83.27	0.00	52	52	0.00	0.00	172.13	36.47	0.00	0.00
518	16.73	3094	2500	0.50	6621	0	2	2422	0.00	83.29	83.27	0.00	51	51	0.00	0.00	172.01	36.43	0.00	0.00
517	16.72	3094	2500	0.50	6647	0	0	2432	0.00	83.28	83.28	0.00	52	52	0.00	0.00	172.02	36.53	0.00	0.00
517	16.72	3094	2500	0.50	6654	0	0	2444	0.00	83.29	83.28	0.00	52	52	0.00	0.00	172.18	36.48	0.00	0.00
517	16.73	3094	2500	0.50	6854	0	0	2686	0.00	83.27	83.27	0.00	52	52	0.00	0.00	172.20	36.49	0.00	0.00
517	16.72	3094	2500	0.50	6655	0	0	2474	0.00	83.29	83.28	0.00	52	52	0.00	0.00	172.08	36.54	0.00	0.00
517	16.72	3094	2500	0.50	6716	0	0	2575	0.00	83.28	83.28	0.00	52	52	0.00	0.00	172.04	36.55	0.00	0.00
517	16.72	3094	2500	0.50	6931	0	2	2688	0.00	83.28	83.28	0.00	52	52	0.00	0.00	172.23	36.63	0.00	0.00
517	16.72	3094	2500	0.50	6746	0	0	2504	0.00	83.28	83.28	0.00	52	52	0.00	0.00	172.03	36.57	0.00	0.00
517	16.72	3094	2500	0.50	6575	0	1	2363	0.00	83.29	83.28	0.00	53	53	0.00	0.00	171.96	36.55	0.00	0.00
518	16.73	3094	2500	0.50	7044	0	0	2822	0.00	83.28	83.27	0.00	52	52	0.00	0.00	172.33	36.57	0.00	0.00
518	16.72	3094	2500	0.50	6685	0	0	2476	0.00	83.28	83.28	0.00	53	53	0.00	0.00	172.20	36.55	0.00	0.00
517	16.72	3095	2500	0.50	6416	0	0	2197	0.00	83.29	83.28	0.00	53	53	0.00	0.00	171.96	36.49	0.00	0.00
517	16.72	3095	2500	0.50	6529	0	2	2329	0.00	83.29	83.28	0.00	53	53	0.00	0.00	172.43	36.56	0.00	0.00
517	16.72	3094	2500	0.50	6768	0	0	2587	0.00	83.28	83.28	0.00	53	53	0.00	0.00	172.25	36.57	0.00	0.00
517	16.72	3094	2500	0.50	6646	0	0	2429	0.00	83.29	83.28	0.00	53	53	0.00	0.00	172.36	36.61	0.00	0.00
517	16.72	3094	2500	0.50	6896	0	0	2691	0.00	83.28	83.28	0.00	53	53	0.00	0.00	172.54	36.63	0.00	0.00
518	16.74	3093	2500	0.50	7216	0	1	2433	0.00	83.25	83.26	0.00	53	53	0.00	0.00	172.28	36.54	0.00	0.00
518	16.72	3094	2500	0.50	6692	0	0	2492	0.00	83.29	83.28	0.00	53	53	0.00	0.00	172.63	36.58	0.00	0.00
517	16.72	3094	2500	0.50	6672	0	0	2502	0.00	83.29	83.28	0.00	53	53	0.00	0.00	172.43	36.60	0.00	0.00
518	16.75	3090	2499	0.50	7821	0	0	3490	0.00	83.23	83.25	0.00	54	54	0.00	0.00	172.65	36.47	0.00	0.00
518	16.76	3092	2500	0.50	7255	0	5	2535	0.00	83.26	83.24	0.00	54	54	0.00	0.00	172.75	36.41	0.00	0.00
518	16.73	3094	2501	0.50	7230	0	0	2683	0.00	83.30	83.27	0.00	53	53	0.00	0.00	172.57	36.46	0.00	0.00
518	16.73	3094	2500	0.50	6874	0	1	2669	0.00	83.28	83.27	0.00	54	54	0.00	0.00	172.61	36.60	0.00	0.00
517	16.72	3095	2500	0.50	6445	0	0	2285	0.00	83.28	83.28	0.00	54	54	0.00	0.00	172.66	36.63	0.00	0.00
518	16.72	3094	2500	0.50	6744	0	0	2566	0.00	83.29	83.28	0.00	54	54	0.00	0.00	172.32	36.63	0.00	0.00
517	16.72	3094	2500	0.50	6572	0	0	2347	0.00	83.29	83.28	0.00	54	54	0.00	0.00	172.61	36.53	0.00	0.00
517	16.72	3094	2500	0.50	6744	0	0	2510	0.00	83.28	83.28	0.00	54	54	0.00	0.00	172.71	36.52	0.00	0.00
517	16.72	3094	2500	0.50	6608	0	0	2458	0.00	83.28	83.28	0.00	54	54	0.00	0.00	172.90	36.69	0.00	0.00
517	16.72	3095	2500	0.50	6283	0	0	2099	0.00	83.29	83.28	0.00	54	54	0.00	0.00	172.74	36.56	0.00	0.00
517	16.72	3095	2500	0.50	6500	0	0	2310	0.00	83.28	83.28	0.00	54	54	0.00	0.00	172.70	36.48	0.00	0.00
518	16.73	3094	2500	0.50	6801	0	0	2585	0.00	83.28	83.27	0.00	54	54	0.00	0.00	172.76	36.49	0.00	0.00
518	16.73	3094	2500	0.50	7062	0	0	2825	0.00	83.28	83.27	0.00	54	54	0.00	0.00	172.96	36.55	0.00	0.00
518	16.73	3094	2500	0.50	6928	0	1	2754	0.00	83.28	83.27	0.00	55	55	0.00	0.00	172.83	36.59	0.00	0.00
517	16.72	3095	2500	0.50	6483	0	0	2326	0.00	83.29	83.28	0.00	55	55	0.00	0.00	172.88	36.51	0.00	0.00
518	16.72	3094	2500	0.50	6816	0	1	2653	0.00	83.28	83.28	0.00	55	55	0.00	0.00	173.34	36.48	0.00	0.00
517	16.72	3094	2500	0.50	6756	0	1	2520	0.00	83.28	83.28	0.00	55	55	0.00	0.00	173.19	36.50	0.00	0.00
517	16.72	3095	2500	0.50	6552	0	0	2398	0.00	83.29	83.28	0.00	55	55	0.00	0.00	173.09	36.59	0.00	0.00
517	16.72	3094	2500	0.50	6788	0	1	2572	0.00	83.28	83.28	0.00	55	55	0.00	0.00	173.24	36.58	0.00	0.00
518	16.72	3094	2500	0.50	6761	0	0	2555	0.00	83.29	83.28	0.00	55	55	0.00	0.00	173.03	36.51	0.00	0.00
517	16.72	3094	2500	0.50	6601	0	0	2417	0.00	83.28	83.28	0.00	55	55	0.00	0.00	173.10	36.50	0.00	0.00
517	16.72	3094	2500	0.50	6739	0	0	2492	0.00	83.29	83.28	0.00	55	55	0.00	0.00	172.81	36.55	0.00	0.00
517	16.72	3094	2500	0.50	6843	0	0	2659	0.00	83.28	83.28	0.00	55	55	0.00	0.00	172.98	36.61	0.00	0.00
517	16.72	3094	2500	0.50	6584	0	2	2368	0.00	83.29	83.28	0.00	55	55	0.00	0.00	173.06	36.56	0.00	0.00
517	16.72	3094	2500	0.50	6941	0	1	2739	0.00	83.28	83.28	0.00	55	55	0.00	0.00	173.02	36.54	0.00	0.00
517	16.72	3095	2500	0.50	6586	0	2	2414	0.00	83.29	83.28	0.00	55	55	0.00	0.00	173.05	36.55	0.00	0.00
517	16.72	3094	2500	0.50	6710	0	2	2519	0.00	83.28	83.28	0.00	55	55	0.00	0.00	173.37	36.59	0.00	0.00
517	16.72	3094	2500	0.50	6772	0	4	2565	0.00	83.28	83.28	0.00	55	55	0.00	0.00	173.26	36.49	0.00	0.00
517	16.72	3094	2500	0.50	6740	0	7	2501	0.00	83.28	83.28	0.00	55	55	0.00	0.00	173.19	36.50	0.00	0.00
503	16.42	3095	2477	0.50	6569	0	2	2448	0.00	82.84	83.58	0.00	55	55	0.00	0.00	166.41	35.00	0.00	0.00
517	16.72	3095	2500	0.50	6707	0	2	2295	0.00	83.28	83.28	0.00	55	55	0.00	0.00	173.07	36.44	0.00	0.00
517	16.72	3094	2500	0.50	7153	0	0	2730	0.00	83.28	83.28	0.00	55	55	0.00	0.00	172.22	36.36	0.00	0.00
517	16.72	3095	2500	0.50	6866	0	1	2437	0.00	83.29	83.28	0.00	55	55	0.00	0.00	172.93	36.48	0.00	0.00
517	16.72	3095	2500	0.50	6974	0	1	2519	0.00	83.29	83.28	0.00	55	55	0.00	0.00	172.81	36.44	0.00	0.00
517	16.72	3095	2500	0.50	6797	0	2	2379	0.00	83.28	83.28	0.00	55	55	0.00	0.00	172.72	36.48	0.00	0.00
517	16.72	3095	2500	0.50	6725	0	2	2278	0.00	83.29	83.28	0.00	55	55	0.00	0.00	172.64	36.46	0.00	0.00
517	16.72	3095	2500	0.50	6968	0	2	2512	0.00	83.29	83.28	0.00	56	56	0.00	0.00	172.87	36.51	0.00	0.00
517	16.72	3094	2500	0.50	7034	0	2	2622	0.00	83.29	83.28	0.00	56	56	0.00	0.00	172.73	36.48	0.00	0.00
517	16.72	3095	2500	0.50	6775	0	2	2362	0.00	83.29	83.28	0.00	56	56	0.00	0.00	172.89	36.52	0.00	0.00
518	16.73	3094	2500	0.50	7342	0	3	2723	0.00	83.28	83.27	0.00	56	56	0.00	0.00	173.10	36.51	0.00	0.00
517	16.71	3095	2500	0.50	6646	0	1	2148	0.00	83.29	83.29	0.00	56	56	0.00	0.00	172.85	36.46	0.00	0.00
517	16.72	3095	2500	0.50	7000	0	1	2382	0.00	83.29	83.28	0.00	56	56	0.00	0.00	173.04	36.45	0.00	0.00
517	16.72	3095	2500	0.50	6957	0	1	2526	0.00	83.28	83.28	0.00	56	56	0.00	0.00	172.84	36.55	0.00	0.00
517	16.72	3095	2500	0.50	7419	0	2	2631	0.00	83.29	83.28	0.00	56	56	0.00	0.00	173.03	36.46	0.00	0.00
518	16.74	3092	2499	0.50	7352	0	2	2605	0.00	83.24	83.26	0.00	56	56	0.00	0.00	172.95	36.54	0.00	0.00
518	16.72	3095	2501	0.50	6780	0	0	2313	0.00	83.30	83.28	0.00	56	56	0.00	0.00	173.21	36.57	0.00	0.00
517	16.72	3095	2500	0.50	6924	0	0	2477	0.00	83.29	83.28	0.00	56	56	0.00	0.00	173.11	36.50	0.00	0.00
517	16.72	3095	2500	0.50	6717	0	0	2292	0.00	83.29	83.28	0.00	56	56	0.00	0.00	172.90	36.52	0.00	0.00
517	16.72	3094	2500	0.50	7092	0	2	2659	0.00	83.29	83.28	0.00	56	56	0.00	0.00	172.81	36.49	0.00	0.00
517	16.72	3095	2500	0.50	6822	0	3	2361	0.00	83.28	83.28	0.00	56	56	0.00	0.00	172.71	36.51	0.00	0.00
517	16.72	3095	2500	0.50	6805	0	1	2338	0.00	83.29	83.28	0.00	56	56	0.00	0.00	173.18	36.51	0.00	0.00
517	16.72	3095	2500	0.50	6915	0	2	2467	0.00	83.29	83.28	0.00	56	56	0.00	0.00	173.01	36.42	0.00	0.00
517	16.72	3095	2500	0.50	6714	0	0	2323	0.00	83.29	83.28	0.00	56	56	0.00	0.00	172.91	36.53	0.00	0.00
525	16.89	3095	2513	0.50	6893	0	13	2460	0.00	83.55	83.11	0.00	56	56	0.00	0.00	176.26	37.17	0.00	0.00
509	16.53	3094	2487	0.50	6867	0	11	2549	0.00	83.05	83.47	0.00	56	56	0.00	0.00	169.69	35.57	0.00	0.00
517	16.72	3095	2500	0.50	6772	0	0	2355	0.00	83.29	83.28	0.00	56	56	0.00	0.00	172.92	36.50	0.00	0.00
517	16.72	3095	2500	0.50	6656	0	0	2170	0.00	83.29	83.28	0.00	56	56	0.00	0.00	173.27	36.49	0.00	0.00
517	16.72	3095	2500	0.50	6626	0	0	2262	0.00	83.29	83.28	0.00	56	56	0.00	0.00	173.00	36.47	0.00	0.00
517	16.72	3095	2500	0.50	6936	0	0	2469	0.00	83.28	83.28	0.00	56	56	0.00	0.00	172.63	36.33	0.00	0.00
517	16.72	3095	2500	0.50	6787	0	0	2367	0.00	83.29	83.28	0.00	56	56	0.00	0.00	172.70	36.42	0.00	0.00
517	16.72	3095	2500	0.50	6692	0	0	2212	0.00	83.29	83.28	0.00	56	56	0.00	0.00	173.13	36.42	0.00	0.00
517	16.72	3095	2500	0.50	6648	0	0	2214	0.00	83.29	83.28	0.00	57	57	0.00	0.00	173.34	36.49	0.00	0.00
517	16.72	3095	2500	0.50	6741	0	0	2322	0.00	83.29	83.28	0.00	56	57	0.00	0.00	173.26	36.54	0.00	0.00
517	16.72	3094	2500	0.50	7125	0	0	2703	0.00	83.29	83.28	0.00	56	56	0.00	0.00	173.23	36.43	0.00	0.00
517	16.72	3095	2500	0.50	6602	0	0	2166	0.00	83.29	83.28	0.00	57	57	0.00	0.00	173.65	36.49	0.00	0.00
517	16.72	3095	2500	0.50	6855	0	0	2389	0.00	83.29	83.28	0.00	56	56	0.00	0.00	173.28	36.40	0.00	0.00
518	16.72	3095	2500	0.50	6860	0	0	2450	0.00	83.29	83.28	0.00	57	57	0.00	0.00	173.98	36.59	0.00	0.00
517	16.72	3095	2500	0.50	6890	0	0	2468	0.00	83.28	83.28	0.00	57	57	0.00	0.00	172.89	36.38	0.00	0.00
517	16.72	3095	2500	0.50	6936	0	0	2477	0.00	83.28	83.28	0.00	57	57	0.00	0.00	173.21	36.38	0.00	0.00
517	16.72	3095	2500	0.50	6932	0	1	2479	0.00	83.29	83.28	0.00	57	57	0.00	0.00	173.69	36.35	0.00	0.00
517	16.72	3095	2500	0.50	6896	0	0	2424	0.00	83.29	83.28	0.00	57	57	0.00	0.00	173.49	36.32	0.00	0.00
517	16.72	3094	2500	0.50	6631	0	3	2249	0.00	83.29	83.28	0.00	57	57	0.00	0.00	173.67	36.37	0.00	0.00
517	16.72	3095	2500	0.50	7004	0	2	2597	0.00	83.29	83.28	0.00	57	57	0.00	0.00	173.38	36.40	0.00	0.00
517	16.72	3095	2500	0.50	7006	0	1	2564	0.00	83.29	83.28	0.00	57	57	0.00	0.00	173.50	36.45	0.00	0.00
517	16.72	3095	2500	0.50	6883	0	3	2435	0.00	83.29	83.28	0.00	57	57	0.00	0.00	173.60	36.47	0.00	0.00
517	16.72	3095	2500	0.50	6812	0	0	2390	0.00	83.29	83.28	0.00	57	57	0.00	0.00	173.50	36.43	0.00	0.00
517	16.72	3094	2500	0.50	7067	0	0	2630	0.00	83.27	83.28	0.00	57	57	0.00	0.00	173.34	36.53	0.00	0.00
518	16.72	3095	2500	0.50	6725	0	0	2329	0.00	83.29	83.28	0.00	57	57	0.00	0.00	173.49	36.58	0.00	0.00
517	16.72	3094	2500	0.50	6962	0	2	2522	0.00	83.29	83.28	0.00	57	57	0.00	0.00	173.23	36.53	0.00	0.00
518	16.78	3088	2499	0.50	7128	0	1	2533	0.00	83.20	83.22	0.00	57	57	0.00	0.00	173.65	36.54	0.00	0.00
