Avg_MHz	Busy%	Bzy_MHz	TSC_MHz	IPC	IRQ	SMI	POLL	C1	POLL%	C1%	CPU%c1	CPU%c6	CoreTmp	PkgTmp	Pkg%pc2	Pkg%pc6	PkgWatt	RAMWatt	PKG_%	RAM_%
1353	49.92	2700	2510	0.17	20493	0	3	2465	0.00	50.29	50.08	0.00	56	56	0.00	0.00	261.00	57.74	0.00	0.00
1341	49.90	2700	2488	0.18	21657	0	1	2547	0.00	49.86	50.10	0.00	56	55	0.00	0.00	258.51	57.19	0.00	0.00
1358	49.98	2701	2516	0.17	20676	0	2	2589	0.00	50.33	50.02	0.00	56	56	0.00	0.00	261.09	57.31	0.00	0.00
1343	49.84	2699	2495	0.18	20774	0	0	2524	0.00	50.07	50.16	0.00	56	56	0.00	0.00	259.38	57.60	0.00	0.00
1340	49.83	2700	2489	0.17	21080	0	0	2509	0.00	49.96	50.17	0.00	56	56	0.00	0.00	258.17	56.99	0.00	0.00
1345	49.81	2700	2500	0.18	22980	0	4	2464	0.00	50.19	50.19	0.00	56	56	0.00	0.00	261.09	57.87	0.00	0.00
1349	49.93	2701	2501	0.18	528469	0	3	2572	0.00	50.08	50.07	0.00	56	56	0.00	0.00	262.34	57.92	0.00	0.00
1354	49.99	2701	2508	0.19	1039408	0	1	2526	0.00	50.17	50.01	0.00	56	56	0.00	0.00	262.72	57.69	0.00	0.00
1363	49.94	2701	2526	0.19	1262368	0	3	2529	0.00	50.59	50.06	0.00	56	56	0.00	0.00	267.60	58.66	0.00	0.00
1326	49.77	2702	2466	0.17	37348	0	5	2551	0.00	49.55	50.23	0.00	56	56	0.00	0.00	255.42	55.69	0.00	0.00
1403	49.97	2702	2599	0.17	21115	0	0	2455	0.00	52.01	50.03	0.00	56	56	0.00	0.00	275.42	60.04	0.00	0.00
1296	49.71	2701	2414	0.17	18834	0	6	2457	0.00	48.56	50.29	0.00	56	56	0.00	0.00	247.27	53.82	0.00	0.00
1343	49.84	2701	2494	0.18	20995	0	0	2643	0.00	50.03	50.16	0.00	56	56	0.00	0.00	260.55	56.86	0.00	0.00
1353	49.97	2701	2506	0.17	22245	0	0	2562	0.00	50.16	50.03	0.00	56	56	0.00	0.00	260.66	56.53	0.00	0.00
1350	49.97	2700	2501	0.17	20371	0	1	2361	0.00	50.06	50.03	0.00	56	56	0.00	0.00	259.88	56.27	0.00	0.00
1339	49.65	2699	2498	0.18	118688	0	1	2876	0.00	50.30	50.35	0.00	57	57	0.00	0.00	262.41	57.92	0.00	0.00
1348	50.01	2700	2495	0.18	20588	0	2	2437	0.00	49.89	49.99	0.00	57	57	0.00	0.00	263.46	58.36	0.00	0.00
1357	49.96	2701	2514	0.18	366922	0	5	2796	0.00	50.32	50.04	0.00	57	57	0.00	0.00	264.80	58.02	0.00	0.00
1349	49.99	2701	2498	0.18	680683	0	4	2545	0.00	49.96	50.01	0.00	56	57	0.00	0.00	260.85	56.51	0.00	0.00
1344	49.82	2701	2498	0.17	567106	0	5	2671	0.00	50.14	50.18	0.00	57	56	0.00	0.00	257.43	54.91	0.00	0.00
1341	49.72	2703	2494	0.17	424991	0	0	2549	0.00	50.17	50.28	0.00	56	57	0.00	0.00	256.94	55.23	0.00	0.00
1349	49.97	2701	2499	0.17	1075189	0	2	2381	0.00	50.01	50.03	0.00	57	57	0.00	0.00	258.45	55.28	0.00	0.00
1350	50.01	2700	2499	0.17	450987	0	4	2879	0.00	49.98	49.99	0.00	57	57	0.00	0.00	259.75	56.04	0.00	0.00
1354	49.91	2700	2512	0.17	196093	0	6	2463	0.00	50.33	50.09	0.00	57	57	0.00	0.00	261.67	56.88	0.00	0.00
1349	49.90	2699	2503	0.17	22502	0	5	2631	0.00	50.17	50.10	0.00	57	57	0.00	0.00	260.99	56.88	0.00	0.00
1350	49.64	2708	2510	0.18	20644	0	4	2740	0.00	50.57	50.36	0.00	58	57	0.00	0.00	264.08	57.49	0.00	0.00
1334	49.69	2702	2484	0.17	49922	0	5	2754	0.00	49.99	50.31	0.00	57	57	0.00	0.00	255.99	55.61	0.00	0.00
1346	49.95	2701	2495	0.17	21298	0	3	2415	0.00	49.96	50.05	0.00	57	57	0.00	0.00	258.10	55.88	0.00	0.00
1347	49.73	2702	2506	0.18	20167	0	3	2810	0.00	50.38	50.27	0.00	57	57	0.00	0.00	262.57	57.18	0.00	0.00
1347	49.88	2699	2501	0.18	25275	0	2	2499	0.00	50.16	50.12	0.00	57	57	0.00	0.00	263.08	58.41	0.00	0.00
1347	49.41	2704	2519	0.18	19501	0	1	2676	0.00	50.98	50.59	0.00	57	57	0.00	0.00	264.48	57.91	0.00	0.00
1340	49.85	2700	2488	0.17	94047	0	0	2614	0.00	49.91	50.15	0.00	57	57	0.00	0.00	259.28	56.45	0.00	0.00
1340	49.80	2701	2490	0.17	19560	0	1	2452	0.00	50.01	50.20	0.00	57	57	0.00	0.00	258.78	56.07	0.00	0.00
1351	49.86	2701	2508	0.18	514086	0	0	2798	0.00	50.30	50.14	0.00	58	57	0.00	0.00	263.32	57.48	0.00	0.00
1340	49.62	2702	2499	0.17	19630	0	1	2676	0.00	50.37	50.38	0.00	58	58	0.00	0.00	259.46	56.37	0.00	0.00
1350	49.97	2703	2499	0.17	502900	0	1	2497	0.00	50.03	50.03	0.00	58	57	0.00	0.00	261.41	56.57	0.00	0.00
1339	49.67	2700	2495	0.17	196662	0	4	2977	0.00	50.23	50.33	0.00	58	57	0.00	0.00	257.68	55.24	0.00	0.00
1352	49.95	2700	2506	0.17	366602	0	3	2454	0.00	50.17	50.05	0.00	58	58	0.00	0.00	259.69	55.99	0.00	0.00
1347	49.76	2700	2505	0.17	19185	0	2	2289	0.00	50.35	50.24	0.00	58	58	0.00	0.00	258.55	55.61	0.00	0.00
1363	49.93	2701	2527	0.17	185913	0	0	2426	0.00	50.62	50.07	0.00	58	58	0.00	0.00	262.52	56.15	0.00	0.00
1342	49.78	2704	2493	0.17	19532	0	1	2692	0.00	50.09	50.22	0.00	58	58	0.00	0.00	261.33	56.23	0.00	0.00
1327	49.67	2705	2469	0.17	326978	0	0	2595	0.00	49.70	50.33	0.00	58	59	0.00	0.00	253.71	54.37	0.00	0.00
1349	49.91	2702	2500	0.17	165968	0	2	2718	0.00	50.09	50.09	0.00	58	58	0.00	0.00	262.19	57.29	0.00	0.00
1343	49.84	2701	2494	0.17	171262	0	5	2392	0.00	50.05	50.16	0.00	58	58	0.00	0.00	260.52	56.82	0.00	0.00
1338	49.51	2702	2500	0.18	20711	0	4	3172	0.00	50.49	50.49	0.00	58	58	0.00	0.00	262.35	57.60	0.00	0.00
1352	49.93	2702	2505	0.17	322226	0	3	3141	0.00	50.17	50.07	0.00	58	58	0.00	0.00	261.89	56.88	0.00	0.00
1353	49.95	2700	2508	0.17	20423	0	5	2668	0.00	50.21	50.05	0.00	58	58	0.00	0.00	260.83	56.18	0.00	0.00
1350	49.86	2702	2506	0.17	185904	0	1	2895	0.00	50.27	50.14	0.00	59	58	0.00	0.00	260.92	56.47	0.00	0.00
1340	49.89	2699	2488	0.17	20457	0	4	2746	0.00	49.87	50.11	0.00	58	58	0.00	0.00	260.66	57.05	0.00	0.00
1338	49.48	2701	2502	0.18	316992	0	1	2772	0.00	50.56	50.52	0.00	59	58	0.00	0.00	262.89	57.26	0.00	0.00
1350	49.94	2702	2501	0.18	19637	0	3	2847	0.00	50.08	50.06	0.00	59	59	0.00	0.00	262.45	57.59	0.00	0.00
1337	49.77	2700	2488	0.18	187698	0	0	2500	0.00	49.98	50.23	0.00	59	59	0.00	0.00	263.02	58.20	0.00	0.00
1351	49.75	2701	2514	0.18	20430	0	2	2994	0.00	50.53	50.25	0.00	59	59	0.00	0.00	266.89	59.13	0.00	0.00
1341	49.89	2700	2490	0.18	186928	0	5	2675	0.00	49.91	50.11	0.00	58	59	0.00	0.00	261.85	57.65	0.00	0.00
1344	49.92	2700	2492	0.17	19104	0	4	2623	0.00	49.94	50.08	0.00	59	59	0.00	0.00	261.67	57.25	0.00	0.00
1354	49.97	2701	2509	0.17	170749	0	0	2498	0.00	50.22	50.03	0.00	59	58	0.00	0.00	262.62	57.02	0.00	0.00
1336	49.43	2705	2497	0.17	19528	0	9	2650	0.00	50.52	50.57	0.00	59	59	0.00	0.00	260.24	56.56	0.00	0.00
1359	49.93	2701	2519	0.17	224795	0	1	2898	0.00	50.45	50.07	0.00	58	59	0.00	0.00	264.64	57.39	0.00	0.00
1346	49.64	2699	2511	0.17	19539	0	2	2729	0.00	50.59	50.36	0.00	58	59	0.00	0.00	263.83	57.64	0.00	0.00
1355	49.77	2702	2518	0.18	201464	0	3	2997	0.00	50.59	50.23	0.00	59	60	0.00	0.00	265.73	58.36	0.00	0.00
1319	49.47	2708	2461	0.18	19788	0	0	2957	0.00	49.74	50.53	0.00	59	59	0.00	0.00	258.64	56.66	0.00	0.00
1343	49.95	2700	2489	0.18	34605	0	0	2964	0.00	49.84	50.05	0.00	59	59	0.00	0.00	263.88	58.22	0.00	0.00
1353	49.88	2702	2510	0.18	20724	0	9	2911	0.00	50.32	50.12	0.00	60	59	0.00	0.00	265.80	58.47	0.00	0.00
1346	49.78	2700	2503	0.18	21792	0	1	2510	0.00	50.28	50.22	0.00	59	59	0.00	0.00	263.80	58.23	0.00	0.00
1343	49.66	2702	2503	0.18	20209	0	4	2575	0.00	50.40	50.34	0.00	59	59	0.00	0.00	263.94	58.05	0.00	0.00
1338	49.90	2700	2482	0.17	20086	0	1	2855	0.00	49.74	50.10	0.00	59	59	0.00	0.00	260.26	56.92	0.00	0.00
1357	49.97	2700	2513	0.17	20820	0	5	2636	0.00	50.30	50.03	0.00	59	59	0.00	0.00	265.26	57.89	0.00	0.00
1346	49.89	2700	2498	0.18	21263	0	3	2888	0.00	50.07	50.11	0.00	59	59	0.00	0.00	263.07	57.71	0.00	0.00
1352	49.93	2700	2508	0.17	20777	0	1	2727	0.00	50.23	50.07	0.00	59	59	0.00	0.00	264.38	57.37	0.00	0.00
1343	49.80	2700	2496	0.17	19779	0	3	2960	0.00	50.13	50.20	0.00	59	59	0.00	0.00	259.27	56.12	0.00	0.00
1338	49.91	2700	2483	0.17	19893	0	4	2544	0.00	49.74	50.09	0.00	59	59	0.00	0.00	259.05	56.05	0.00	0.00
1353	49.88	2700	2512	0.17	20501	0	0	2923	0.00	50.36	50.12	0.00	59	59	0.00	0.00	263.57	57.16	0.00	0.00
1340	49.80	2700	2491	0.17	19976	0	4	2851	0.00	50.02	50.20	0.00	59	60	0.00	0.00	260.46	56.80	0.00	0.00
1346	49.88	2700	2498	0.17	19425	0	4	2781	0.00	50.07	50.12	0.00	60	60	0.00	0.00	260.79	56.32	0.00	0.00
1354	49.79	2703	2516	0.17	21464	0	0	2713	0.00	50.53	50.21	0.00	59	59	0.00	0.00	264.32	57.26	0.00	0.00
1339	49.89	2699	2486	0.18	22745	0	0	2825	0.00	49.84	50.11	0.00	60	60	0.00	0.00	263.89	58.20	0.00	0.00
1351	49.96	2700	2504	0.18	20727	0	2	2655	0.00	50.13	50.04	0.00	60	60	0.00	0.00	266.32	59.14	0.00	0.00
1349	49.92	2700	2501	0.18	20931	0	0	2540	0.00	50.11	50.08	0.00	60	60	0.00	0.00	265.74	58.59	0.00	0.00
1350	49.90	2700	2506	0.18	19954	0	1	2603	0.00	50.22	50.10	0.00	60	60	0.00	0.00	266.22	58.87	0.00	0.00
1339	49.87	2700	2487	0.18	20926	0	0	2879	0.00	49.87	50.13	0.00	60	60	0.00	0.00	264.50	58.26	0.00	0.00
1361	49.95	2702	2521	0.18	36375	0	2	2534	0.00	50.47	50.05	0.00	60	60	0.00	0.00	268.96	59.35	0.00	0.00
1337	49.81	2702	2484	0.18	20598	0	1	2572	0.00	49.88	50.19	0.00	60	60	0.00	0.00	262.15	57.50	0.00	0.00
1349	49.88	2702	2503	0.17	20635	0	2	2751	0.00	50.19	50.12	0.00	60	60	0.00	0.00	262.72	57.05	0.00	0.00
1348	49.96	2700	2498	0.18	20823	0	4	2644	0.00	50.00	50.04	0.00	60	60	0.00	0.00	264.61	58.31	0.00	0.00
1346	49.93	2700	2497	0.18	20811	0	0	2580	0.00	50.00	50.07	0.00	60	60	0.00	0.00	265.63	58.61	0.00	0.00
1347	49.82	2700	2504	0.17	22129	0	1	2888	0.00	50.26	50.18	0.00	60	60	0.00	0.00	263.52	57.56	0.00	0.00
1345	49.92	2700	2494	0.17	20184	0	1	2982	0.00	49.97	50.08	0.00	60	60	0.00	0.00	262.61	57.33	0.00	0.00
1356	49.95	2701	2513	0.17	22549	0	0	2407	0.00	50.31	50.05	0.00	60	60	0.00	0.00	263.99	57.42	0.00	0.00
1340	49.82	2699	2491	0.18	20150	0	2	2851	0.00	50.00	50.18	0.00	60	60	0.00	0.00	263.51	57.88	0.00	0.00
1360	49.85	2702	2524	0.18	52267	0	0	2570	0.00	50.63	50.15	0.00	60	60	0.00	0.00	270.28	59.54	0.00	0.00
1331	49.82	2701	2473	0.18	19221	0	0	2574	0.00	49.64	50.18	0.00	60	60	0.00	0.00	259.89	57.12	0.00	0.00
1355	49.97	2700	2510	0.17	20912	0	2	2673	0.00	50.24	50.03	0.00	60	60	0.00	0.00	266.31	58.48	0.00	0.00
1342	49.67	2702	2500	0.17	20447	0	2	2972	0.00	50.33	50.33	0.00	60	60	0.00	0.00	261.08	56.21	0.00	0.00
1349	49.87	2700	2506	0.17	181050	0	3	2739	0.00	50.25	50.13	0.00	60	60	0.00	0.00	261.07	56.33	0.00	0.00
1369	49.87	2701	2541	0.17	18717	0	0	2415	0.00	50.95	50.13	0.00	60	60	0.00	0.00	268.06	58.12	0.00	0.00
1319	49.92	2702	2445	0.18	205732	0	2	2653	0.00	48.98	50.08	0.00	60	61	0.00	0.00	257.25	56.29	0.00	0.00
1347	49.91	2701	2499	0.18	20866	0	0	3210	0.00	50.07	50.09	0.00	60	60	0.00	0.00	264.50	58.16	0.00	0.00
1360	49.92	2700	2523	0.17	20519	0	1	2559	0.00	50.55	50.08	0.00	60	60	0.00	0.00	265.64	57.48	0.00	0.00
1336	49.79	2701	2484	0.17	173595	0	1	2513	0.00	49.90	50.21	0.00	60	60	0.00	0.00	259.48	56.01	0.00	0.00
1357	49.87	2704	2516	0.17	19493	0	0	2672	0.00	50.45	50.13	0.00	60	60	0.00	0.00	264.28	57.20	0.00	0.00
1336	49.69	2701	2488	0.18	175663	0	1	2895	0.00	50.07	50.31	0.00	61	61	0.00	0.00	262.48	57.42	0.00	0.00
1356	49.84	2702	2516	0.17	19305	0	4	2595	0.00	50.48	50.16	0.00	61	60	0.00	0.00	264.06	56.75	0.00	0.00
1295	49.43	2700	2426	0.18	7792	0	4	1795	0.00	49.07	50.57	0.00	61	61	0.00	0.00	251.55	54.88	0.00	0.00
