Avg_MHz	Busy%	Bzy_MHz	TSC_MHz	IPC	IRQ	SMI	POLL	C1	POLL%	C1%	CPU%c1	CPU%c6	CoreTmp	PkgTmp	Pkg%pc2	Pkg%pc6	PkgWatt	RAMWatt	PKG_%	RAM_%
1508	49.67	3035	2500	1.60	14304	0	1	1725	0.00	50.26	50.33	0.00	66	67	0.00	0.00	282.45	31.56	0.00	0.00
1487	50.01	2973	2500	1.60	28044	0	0	1547	0.00	49.94	49.99	0.00	67	67	0.00	0.00	301.22	43.06	0.00	0.00
1245	43.99	2837	2495	0.99	17745	0	0	1703	0.00	55.87	56.01	0.00	65	65	0.00	0.00	276.62	47.24	0.00	0.00
590	21.85	2697	2501	0.60	7742	0	0	2371	0.00	78.18	78.15	0.00	63	63	0.00	0.00	215.07	45.94	0.00	0.00
1284	42.73	2999	2505	1.35	27309	0	0	2193	0.00	57.30	57.27	0.00	67	67	0.00	0.00	250.20	27.96	0.00	0.00
1528	49.96	3061	2498	1.35	16685	0	2	1550	0.00	49.93	50.04	0.00	67	67	0.00	0.00	279.55	29.08	0.00	0.00
1527	49.92	3055	2502	1.27	32061	0	0	1528	0.00	50.05	50.08	0.00	67	67	0.00	0.00	282.02	30.28	0.00	0.00
1530	49.91	3065	2500	1.37	31743	0	0	1527	0.00	50.03	50.09	0.00	68	68	0.00	0.00	278.47	28.62	0.00	0.00
1507	49.98	3015	2500	1.71	13606	0	2	1462	0.00	49.95	50.02	0.00	67	67	0.00	0.00	295.54	37.92	0.00	0.00
1455	49.51	2944	2495	1.44	13569	0	0	1557	0.00	50.34	50.49	0.00	66	66	0.00	0.00	302.67	45.71	0.00	0.00
860	31.86	2699	2501	0.46	12347	0	1	2175	0.00	68.19	68.14	0.00	64	64	0.00	0.00	239.53	48.26	0.00	0.00
811	27.94	2902	2501	1.20	13666	0	0	2267	0.00	72.05	72.06	0.00	66	66	0.00	0.00	214.80	33.79	0.00	0.00
1532	49.95	3062	2504	1.27	44431	0	4	1551	0.00	50.04	50.05	0.00	67	67	0.00	0.00	278.38	28.86	0.00	0.00
1535	49.95	3072	2501	1.35	13567	0	4	1417	0.00	49.99	50.05	0.00	67	67	0.00	0.00	276.79	27.50	0.00	0.00
1523	49.94	3057	2495	1.44	18937	0	3	1550	0.00	49.89	50.06	0.00	68	68	0.00	0.00	281.18	30.14	0.00	0.00
1524	49.95	3045	2504	1.43	13709	0	0	1475	0.00	50.08	50.05	0.00	67	67	0.00	0.00	287.61	32.63	0.00	0.00
1488	49.99	2977	2500	1.57	13591	0	0	1454	0.00	49.95	50.01	0.00	68	68	0.00	0.00	302.62	43.33	0.00	0.00
1243	44.17	2820	2495	0.91	12353	0	0	1554	0.00	55.70	55.83	0.00	65	65	0.00	0.00	276.00	47.58	0.00	0.00
618	22.92	2697	2501	0.57	9950	0	0	2099	0.00	77.11	77.08	0.00	64	64	0.00	0.00	216.39	45.70	0.00	0.00
1377	45.71	3015	2498	1.40	13374	0	2	2142	0.00	54.16	54.29	0.00	67	67	0.00	0.00	261.45	28.49	0.00	0.00
1530	49.92	3064	2501	1.41	13869	0	1	1705	0.00	50.04	50.08	0.00	67	67	0.00	0.00	279.28	28.66	0.00	0.00
1537	49.96	3068	2506	1.39	13743	0	0	1516	0.00	50.10	50.04	0.00	67	67	0.00	0.00	278.67	28.05	0.00	0.00
1528	49.93	3060	2500	1.51	13770	0	0	1612	0.00	50.00	50.07	0.00	68	68	0.00	0.00	279.28	28.89	0.00	0.00
1499	49.99	2999	2499	1.69	13662	0	1	1537	0.00	49.94	50.01	0.00	68	68	0.00	0.00	298.98	40.49	0.00	0.00
1458	49.81	2933	2496	1.47	13712	0	0	1641	0.00	50.07	50.19	0.00	68	68	0.00	0.00	304.20	46.22	0.00	0.00
772	28.60	2698	2500	0.49	9013	0	3	2107	0.00	71.41	71.40	0.00	65	65	0.00	0.00	231.11	47.37	0.00	0.00
646	22.58	2857	2504	1.07	7330	0	0	2023	0.00	77.52	77.42	0.00	66	66	0.00	0.00	197.98	33.93	0.00	0.00
1536	49.96	3074	2500	1.22	13449	0	1	1264	0.00	49.99	50.04	0.00	67	67	0.00	0.00	276.57	27.40	0.00	0.00
1532	49.96	3072	2495	1.26	13475	0	2	1336	0.00	49.87	50.04	0.00	67	67	0.00	0.00	276.27	27.38	0.00	0.00
1537	49.95	3072	2504	1.20	13626	0	3	1518	0.00	50.07	50.05	0.00	67	67	0.00	0.00	278.73	28.09	0.00	0.00
1529	49.96	3058	2502	1.32	41868	0	0	1642	0.00	50.01	50.04	0.00	68	68	0.00	0.00	281.69	29.68	0.00	0.00
1497	49.99	3001	2496	1.58	13952	0	0	1701	0.00	49.87	50.01	0.00	67	67	0.00	0.00	296.35	39.11	0.00	0.00
1405	48.40	2905	2498	1.28	13590	0	0	1713	0.00	51.53	51.60	0.00	65	65	0.00	0.00	298.91	46.97	0.00	0.00
874	32.38	2698	2502	0.45	10126	0	2	2171	0.00	67.67	67.62	0.00	65	65	0.00	0.00	240.27	48.00	0.00	0.00
885	30.24	2920	2504	1.44	9363	0	1	2217	0.00	69.82	69.76	0.00	66	66	0.00	0.00	218.23	32.00	0.00	0.00
1503	49.27	3054	2497	1.13	13282	0	8	1429	0.00	50.58	50.73	0.00	67	67	0.00	0.00	270.36	26.42	0.00	0.00
1527	49.90	3061	2499	1.28	13629	0	0	1475	0.00	50.01	50.10	0.00	67	67	0.00	0.00	280.14	28.97	0.00	0.00
1533	49.94	3065	2504	1.44	13582	0	0	1425	0.00	50.06	50.06	0.00	68	68	0.00	0.00	280.47	28.84	0.00	0.00
1507	49.98	3014	2500	1.63	13693	0	10	1530	0.00	49.96	50.02	0.00	68	68	0.00	0.00	295.08	37.77	0.00	0.00
1469	49.99	2953	2488	1.60	13755	0	0	1634	0.00	49.72	50.01	0.00	67	67	0.00	0.00	303.81	45.01	0.00	0.00
1040	37.62	2757	2507	0.58	10965	0	0	1658	0.00	62.56	62.38	0.00	64	65	0.00	0.00	257.60	48.09	0.00	0.00
611	22.03	2770	2505	1.02	7470	0	0	2264	0.00	78.09	77.97	0.00	66	66	0.00	0.00	205.58	38.86	0.00	0.00
1532	49.93	3066	2501	1.46	13940	0	23	1654	0.00	50.02	50.07	0.00	67	67	0.00	0.00	279.07	28.44	0.00	0.00
1531	49.92	3066	2500	1.94	13641	0	0	1539	0.00	50.01	50.08	0.00	68	68	0.00	0.00	278.77	28.20	0.00	0.00
1531	49.81	3074	2500	1.34	13791	0	3	1694	0.00	50.12	50.19	0.00	68	68	0.00	0.00	276.31	27.11	0.00	0.00
1531	49.91	3071	2497	1.68	13567	0	3	1470	0.00	49.96	50.09	0.00	67	67	0.00	0.00	276.30	27.37	0.00	0.00
1515	49.98	3029	2502	1.55	13795	0	4	1538	0.00	50.01	50.02	0.00	68	68	0.00	0.00	292.95	35.59	0.00	0.00
1472	50.00	2946	2498	1.53	13677	0	0	1555	0.00	49.91	50.00	0.00	68	68	0.00	0.00	305.96	45.70	0.00	0.00
1013	36.87	2750	2498	0.56	10567	0	0	1611	0.00	63.08	63.13	0.00	65	65	0.00	0.00	255.13	47.95	0.00	0.00
455	17.21	2659	2487	0.91	6440	0	1	2349	0.00	82.35	82.79	0.00	64	64	0.00	0.00	185.66	38.08	0.00	0.00
1528	49.57	3070	2509	1.26	13680	0	14	1467	0.00	50.54	50.43	0.00	67	67	0.00	0.00	275.55	27.22	0.00	0.00
1528	49.92	3061	2501	1.51	13687	0	3	1438	0.00	49.99	50.08	0.00	67	67	0.00	0.00	277.46	27.46	0.00	0.00
1506	49.93	3039	2481	1.50	13804	0	0	1647	0.00	49.59	50.07	0.00	67	67	0.00	0.00	282.81	31.58	0.00	0.00
1508	49.99	2985	2525	1.59	13963	0	0	1703	0.00	50.46	50.01	0.00	67	67	0.00	0.00	304.83	42.26	0.00	0.00
1403	48.34	2908	2495	1.24	13494	0	2	1730	0.00	51.52	51.66	0.00	66	66	0.00	0.00	294.41	45.00	0.00	0.00
904	33.46	2699	2502	0.44	10249	0	0	2013	0.00	66.59	66.54	0.00	65	65	0.00	0.00	244.24	48.28	0.00	0.00
765	26.75	2875	2487	1.41	8823	0	1	2492	0.00	72.83	73.25	0.00	67	67	0.00	0.00	209.27	33.27	0.00	0.00
1541	49.94	3064	2517	1.46	13834	0	0	1633	0.00	50.33	50.06	0.00	67	67	0.00	0.00	279.75	28.25	0.00	0.00
1532	49.94	3067	2500	1.31	13652	0	0	1483	0.00	49.99	50.06	0.00	68	68	0.00	0.00	277.82	27.89	0.00	0.00
1534	49.95	3070	2500	1.25	13692	0	3	1569	0.00	49.99	50.05	0.00	68	68	0.00	0.00	279.38	28.20	0.00	0.00
1520	49.99	3043	2499	1.54	13717	0	0	1600	0.00	49.95	50.01	0.00	67	67	0.00	0.00	288.83	33.39	0.00	0.00
1478	50.00	2956	2500	1.54	13652	0	0	1467	0.00	49.94	50.00	0.00	68	69	0.00	0.00	306.02	44.98	0.00	0.00
1203	42.30	2848	2496	1.04	12240	0	0	1847	0.00	57.58	57.70	0.00	66	66	0.00	0.00	278.30	47.23	0.00	0.00
517	19.16	2697	2500	0.64	7074	0	0	2297	0.00	80.84	80.84	0.00	63	63	0.00	0.00	206.55	43.55	0.00	0.00
1408	46.78	3009	2500	1.37	12813	0	2	1697	0.00	53.13	53.22	0.00	68	68	0.00	0.00	258.16	26.02	0.00	0.00
1515	49.52	3053	2505	1.28	13905	0	3	1755	0.00	50.50	50.48	0.00	68	68	0.00	0.00	276.49	28.12	0.00	0.00
1526	49.96	3053	2501	1.38	13660	0	3	1522	0.00	49.98	50.04	0.00	68	68	0.00	0.00	283.66	30.55	0.00	0.00
1508	49.97	3057	2468	1.32	13364	0	2	1304	0.00	49.34	50.03	0.00	67	67	0.00	0.00	280.07	30.13	0.00	0.00
1412	49.98	2988	2364	1.67	13972	0	0	1615	0.00	47.24	50.02	0.00	68	68	0.00	0.00	277.54	38.41	0.00	0.00
1307	44.67	2872	2547	1.03	14030	0	0	1497	0.00	56.34	55.33	0.00	66	66	0.00	0.00	291.94	47.31	0.00	0.00
564	19.92	2699	2621	0.64	7742	0	0	2105	0.00	83.96	80.08	0.00	65	65	0.00	0.00	228.02	48.23	0.00	0.00
1380	49.55	3032	2297	1.54	13547	0	4	1536	0.00	46.29	50.45	0.00	68	68	0.00	0.00	241.08	24.69	0.00	0.00
1533	49.92	3062	2507	1.53	15888	0	3	1492	0.00	50.12	50.08	0.00	68	68	0.00	0.00	277.08	27.42	0.00	0.00
1546	49.95	3065	2525	1.35	16004	0	14	1530	0.00	50.48	50.05	0.00	69	68	0.00	0.00	283.45	28.52	0.00	0.00
1526	49.98	2986	2557	1.51	15633	0	2	1458	0.00	51.10	50.02	0.00	69	68	0.00	0.00	312.44	42.74	0.00	0.00
1337	46.85	2857	2498	1.03	17133	0	0	1488	0.00	53.07	53.15	0.00	66	66	0.00	0.00	289.81	46.89	0.00	0.00
663	23.52	2700	2610	0.56	8766	0	2	2037	0.00	79.86	76.48	0.00	61	62	0.00	0.00	236.85	49.42	0.00	0.00
1187	42.00	3014	2345	1.19	12458	0	9	2477	0.00	54.35	58.00	0.00	68	68	0.00	0.00	221.32	24.15	0.00	0.00
1526	49.75	3053	2511	1.57	15708	0	0	1523	0.00	50.35	50.25	0.00	68	68	0.00	0.00	277.38	28.01	0.00	0.00
1518	49.94	3052	2491	1.44	15883	0	0	1501	0.00	49.80	50.06	0.00	69	68	0.00	0.00	281.62	29.84	0.00	0.00
1508	50.00	2956	2550	1.50	15917	0	0	1607	0.00	50.94	50.00	0.00	69	68	0.00	0.00	315.14	45.90	0.00	0.00
1270	44.43	2825	2530	0.95	13927	0	1	1518	0.00	56.22	55.57	0.00	65	65	0.00	0.00	288.85	48.76	0.00	0.00
543	20.67	2691	2441	0.82	7247	0	4	2064	0.00	77.45	79.33	0.00	66	63	0.00	0.00	197.83	40.82	0.00	0.00
1457	48.10	3059	2476	1.40	15141	0	1	1581	0.00	51.32	51.90	0.00	68	68	0.00	0.00	262.32	25.74	0.00	0.00
1527	49.77	3063	2505	1.55	15699	0	1	1456	0.00	50.24	50.23	0.00	68	68	0.00	0.00	275.63	27.24	0.00	0.00
1544	49.96	3051	2533	1.69	15680	0	0	1448	0.00	50.64	50.04	0.00	69	68	0.00	0.00	290.60	31.60	0.00	0.00
1502	49.98	2994	2508	1.58	15387	0	0	1536	0.00	50.13	50.02	0.00	68	68	0.00	0.00	302.77	41.10	0.00	0.00
1372	46.87	2891	2531	1.27	15101	0	0	1645	0.00	53.75	53.13	0.00	66	67	0.00	0.00	301.47	47.41	0.00	0.00
664	23.52	2698	2617	0.59	8534	0	2	1918	0.00	80.05	76.48	0.00	63	63	0.00	0.00	239.87	49.87	0.00	0.00
1159	41.51	2998	2328	1.47	12083	0	1	2216	0.00	54.38	58.49	0.00	68	68	0.00	0.00	219.85	24.87	0.00	0.00
1531	49.93	3061	2504	1.39	15762	0	5	1524	0.00	50.07	50.07	0.00	68	68	0.00	0.00	279.93	28.81	0.00	0.00
1511	49.33	3054	2507	1.32	15418	0	5	1291	0.00	50.74	50.67	0.00	67	67	0.00	0.00	275.22	27.26	0.00	0.00
1508	49.98	2979	2533	1.68	15596	0	4	1500	0.00	50.61	50.02	0.00	68	69	0.00	0.00	311.53	43.40	0.00	0.00
1375	46.90	2900	2528	1.29	14672	0	0	1626	0.00	53.65	53.10	0.00	66	67	0.00	0.00	299.45	46.75	0.00	0.00
705	25.02	2692	2616	0.57	9205	0	2	2143	0.00	78.47	74.98	0.00	65	66	0.00	0.00	243.03	50.17	0.00	0.00
1172	41.79	3013	2328	1.44	12281	0	2	2369	0.00	54.13	58.21	0.00	68	68	0.00	0.00	222.69	25.46	0.00	0.00
1526	49.92	3053	2504	1.57	15941	0	2	1569	0.00	50.04	50.08	0.00	68	69	0.00	0.00	279.21	28.52	0.00	0.00
1525	49.89	3026	2526	1.46	15901	0	0	1581	0.00	50.55	50.11	0.00	69	69	0.00	0.00	295.64	34.93	0.00	0.00
1505	50.00	2955	2546	1.46	15420	0	2	1618	0.00	50.88	50.00	0.00	69	69	0.00	0.00	314.23	45.71	0.00	0.00
1034	37.27	2729	2542	0.48	12102	0	5	1565	0.00	63.78	62.73	0.00	66	66	0.00	0.00	262.73	49.19	0.00	0.00
745	27.02	2875	2399	1.24	8844	0	2	2196	0.00	70.01	72.98	0.00	68	68	0.00	0.00	203.15	34.35	0.00	0.00
1521	49.93	3054	2494	1.33	16058	0	0	1622	0.00	49.86	50.07	0.00	69	68	0.00	0.00	280.18	29.08	0.00	0.00
1521	49.78	3057	2499	1.63	15669	0	3	1477	0.00	50.11	50.22	0.00	69	69	0.00	0.00	277.53	27.92	0.00	0.00
1544	49.97	3040	2541	1.41	15728	0	1	1481	0.00	50.79	50.03	0.00	69	69	0.00	0.00	296.41	33.92	0.00	0.00
1499	50.06	2948	2539	1.57	15473	0	0	1505	0.00	50.65	49.94	0.00	70	70	0.00	0.00	314.86	46.30	0.00	0.00
1000	35.47	2798	2519	0.80	11372	0	4	1589	0.00	65.00	64.53	0.00	66	66	0.00	0.00	264.38	48.20	0.00	0.00
606	22.26	2829	2404	1.33	7323	0	4	2289	0.00	74.76	77.74	0.00	66	66	0.00	0.00	184.82	33.97	0.00	0.00
1519	49.62	3041	2517	1.47	15794	0	0	1477	0.00	50.63	50.38	0.00	68	68	0.00	0.00	285.89	31.24	0.00	0.00
1508	49.83	3043	2487	1.63	15717	0	2	1586	0.00	49.82	50.17	0.00	69	69	0.00	0.00	283.61	31.94	0.00	0.00
1512	49.72	3046	2496	1.40	15700	0	0	1509	0.00	50.13	50.28	0.00	68	68	0.00	0.00	282.85	30.74	0.00	0.00
1530	49.98	2995	2555	1.53	15837	0	0	1554	0.00	51.07	50.02	0.00	69	69	0.00	0.00	312.32	41.42	0.00	0.00
1060	37.05	2789	2564	0.78	12078	0	0	1591	0.00	64.56	62.95	0.00	66	66	0.00	0.00	270.68	48.73	0.00	0.00
784	28.45	2868	2401	1.15	9363	0	1	2211	0.00	68.68	71.55	0.00	68	68	0.00	0.00	209.57	35.41	0.00	0.00
1520	49.91	3049	2497	1.49	15749	0	0	1553	0.00	49.93	50.09	0.00	69	69	0.00	0.00	282.37	29.94	0.00	0.00
1523	49.79	3066	2495	1.65	15718	0	1	1540	0.00	50.02	50.21	0.00	68	69	0.00	0.00	276.44	27.48	0.00	0.00
1524	49.88	3018	2530	1.58	15832	0	2	1585	0.00	50.66	50.12	0.00	69	69	0.00	0.00	298.04	36.15	0.00	0.00
1421	48.41	2900	2529	1.26	15351	0	0	1530	0.00	52.16	51.59	0.00	67	67	0.00	0.00	304.91	46.77	0.00	0.00
883	31.53	2697	2595	0.47	10939	0	0	1803	0.00	71.07	68.47	0.00	66	66	0.00	0.00	256.26	50.80	0.00	0.00
967	34.69	2959	2356	1.43	10693	0	0	2445	0.00	61.51	65.31	0.00	67	68	0.00	0.00	209.21	27.57	0.00	0.00
1512	49.33	3057	2506	1.42	15888	0	3	1604	0.00	50.71	50.67	0.00	69	68	0.00	0.00	278.76	28.48	0.00	0.00
1513	49.79	3040	2499	1.61	15779	0	0	1530	0.00	50.13	50.21	0.00	68	69	0.00	0.00	287.42	32.64	0.00	0.00
1509	49.32	3061	2499	1.49	15632	0	5	1584	0.00	50.61	50.68	0.00	69	69	0.00	0.00	273.63	26.83	0.00	0.00
1530	50.00	2987	2561	1.58	15618	0	0	1343	0.00	51.17	50.00	0.00	69	69	0.00	0.00	315.00	42.78	0.00	0.00
1209	41.96	2859	2519	1.09	13265	0	0	1553	0.00	58.46	58.04	0.00	67	67	0.00	0.00	284.95	47.38	0.00	0.00
508	18.16	2696	2595	0.57	6917	0	8	2149	0.00	84.97	81.84	0.00	61	62	0.00	0.00	209.90	44.43	0.00	0.00
1126	40.22	2989	2341	1.56	12199	0	0	2675	0.00	55.90	59.78	0.00	68	68	0.00	0.00	215.58	24.61	0.00	0.00
1535	49.96	3069	2503	1.40	15709	0	8	1463	0.00	50.03	50.04	0.00	68	69	0.00	0.00	279.81	28.16	0.00	0.00
1534	49.91	3055	2516	1.37	15629	0	0	1497	0.00	50.32	50.09	0.00	69	69	0.00	0.00	284.09	29.43	0.00	0.00
1512	49.99	2985	2533	1.57	15578	0	0	1463	0.00	50.61	50.01	0.00	69	70	0.00	0.00	309.50	42.10	0.00	0.00
1364	47.02	2884	2515	1.28	14539	0	0	1393	0.00	53.26	52.98	0.00	67	67	0.00	0.00	296.25	46.64	0.00	0.00
708	25.12	2697	2610	0.56	9225	0	2	2054	0.00	78.19	74.88	0.00	65	66	0.00	0.00	244.09	50.02	0.00	0.00
1200	42.86	2997	2336	1.51	12602	0	4	2358	0.00	53.31	57.14	0.00	69	68	0.00	0.00	225.42	25.09	0.00	0.00
1535	49.94	3055	2515	1.34	15943	0	1	1583	0.00	50.27	50.06	0.00	69	68	0.00	0.00	285.37	29.83	0.00	0.00
1517	49.97	3046	2491	1.51	17720	0	3	1598	0.00	49.80	50.03	0.00	69	69	0.00	0.00	286.09	32.10	0.00	0.00
1512	49.93	3012	2514	1.83	16306	0	3	1456	0.00	50.30	50.07	0.00	70	70	0.00	0.00	299.76	38.17	0.00	0.00
1310	43.99	2892	2575	1.15	14478	0	0	1568	0.00	57.66	56.01	0.00	67	67	0.00	0.00	295.32	46.45	0.00	0.00
638	22.73	2698	2601	0.61	8531	0	2	2161	0.00	80.39	77.27	0.00	63	64	0.00	0.00	237.27	49.13	0.00	0.00
1226	43.60	3009	2336	1.33	12468	0	3	1986	0.00	52.65	56.40	0.00	68	68	0.00	0.00	225.67	23.54	0.00	0.00
1520	50.06	3045	2493	1.36	20761	0	1	2658	0.00	49.71	49.94	0.00	69	69	0.00	0.00	277.47	29.16	0.00	0.00
1508	49.46	3060	2491	1.62	16843	0	0	1937	0.00	50.30	50.54	0.00	69	69	0.00	0.00	276.75	28.45	0.00	0.00
1524	49.52	3048	2524	1.71	15666	0	0	1531	0.00	50.90	50.48	0.00	69	68	0.00	0.00	286.43	30.37	0.00	0.00
1498	49.99	2984	2510	1.66	15210	0	0	1413	0.00	50.17	50.01	0.00	69	69	0.00	0.00	306.02	42.41	0.00	0.00
1185	40.07	2864	2582	1.01	12745	0	0	1556	0.00	61.87	59.93	0.00	67	67	0.00	0.00	277.63	45.08	0.00	0.00
547	19.60	2696	2587	0.63	8924	0	3	2398	0.00	83.20	80.40	0.00	63	63	0.00	0.00	223.25	46.12	0.00	0.00
1330	47.53	3018	2318	1.39	14945	0	2	1647	0.00	48.58	52.47	0.00	69	69	0.00	0.00	235.76	24.44	0.00	0.00
1541	49.95	3069	2513	1.42	17649	0	3	1511	0.00	50.24	50.05	0.00	69	69	0.00	0.00	281.04	28.07	0.00	0.00
1485	49.13	3039	2487	1.60	15418	0	1	1669	0.00	50.50	50.87	0.00	69	69	0.00	0.00	269.43	26.68	0.00	0.00
1510	49.98	3001	2516	1.59	19975	0	0	1436	0.00	50.30	50.02	0.00	69	69	0.00	0.00	304.44	39.73	0.00	0.00
1416	48.35	2900	2526	1.33	16126	0	0	1504	0.00	52.15	51.65	0.00	66	67	0.00	0.00	304.84	46.92	0.00	0.00
734	25.85	2695	2632	0.57	9493	0	2	2162	0.00	78.07	74.15	0.00	67	67	0.00	0.00	249.52	51.03	0.00	0.00
1066	38.28	2987	2332	1.47	12292	0	0	2228	0.00	57.50	61.72	0.00	68	67	0.00	0.00	214.65	26.24	0.00	0.00
1539	49.96	3054	2521	1.26	15803	0	3	1513	0.00	50.39	50.04	0.00	68	69	0.00	0.00	285.70	30.56	0.00	0.00
1519	49.92	3054	2491	1.46	20870	0	2	1453	0.00	49.82	50.08	0.00	69	68	0.00	0.00	281.78	29.61	0.00	0.00
1519	49.98	3014	2521	1.74	15775	0	2	1489	0.00	50.38	50.02	0.00	69	69	0.00	0.00	302.31	38.25	0.00	0.00
1452	48.30	2937	2559	1.42	15330	0	0	1590	0.00	52.88	51.70	0.00	67	67	0.00	0.00	312.73	46.54	0.00	0.00
620	22.14	2695	2597	0.64	8303	0	0	1961	0.00	80.90	77.86	0.00	67	67	0.00	0.00	236.28	49.17	0.00	0.00
1092	39.17	2974	2344	1.56	15169	0	25	2393	0.00	56.95	60.83	0.00	68	69	0.00	0.00	213.71	24.76	0.00	0.00
1515	49.90	3049	2489	1.62	15800	0	1	1435	0.00	49.77	50.10	0.00	69	69	0.00	0.00	279.15	29.02	0.00	0.00
1527	49.83	3028	2530	1.57	15668	0	0	1450	0.00	50.70	50.17	0.00	69	69	0.00	0.00	296.36	34.71	0.00	0.00
1466	49.64	2928	2522	1.38	15211	0	0	1481	0.00	50.75	50.36	0.00	70	70	0.00	0.00	310.99	46.32	0.00	0.00
1021	37.16	2697	2548	0.42	12134	0	2	1720	0.00	64.05	62.84	0.00	67	66	0.00	0.00	262.77	50.14	0.00	0.00
796	28.35	2907	2414	1.57	9111	0	3	2298	0.00	69.17	71.65	0.00	68	68	0.00	0.00	202.95	32.78	0.00	0.00
1531	49.93	3059	2506	1.41	15695	0	5	1478	0.00	50.09	50.07	0.00	69	69	0.00	0.00	281.59	28.85	0.00	0.00
1519	49.98	3065	2480	1.47	15653	0	50	1468	0.01	49.56	50.02	0.00	69	69	0.00	0.00	279.87	29.16	0.00	0.00
1545	49.92	3043	2542	1.57	15697	0	0	1425	0.00	50.83	50.08	0.00	69	69	0.00	0.00	292.42	31.60	0.00	0.00
1508	50.00	2963	2544	1.56	15671	0	0	1709	0.00	50.82	50.00	0.00	70	70	0.00	0.00	314.05	44.69	0.00	0.00
1145	40.06	2809	2544	0.85	13520	0	0	1646	0.00	60.99	59.94	0.00	67	67	0.00	0.00	277.95	48.44	0.00	0.00
608	22.39	2795	2429	1.50	14646	0	1	2210	0.00	75.38	77.61	0.00	67	67	0.00	0.00	199.29	37.08	0.00	0.00
1264	42.26	3045	2456	1.84	13239	0	1	1698	0.00	56.63	57.74	0.00	67	67	0.00	0.00	241.04	25.86	0.00	0.00
1522	49.97	3054	2494	1.57	15656	0	10	1474	0.00	49.85	50.03	0.00	69	69	0.00	0.00	284.95	30.89	0.00	0.00
1536	49.94	3057	2515	1.60	15942	0	4	1515	0.00	50.28	50.06	0.00	68	69	0.00	0.00	283.10	29.13	0.00	0.00
1523	49.92	3028	2518	1.52	15630	0	2	1506	0.00	50.38	50.08	0.00	69	68	0.00	0.00	294.06	34.44	0.00	0.00
1368	46.12	2915	2543	1.27	14538	0	0	1524	0.00	54.78	53.88	0.00	67	68	0.00	0.00	298.54	45.32	0.00	0.00
763	27.29	2694	2593	0.51	9623	0	1	2010	0.00	75.41	72.71	0.00	66	67	0.00	0.00	244.17	49.02	0.00	0.00
957	34.27	2979	2345	1.47	10412	0	0	2390	0.00	61.63	65.73	0.00	69	69	0.00	0.00	209.91	27.84	0.00	0.00
1519	49.90	3058	2489	1.58	15691	0	3	1409	0.00	49.75	50.10	0.00	69	69	0.00	0.00	275.40	27.25	0.00	0.00
1548	49.85	3054	2543	1.48	15957	0	0	1508	0.00	50.91	50.15	0.00	69	68	0.00	0.00	289.01	29.83	0.00	0.00
1486	50.03	2999	2475	1.36	5668	0	0	1320	0.00	49.43	49.97	0.00	69	69	0.00	0.00	296.15	39.07	0.00	0.00
