Avg_MHz	Busy%	Bzy_MHz	TSC_MHz	IPC	IRQ	SMI	POLL	C1	C1E	C6	POLL%	C1%	C1E%	C6%	CPU%c1	CPU%c6	CoreTmp	PkgTmp	Pkg%pc2	Pkg%pc6	PkgWatt	RAMWatt	PKG_%	RAM_%
1249	50.02	2503	2794	0.38	4786	0	0	0	3	640	0.00	0.00	0.00	49.97	49.98	0.00	69	69	0.00	0.00	110.27	0.00	0.00	0.00
1249	50.01	2503	2793	0.38	4570	0	2	1	3	599	0.00	0.00	0.00	49.96	49.99	0.00	70	70	0.00	0.00	110.15	0.00	0.00	0.00
1249	50.02	2503	2793	0.38	4555	0	0	2	5	598	0.00	0.00	0.04	49.92	49.98	0.00	70	70	0.00	0.00	110.42	0.00	0.00	0.00
1249	50.02	2503	2793	0.38	4527	0	0	5	5	550	0.00	0.00	0.02	49.93	49.98	0.00	70	71	0.00	0.00	110.10	0.00	0.00	0.00
1249	50.02	2503	2793	0.38	4667	0	0	5	3	686	0.00	0.00	0.01	49.95	49.98	0.00	70	70	0.00	0.00	110.25	0.00	0.00	0.00
1249	50.01	2503	2793	0.38	4658	0	1	1	5	670	0.00	0.00	0.00	49.96	49.99	0.00	70	71	0.00	0.00	110.31	0.00	0.00	0.00
1249	50.02	2503	2793	0.38	4590	0	0	3	4	607	0.00	0.01	0.01	49.93	49.98	0.00	70	71	0.00	0.00	110.22	0.00	0.00	0.00
1249	50.01	2503	2793	0.38	4575	0	0	0	5	596	0.00	0.00	0.04	49.92	49.99	0.00	71	71	0.00	0.00	110.21	0.00	0.00	0.00
1249	50.02	2503	2793	0.38	4522	0	0	0	6	554	0.00	0.00	0.04	49.92	49.98	0.00	70	71	0.00	0.00	110.26	0.00	0.00	0.00
1249	50.02	2503	2793	0.38	4668	0	0	1	1	695	0.00	0.00	0.00	49.96	49.98	0.00	70	71	0.00	0.00	110.30	0.00	0.00	0.00
1249	50.02	2503	2793	0.38	4644	0	0	1	5	679	0.00	0.00	0.02	49.94	49.98	0.00	70	71	0.00	0.00	110.25	0.00	0.00	0.00
1249	50.02	2503	2793	0.38	4676	0	0	1	6	705	0.00	0.00	0.02	49.94	49.98	0.00	71	71	0.00	0.00	110.23	0.00	0.00	0.00
1249	50.03	2503	2793	0.38	4565	0	0	1	7	588	0.00	0.00	0.05	49.90	49.97	0.00	71	72	0.00	0.00	110.31	0.00	0.00	0.00
1249	50.02	2503	2793	0.38	4680	0	0	1	3	726	0.00	0.00	0.00	49.95	49.98	0.00	71	71	0.00	0.00	110.31	0.00	0.00	0.00
1249	50.02	2503	2794	0.38	4640	0	0	1	3	659	0.00	0.00	0.01	49.95	49.98	0.00	71	71	0.00	0.00	110.22	0.00	0.00	0.00
1249	50.01	2503	2793	0.38	4574	0	0	1	2	616	0.00	0.00	0.00	49.96	49.99	0.00	71	71	0.00	0.00	110.28	0.00	0.00	0.00
1249	50.02	2503	2793	0.38	4629	0	2	1	4	644	0.00	0.00	0.02	49.94	49.98	0.00	71	71	0.00	0.00	110.25	0.00	0.00	0.00
1249	50.01	2503	2793	0.38	4575	0	0	2	5	602	0.00	0.00	0.00	49.96	49.99	0.00	71	71	0.00	0.00	110.16	0.00	0.00	0.00
1249	50.01	2503	2793	0.38	4515	0	0	4	4	547	0.00	0.01	0.03	49.92	49.99	0.00	71	71	0.00	0.00	110.29	0.00	0.00	0.00
1249	50.01	2503	2793	0.38	4569	0	0	6	4	613	0.00	0.00	0.02	49.95	49.99	0.00	71	71	0.00	0.00	110.30	0.00	0.00	0.00
1249	50.02	2503	2793	0.38	4665	0	0	0	3	680	0.00	0.00	0.01	49.95	49.98	0.00	71	72	0.00	0.00	110.13	0.00	0.00	0.00
1249	50.02	2503	2793	0.38	4664	0	0	6	3	694	0.00	0.00	0.00	49.95	49.98	0.00	71	72	0.00	0.00	110.29	0.00	0.00	0.00
1250	50.03	2504	2793	0.38	4599	0	0	2	5	635	0.00	0.00	0.03	49.92	49.97	0.00	71	72	0.00	0.00	110.32	0.00	0.00	0.00
1249	50.01	2504	2793	0.38	4553	0	0	1	7	590	0.00	0.01	0.03	49.92	49.99	0.00	71	72	0.00	0.00	110.18	0.00	0.00	0.00
1249	50.02	2503	2793	0.38	4584	0	0	10	5	612	0.00	0.00	0.03	49.93	49.98	0.00	72	72	0.00	0.00	110.22	0.00	0.00	0.00
1249	50.02	2503	2793	0.38	4654	0	0	4	2	684	0.00	0.00	0.00	49.96	49.98	0.00	72	72	0.00	0.00	110.37	0.00	0.00	0.00
1249	50.02	2503	2793	0.38	4619	0	0	0	5	654	0.00	0.00	0.02	49.94	49.98	0.00	72	72	0.00	0.00	110.32	0.00	0.00	0.00
1249	50.02	2503	2793	0.38	4599	0	0	0	5	645	0.00	0.00	0.03	49.93	49.98	0.00	71	72	0.00	0.00	110.21	0.00	0.00	0.00
1249	50.02	2503	2793	0.38	4651	0	1	1	5	664	0.00	0.00	0.02	49.94	49.98	0.00	72	72	0.00	0.00	110.30	0.00	0.00	0.00
1249	50.02	2503	2793	0.38	4658	0	0	3	4	708	0.00	0.00	0.00	49.96	49.98	0.00	72	72	0.00	0.00	110.41	0.00	0.00	0.00
1249	50.02	2503	2793	0.38	4565	0	0	0	5	600	0.00	0.00	0.03	49.93	49.98	0.00	72	72	0.00	0.00	110.33	0.00	0.00	0.00
1249	50.02	2503	2793	0.38	4654	0	1	2	2	679	0.00	0.00	0.00	49.96	49.98	0.00	72	73	0.00	0.00	110.31	0.00	0.00	0.00
1250	50.03	2504	2793	0.38	4714	0	0	2	7	706	0.00	0.00	0.02	49.92	49.97	0.00	72	73	0.00	0.00	110.43	0.00	0.00	0.00
1249	50.01	2503	2793	0.38	4619	0	0	1	3	652	0.00	0.00	0.00	49.96	49.99	0.00	72	72	0.00	0.00	110.40	0.00	0.00	0.00
1249	50.02	2503	2793	0.38	4604	0	0	3	5	623	0.00	0.00	0.04	49.92	49.98	0.00	72	72	0.00	0.00	110.49	0.00	0.00	0.00
1249	50.02	2503	2793	0.38	4565	0	0	4	8	614	0.00	0.01	0.04	49.91	49.98	0.00	72	73	0.00	0.00	110.40	0.00	0.00	0.00
1249	50.02	2503	2793	0.38	4670	0	0	4	4	676	0.00	0.00	0.02	49.93	49.98	0.00	72	72	0.00	0.00	110.49	0.00	0.00	0.00
1249	50.02	2503	2793	0.38	4628	0	0	0	3	646	0.00	0.00	0.00	49.96	49.98	0.00	72	72	0.00	0.00	110.54	0.00	0.00	0.00
1249	50.02	2503	2793	0.38	4629	0	0	0	5	655	0.00	0.00	0.03	49.93	49.98	0.00	72	73	0.00	0.00	110.45	0.00	0.00	0.00
1249	50.01	2503	2793	0.38	4615	0	0	2	5	649	0.00	0.00	0.03	49.94	49.99	0.00	73	73	0.00	0.00	110.42	0.00	0.00	0.00
1249	50.02	2503	2793	0.38	4703	0	0	3	6	715	0.00	0.00	0.03	49.93	49.98	0.00	73	72	0.00	0.00	110.46	0.00	0.00	0.00
1249	50.02	2503	2793	0.38	4642	0	2	0	4	684	0.00	0.00	0.01	49.95	49.98	0.00	72	72	0.00	0.00	110.61	0.00	0.00	0.00
1249	50.03	2503	2793	0.38	4655	0	0	3	3	686	0.00	0.00	0.01	49.94	49.97	0.00	73	73	0.00	0.00	110.50	0.00	0.00	0.00
1249	50.02	2503	2793	0.38	4632	0	0	2	4	656	0.00	0.00	0.03	49.94	49.98	0.00	72	73	0.00	0.00	110.51	0.00	0.00	0.00
1249	50.02	2503	2793	0.38	4582	0	0	3	6	595	0.00	0.00	0.03	49.93	49.98	0.00	72	73	0.00	0.00	110.50	0.00	0.00	0.00
1249	50.01	2503	2793	0.38	4534	0	0	2	3	564	0.00	0.00	0.00	49.96	49.99	0.00	73	73	0.00	0.00	110.83	0.00	0.00	0.00
1249	50.02	2503	2793	0.38	4513	0	0	2	8	557	0.00	0.01	0.05	49.90	49.98	0.00	72	73	0.00	0.00	110.89	0.00	0.00	0.00
1249	50.02	2503	2793	0.38	4645	0	0	1	2	676	0.00	0.00	0.00	49.96	49.98	0.00	72	73	0.00	0.00	110.78	0.00	0.00	0.00
1249	50.02	2503	2793	0.38	4672	0	0	1	4	699	0.00	0.00	0.02	49.94	49.98	0.00	73	73	0.00	0.00	110.44	0.00	0.00	0.00
1249	50.02	2503	2793	0.38	4624	0	0	1	3	655	0.00	0.00	0.00	49.96	49.98	0.00	73	73	0.00	0.00	110.49	0.00	0.00	0.00
1249	50.02	2503	2793	0.38	4601	0	0	3	5	628	0.00	0.00	0.03	49.93	49.98	0.00	73	73	0.00	0.00	110.60	0.00	0.00	0.00
1249	50.02	2503	2793	0.38	4617	0	0	1	6	654	0.00	0.00	0.04	49.92	49.98	0.00	73	74	0.00	0.00	110.77	0.00	0.00	0.00
1249	50.03	2503	2793	0.38	4608	0	2	5	3	611	0.00	0.00	0.02	49.93	49.97	0.00	73	73	0.00	0.00	110.68	0.00	0.00	0.00
1249	50.02	2503	2793	0.38	4645	0	2	2	2	679	0.00	0.00	0.00	49.96	49.98	0.00	73	74	0.00	0.00	110.77	0.00	0.00	0.00
1249	50.02	2503	2793	0.38	4638	0	0	3	4	677	0.00	0.00	0.01	49.94	49.98	0.00	73	74	0.00	0.00	110.62	0.00	0.00	0.00
1249	50.02	2503	2793	0.38	4611	0	0	4	4	637	0.00	0.01	0.03	49.92	49.98	0.00	73	73	0.00	0.00	110.84	0.00	0.00	0.00
1249	50.02	2503	2793	0.38	4700	0	2	0	6	706	0.00	0.00	0.04	49.92	49.98	0.00	73	74	0.00	0.00	110.87	0.00	0.00	0.00
1249	50.02	2503	2793	0.38	4581	0	0	1	6	637	0.00	0.00	0.00	49.96	49.98	0.00	73	74	0.00	0.00	110.95	0.00	0.00	0.00
1249	50.02	2503	2793	0.38	4662	0	0	1	18	672	0.00	0.00	0.20	49.76	49.98	0.00	73	74	0.00	0.00	110.98	0.00	0.00	0.00
1249	50.02	2503	2793	0.38	4613	0	0	0	4	636	0.00	0.00	0.01	49.94	49.98	0.00	73	74	0.00	0.00	110.89	0.00	0.00	0.00
1249	50.02	2503	2793	0.38	4569	0	0	0	5	597	0.00	0.00	0.03	49.93	49.98	0.00	73	74	0.00	0.00	111.09	0.00	0.00	0.00
1249	50.01	2503	2793	0.38	4536	0	0	1	2	572	0.00	0.00	0.00	49.96	49.99	0.00	74	74	0.00	0.00	110.95	0.00	0.00	0.00
1250	50.03	2504	2793	0.38	4668	0	2	16	20	685	0.00	0.12	0.14	49.68	49.97	0.00	74	74	0.00	0.00	110.94	0.00	0.00	0.00
1249	50.02	2503	2793	0.38	4580	0	0	2	11	614	0.00	0.00	0.11	49.85	49.98	0.00	73	74	0.00	0.00	111.06	0.00	0.00	0.00
1249	50.02	2503	2793	0.38	4663	0	0	1	4	676	0.00	0.00	0.01	49.95	49.98	0.00	73	74	0.00	0.00	111.20	0.00	0.00	0.00
1249	50.02	2503	2793	0.38	4696	0	0	1	3	719	0.00	0.00	0.00	49.95	49.98	0.00	74	74	0.00	0.00	111.32	0.00	0.00	0.00
1249	50.02	2503	2793	0.38	4667	0	0	4	4	695	0.00	0.01	0.03	49.92	49.98	0.00	74	74	0.00	0.00	111.12	0.00	0.00	0.00
1249	50.02	2503	2793	0.38	4700	0	0	1	5	735	0.00	0.00	0.03	49.93	49.98	0.00	74	74	0.00	0.00	111.19	0.00	0.00	0.00
1249	50.02	2503	2793	0.38	4634	0	2	1	5	664	0.00	0.00	0.03	49.92	49.98	0.00	74	74	0.00	0.00	111.06	0.00	0.00	0.00
1249	50.02	2503	2793	0.38	4676	0	0	5	4	695	0.00	0.00	0.00	49.96	49.98	0.00	74	74	0.00	0.00	111.05	0.00	0.00	0.00
1249	50.02	2503	2793	0.38	4623	0	0	0	3	642	0.00	0.00	0.00	49.96	49.98	0.00	74	74	0.00	0.00	111.11	0.00	0.00	0.00
1249	50.02	2503	2793	0.38	4528	0	0	4	5	574	0.00	0.00	0.03	49.93	49.98	0.00	74	74	0.00	0.00	111.32	0.00	0.00	0.00
1249	50.03	2503	2793	0.38	4671	0	0	1	6	676	0.00	0.00	0.04	49.91	49.97	0.00	74	74	0.00	0.00	111.17	0.00	0.00	0.00
1249	50.02	2503	2793	0.38	4583	0	0	2	3	603	0.00	0.00	0.00	49.96	49.98	0.00	74	75	0.00	0.00	110.72	0.00	0.00	0.00
1249	50.02	2503	2793	0.38	4642	0	0	0	10	661	0.00	0.00	0.10	49.85	49.98	0.00	74	74	0.00	0.00	111.17	0.00	0.00	0.00
1249	50.03	2503	2793	0.38	4726	0	0	5	5	762	0.00	0.01	0.00	49.93	49.97	0.00	74	74	0.00	0.00	111.10	0.00	0.00	0.00
1249	50.02	2503	2793	0.38	4619	0	1	0	3	639	0.00	0.00	0.01	49.94	49.98	0.00	74	74	0.00	0.00	111.27	0.00	0.00	0.00
1249	50.02	2503	2793	0.38	4610	0	0	1	4	637	0.00	0.00	0.00	49.95	49.98	0.00	74	74	0.00	0.00	111.13	0.00	0.00	0.00
1249	50.01	2503	2793	0.38	4518	0	0	3	6	574	0.00	0.00	0.04	49.92	49.99	0.00	74	74	0.00	0.00	111.28	0.00	0.00	0.00
1249	50.02	2503	2793	0.38	4655	0	0	1	3	670	0.00	0.00	0.01	49.94	49.98	0.00	74	74	0.00	0.00	111.20	0.00	0.00	0.00
1249	50.02	2503	2793	0.38	4640	0	0	2	4	656	0.00	0.00	0.01	49.95	49.98	0.00	74	74	0.00	0.00	111.37	0.00	0.00	0.00
1249	50.02	2503	2793	0.38	4603	0	0	2	3	632	0.00	0.00	0.00	49.96	49.98	0.00	74	75	0.00	0.00	111.22	0.00	0.00	0.00
1249	50.03	2503	2793	0.38	4601	0	4	3	2	627	0.00	0.00	0.00	49.95	49.97	0.00	75	74	0.00	0.00	111.28	0.00	0.00	0.00
1249	50.01	2504	2793	0.38	4536	0	0	2	5	569	0.00	0.00	0.03	49.94	49.99	0.00	75	75	0.00	0.00	111.34	0.00	0.00	0.00
1249	50.01	2503	2793	0.38	4537	0	2	0	5	568	0.00	0.00	0.03	49.93	49.99	0.00	74	75	0.00	0.00	111.35	0.00	0.00	0.00
1249	50.02	2504	2793	0.38	4647	0	0	0	1	689	0.00	0.00	0.00	49.96	49.98	0.00	75	74	0.00	0.00	111.76	0.00	0.00	0.00
1249	50.01	2504	2793	0.38	4586	0	0	6	4	620	0.00	0.00	0.02	49.94	49.99	0.00	75	75	0.00	0.00	111.56	0.00	0.00	0.00
1249	50.02	2503	2793	0.38	4627	0	0	0	5	647	0.00	0.00	0.02	49.94	49.98	0.00	74	75	0.00	0.00	111.21	0.00	0.00	0.00
1249	50.02	2503	2793	0.38	4693	0	0	1	5	722	0.00	0.01	0.03	49.92	49.98	0.00	74	75	0.00	0.00	111.42	0.00	0.00	0.00
1249	50.02	2503	2793	0.38	4553	0	0	1	2	602	0.00	0.00	0.00	49.96	49.98	0.00	75	75	0.00	0.00	111.42	0.00	0.00	0.00
1249	50.02	2503	2793	0.38	4724	0	0	2	3	755	0.00	0.00	0.01	49.94	49.98	0.00	74	75	0.00	0.00	111.57	0.00	0.00	0.00
1249	50.02	2503	2793	0.38	4712	0	0	1	2	734	0.00	0.00	0.00	49.95	49.98	0.00	75	75	0.00	0.00	111.40	0.00	0.00	0.00
1249	50.03	2503	2793	0.38	4687	0	0	3	5	703	0.00	0.00	0.02	49.92	49.97	0.00	75	75	0.00	0.00	111.44	0.00	0.00	0.00
1249	50.02	2503	2793	0.38	4570	0	0	2	3	595	0.00	0.00	0.00	49.96	49.98	0.00	75	75	0.00	0.00	111.47	0.00	0.00	0.00
1249	50.01	2503	2793	0.38	4555	0	0	5	7	583	0.00	0.00	0.05	49.92	49.99	0.00	75	75	0.00	0.00	111.32	0.00	0.00	0.00
1249	50.01	2503	2793	0.38	4533	0	0	1	5	588	0.00	0.00	0.03	49.93	49.99	0.00	75	75	0.00	0.00	111.50	0.00	0.00	0.00
1250	50.05	2503	2793	0.38	4729	0	0	0	7	735	0.00	0.00	0.01	49.92	49.95	0.00	75	75	0.00	0.00	111.74	0.00	0.00	0.00
1249	50.02	2503	2793	0.38	4635	0	0	1	3	658	0.00	0.00	0.00	49.95	49.98	0.00	75	75	0.00	0.00	111.55	0.00	0.00	0.00
1249	50.02	2503	2794	0.37	4636	0	0	3	4	669	0.00	0.00	0.02	49.94	49.98	0.00	75	75	0.00	0.00	111.29	0.00	0.00	0.00
1249	50.01	2503	2793	0.38	4592	0	0	2	4	613	0.00	0.00	0.02	49.94	49.99	0.00	75	75	0.00	0.00	111.35	0.00	0.00	0.00
1249	50.02	2503	2794	0.38	4578	0	0	0	5	602	0.00	0.00	0.04	49.92	49.98	0.00	75	75	0.00	0.00	111.46	0.00	0.00	0.00
1249	50.01	2503	2793	0.38	4489	0	0	0	3	515	0.00	0.00	0.00	49.96	49.99	0.00	75	75	0.00	0.00	111.29	0.00	0.00	0.00
1249	50.02	2503	2793	0.38	4623	0	0	2	2	649	0.00	0.00	0.00	49.95	49.98	0.00	75	76	0.00	0.00	111.73	0.00	0.00	0.00
1249	50.01	2503	2793	0.38	4569	0	0	4	3	587	0.00	0.01	0.01	49.94	49.99	0.00	75	75	0.00	0.00	111.55	0.00	0.00	0.00
1249	50.01	2503	2793	0.38	4545	0	0	4	4	572	0.00	0.00	0.02	49.95	49.99	0.00	75	75	0.00	0.00	111.48	0.00	0.00	0.00
1249	50.01	2503	2793	0.38	4562	0	0	3	3	607	0.00	0.00	0.00	49.95	49.99	0.00	75	75	0.00	0.00	111.66	0.00	0.00	0.00
1249	50.02	2503	2793	0.38	4553	0	4	6	4	584	0.00	0.00	0.03	49.93	49.98	0.00	75	75	0.00	0.00	111.63	0.00	0.00	0.00
1249	50.02	2503	2793	0.38	4608	0	0	2	1	622	0.00	0.00	0.00	49.96	49.98	0.00	75	75	0.00	0.00	111.54	0.00	0.00	0.00
1249	50.01	2504	2793	0.38	4553	0	1	7	4	569	0.00	0.00	0.02	49.94	49.99	0.00	75	75	0.00	0.00	111.97	0.00	0.00	0.00
1249	50.02	2503	2793	0.38	4603	0	0	2	2	646	0.00	0.00	0.00	49.96	49.98	0.00	75	76	0.00	0.00	111.89	0.00	0.00	0.00
1249	50.02	2503	2793	0.38	4664	0	1	3	5	716	0.00	0.00	0.02	49.94	49.98	0.00	75	75	0.00	0.00	111.56	0.00	0.00	0.00
1249	50.02	2503	2793	0.38	4569	0	0	3	4	618	0.00	0.00	0.02	49.94	49.98	0.00	75	75	0.00	0.00	111.80	0.00	0.00	0.00
1250	50.03	2504	2793	0.38	4679	0	2	2	1	700	0.00	0.00	0.00	49.95	49.97	0.00	75	75	0.00	0.00	111.54	0.00	0.00	0.00
1249	50.02	2503	2794	0.38	4618	0	4	4	3	644	0.00	0.00	0.01	49.95	49.98	0.00	75	75	0.00	0.00	111.68	0.00	0.00	0.00
1249	50.01	2503	2793	0.38	4590	0	0	3	5	602	0.00	0.00	0.03	49.93	49.99	0.00	75	76	0.00	0.00	111.61	0.00	0.00	0.00
1249	50.02	2503	2793	0.38	4605	0	0	0	5	625	0.00	0.00	0.03	49.93	49.98	0.00	75	76	0.00	0.00	111.54	0.00	0.00	0.00
1249	50.02	2503	2793	0.38	4554	0	0	3	6	581	0.00	0.00	0.03	49.93	49.98	0.00	75	75	0.00	0.00	111.51	0.00	0.00	0.00
1249	50.01	2503	2793	0.38	4493	0	0	2	5	534	0.00	0.00	0.03	49.93	49.99	0.00	75	75	0.00	0.00	111.92	0.00	0.00	0.00
1249	50.02	2503	2793	0.38	4608	0	0	0	2	652	0.00	0.00	0.00	49.96	49.98	0.00	75	75	0.00	0.00	111.65	0.00	0.00	0.00
1249	50.02	2503	2793	0.38	4665	0	0	2	4	677	0.00	0.00	0.02	49.94	49.98	0.00	75	76	0.00	0.00	111.66	0.00	0.00	0.00
1249	50.02	2503	2793	0.38	4567	0	0	1	5	595	0.00	0.00	0.01	49.95	49.98	0.00	75	76	0.00	0.00	111.75	0.00	0.00	0.00
1249	50.01	2503	2793	0.38	4507	0	0	3	6	548	0.00	0.00	0.04	49.92	49.99	0.00	75	76	0.00	0.00	111.59	0.00	0.00	0.00
1249	50.03	2504	2793	0.38	4609	0	0	5	5	653	0.00	0.00	0.03	49.92	49.97	0.00	75	76	0.00	0.00	111.57	0.00	0.00	0.00
1249	50.02	2504	2793	0.37	4701	0	0	1	2	719	0.00	0.00	0.00	49.95	49.98	0.00	75	76	0.00	0.00	111.73	0.00	0.00	0.00
1249	50.02	2503	2793	0.38	4637	0	0	3	2	679	0.00	0.00	0.00	49.96	49.98	0.00	75	76	0.00	0.00	111.68	0.00	0.00	0.00
1249	50.02	2503	2793	0.38	4629	0	0	8	21	655	0.00	0.01	0.12	49.81	49.98	0.00	75	76	0.00	0.00	111.60	0.00	0.00	0.00
1249	50.01	2504	2793	0.38	4640	0	0	2	5	662	0.00	0.00	0.03	49.93	49.99	0.00	75	76	0.00	0.00	111.64	0.00	0.00	0.00
1249	50.02	2503	2793	0.38	4528	0	0	1	4	561	0.00	0.00	0.02	49.94	49.98	0.00	76	76	0.00	0.00	111.64	0.00	0.00	0.00
1252	50.13	2504	2793	0.38	1388	0	2	4	2	487	0.00	0.07	0.01	49.78	49.87	0.00	75	76	0.00	0.00	111.89	0.00	0.00	0.00
