Avg_MHz	Busy%	Bzy_MHz	TSC_MHz	IPC	IRQ	SMI	POLL	C1	C1E	C6	POLL%	C1%	C1E%	C6%	CPU%c1	CPU%c6	CoreTmp	PkgTmp	Pkg%pc2	Pkg%pc6	PkgWatt	RAMWatt	PKG_%	RAM_%
1249	50.05	2500	2794	0.34	4750	0	0	0	2	609	0.00	0.00	0.00	49.97	49.95	0.00	68	69	0.00	0.00	108.72	0.00	0.00	0.00
1249	50.06	2500	2793	0.34	4587	0	0	0	5	633	0.00	0.00	0.02	49.93	49.94	0.00	68	69	0.00	0.00	109.08	0.00	0.00	0.00
1248	50.04	2500	2793	0.34	4599	0	0	8	14	616	0.00	0.10	0.12	49.74	49.96	0.00	68	68	0.00	0.00	109.05	0.00	0.00	0.00
1248	50.04	2500	2793	0.34	4560	0	2	0	4	588	0.00	0.00	0.02	49.94	49.96	0.00	68	69	0.00	0.00	108.83	0.00	0.00	0.00
1248	50.05	2500	2793	0.34	4603	0	0	0	1	626	0.00	0.00	0.00	49.96	49.95	0.00	69	69	0.00	0.00	109.24	0.00	0.00	0.00
1248	50.05	2500	2793	0.34	4613	0	0	1	6	660	0.00	0.00	0.01	49.95	49.95	0.00	68	69	0.00	0.00	109.19	0.00	0.00	0.00
1248	50.05	2500	2793	0.34	4631	0	0	0	5	664	0.00	0.00	0.03	49.93	49.95	0.00	69	69	0.00	0.00	108.95	0.00	0.00	0.00
1248	50.05	2500	2793	0.34	4649	0	0	2	4	676	0.00	0.01	0.03	49.92	49.95	0.00	69	69	0.00	0.00	108.99	0.00	0.00	0.00
1248	50.05	2500	2793	0.34	4688	0	0	0	3	701	0.00	0.00	0.00	49.95	49.95	0.00	68	69	0.00	0.00	109.23	0.00	0.00	0.00
1248	50.04	2500	2793	0.34	4519	0	0	0	5	591	0.00	0.00	0.04	49.92	49.96	0.00	69	69	0.00	0.00	109.06	0.00	0.00	0.00
1248	50.05	2500	2793	0.34	4631	0	0	9	2	664	0.00	0.00	0.01	49.94	49.95	0.00	69	70	0.00	0.00	109.05	0.00	0.00	0.00
1249	50.06	2500	2794	0.34	4720	0	0	3	4	755	0.00	0.00	0.00	49.95	49.94	0.00	69	69	0.00	0.00	109.13	0.00	0.00	0.00
1248	50.05	2500	2793	0.34	4598	0	0	0	3	643	0.00	0.00	0.00	49.95	49.95	0.00	69	69	0.00	0.00	109.16	0.00	0.00	0.00
1248	50.05	2500	2793	0.34	4572	0	0	2	4	616	0.00	0.01	0.03	49.92	49.95	0.00	69	69	0.00	0.00	109.32	0.00	0.00	0.00
1248	50.04	2500	2793	0.34	4556	0	0	0	4	576	0.00	0.00	0.02	49.94	49.96	0.00	69	70	0.00	0.00	109.08	0.00	0.00	0.00
1248	50.05	2500	2793	0.34	4562	0	0	2	5	599	0.00	0.01	0.04	49.91	49.95	0.00	69	70	0.00	0.00	109.18	0.00	0.00	0.00
1248	50.04	2500	2793	0.34	4523	0	0	0	2	559	0.00	0.00	0.00	49.96	49.96	0.00	69	70	0.00	0.00	109.21	0.00	0.00	0.00
1248	50.04	2500	2793	0.34	4611	0	0	0	5	661	0.00	0.00	0.00	49.96	49.96	0.00	69	70	0.00	0.00	109.11	0.00	0.00	0.00
1248	50.05	2500	2793	0.34	4619	0	0	8	4	665	0.00	0.10	0.02	49.84	49.95	0.00	70	70	0.00	0.00	109.34	0.00	0.00	0.00
1248	50.04	2500	2793	0.34	4622	0	0	0	4	649	0.00	0.00	0.02	49.95	49.96	0.00	70	70	0.00	0.00	109.32	0.00	0.00	0.00
1248	50.05	2500	2793	0.34	4589	0	0	0	2	632	0.00	0.00	0.00	49.96	49.95	0.00	69	70	0.00	0.00	108.90	0.00	0.00	0.00
1249	50.06	2500	2793	0.34	4576	0	0	0	5	624	0.00	0.00	0.03	49.92	49.94	0.00	70	70	0.00	0.00	109.55	0.00	0.00	0.00
1248	50.04	2500	2793	0.34	4525	0	0	0	4	583	0.00	0.00	0.03	49.93	49.96	0.00	69	70	0.00	0.00	109.34	0.00	0.00	0.00
1248	50.04	2500	2793	0.34	4583	0	0	2	4	612	0.00	0.00	0.02	49.94	49.96	0.00	70	70	0.00	0.00	108.79	0.00	0.00	0.00
1248	50.05	2500	2793	0.34	4615	0	0	0	3	656	0.00	0.00	0.00	49.95	49.95	0.00	70	70	0.00	0.00	109.20	0.00	0.00	0.00
1248	50.04	2500	2793	0.34	4607	0	0	0	4	643	0.00	0.00	0.02	49.95	49.96	0.00	70	70	0.00	0.00	109.13	0.00	0.00	0.00
1248	50.05	2500	2793	0.34	4587	0	0	0	5	625	0.00	0.00	0.03	49.93	49.95	0.00	70	70	0.00	0.00	109.11	0.00	0.00	0.00
1248	50.04	2500	2793	0.34	4555	0	0	0	7	589	0.00	0.00	0.05	49.91	49.96	0.00	70	70	0.00	0.00	109.12	0.00	0.00	0.00
1248	50.04	2500	2793	0.34	4505	0	0	0	3	569	0.00	0.00	0.00	49.96	49.96	0.00	70	71	0.00	0.00	108.76	0.00	0.00	0.00
1249	50.08	2500	2793	0.33	4705	0	2	27	16	719	0.00	0.28	0.11	49.54	49.92	0.00	70	70	0.00	0.00	109.00	0.00	0.00	0.00
1248	50.05	2500	2793	0.34	4680	0	0	0	4	722	0.00	0.00	0.00	49.95	49.95	0.00	70	70	0.00	0.00	109.22	0.00	0.00	0.00
1259	50.34	2507	2793	0.34	4709	0	0	0	6	709	0.00	0.00	0.03	49.64	49.66	0.00	70	71	0.00	0.00	109.27	0.00	0.00	0.00
1248	50.05	2500	2793	0.34	4625	0	0	0	4	649	0.00	0.00	0.01	49.95	49.95	0.00	70	70	0.00	0.00	109.35	0.00	0.00	0.00
1248	50.05	2500	2793	0.34	4610	0	0	8	5	646	0.00	0.10	0.03	49.83	49.95	0.00	70	71	0.00	0.00	109.14	0.00	0.00	0.00
1248	50.05	2500	2793	0.34	4532	0	0	0	6	587	0.00	0.00	0.04	49.92	49.95	0.00	71	71	0.00	0.00	109.01	0.00	0.00	0.00
1248	50.05	2500	2793	0.34	4652	0	0	2	6	666	0.00	0.00	0.04	49.92	49.95	0.00	71	71	0.00	0.00	109.25	0.00	0.00	0.00
1248	50.05	2500	2793	0.34	4657	0	0	0	2	705	0.00	0.00	0.00	49.95	49.95	0.00	71	71	0.00	0.00	109.27	0.00	0.00	0.00
1248	50.05	2500	2793	0.34	4643	0	0	1	3	670	0.00	0.00	0.01	49.95	49.95	0.00	71	71	0.00	0.00	109.14	0.00	0.00	0.00
1248	50.05	2500	2793	0.34	4620	0	0	0	5	654	0.00	0.00	0.03	49.93	49.95	0.00	71	71	0.00	0.00	109.26	0.00	0.00	0.00
1248	50.05	2500	2793	0.34	4655	0	0	0	5	677	0.00	0.00	0.03	49.93	49.95	0.00	71	71	0.00	0.00	109.39	0.00	0.00	0.00
1248	50.05	2500	2793	0.34	4573	0	0	2	3	588	0.00	0.00	0.00	49.96	49.95	0.00	71	71	0.00	0.00	108.88	0.00	0.00	0.00
1249	50.06	2500	2793	0.34	4677	0	0	0	5	724	0.00	0.00	0.03	49.92	49.94	0.00	71	71	0.00	0.00	109.21	0.00	0.00	0.00
1248	50.05	2500	2793	0.34	4702	0	1	0	2	724	0.00	0.00	0.00	49.95	49.95	0.00	71	71	0.00	0.00	109.31	0.00	0.00	0.00
1248	50.05	2500	2793	0.34	4673	0	0	0	5	701	0.00	0.00	0.02	49.94	49.95	0.00	71	71	0.00	0.00	109.02	0.00	0.00	0.00
1248	50.04	2500	2793	0.34	4569	0	0	0	3	609	0.00	0.00	0.00	49.96	49.96	0.00	71	71	0.00	0.00	109.35	0.00	0.00	0.00
1248	50.05	2500	2793	0.34	4652	0	0	0	4	701	0.00	0.00	0.02	49.94	49.95	0.00	71	71	0.00	0.00	109.40	0.00	0.00	0.00
1248	50.05	2500	2793	0.34	4605	0	0	4	5	632	0.00	0.01	0.04	49.91	49.95	0.00	71	72	0.00	0.00	108.91	0.00	0.00	0.00
1248	50.05	2500	2793	0.34	4705	0	0	0	6	743	0.00	0.00	0.04	49.91	49.95	0.00	71	71	0.00	0.00	109.20	0.00	0.00	0.00
1249	50.06	2500	2793	0.34	4725	0	0	1	5	751	0.00	0.01	0.00	49.93	49.94	0.00	71	71	0.00	0.00	109.27	0.00	0.00	0.00
1248	50.05	2500	2793	0.34	4617	0	0	0	4	662	0.00	0.00	0.01	49.94	49.95	0.00	71	72	0.00	0.00	109.29	0.00	0.00	0.00
1248	50.05	2500	2793	0.34	4629	0	0	1	14	660	0.00	0.00	0.13	49.83	49.95	0.00	71	71	0.00	0.00	108.92	0.00	0.00	0.00
1249	50.06	2500	2793	0.34	4618	0	0	0	5	656	0.00	0.00	0.03	49.91	49.94	0.00	71	71	0.00	0.00	108.79	0.00	0.00	0.00
1248	50.05	2500	2793	0.34	4712	0	0	2	4	762	0.00	0.00	0.00	49.95	49.95	0.00	71	72	0.00	0.00	109.11	0.00	0.00	0.00
1248	50.05	2500	2793	0.34	4547	0	2	0	5	611	0.00	0.00	0.03	49.93	49.95	0.00	71	72	0.00	0.00	109.01	0.00	0.00	0.00
1248	50.05	2500	2793	0.34	4644	0	0	0	2	683	0.00	0.00	0.00	49.96	49.95	0.00	71	72	0.00	0.00	109.43	0.00	0.00	0.00
1248	50.05	2500	2793	0.34	4671	0	0	0	4	708	0.00	0.00	0.01	49.94	49.95	0.00	72	72	0.00	0.00	109.58	0.00	0.00	0.00
1248	50.05	2500	2793	0.34	4654	0	0	1	11	678	0.00	0.00	0.09	49.86	49.95	0.00	72	72	0.00	0.00	109.49	0.00	0.00	0.00
1248	50.05	2500	2793	0.34	4636	0	2	0	4	686	0.00	0.00	0.02	49.94	49.95	0.00	72	72	0.00	0.00	109.08	0.00	0.00	0.00
1248	50.05	2500	2793	0.34	4564	0	0	2	4	609	0.00	0.00	0.02	49.94	49.95	0.00	72	72	0.00	0.00	109.27	0.00	0.00	0.00
1249	50.06	2500	2793	0.34	4609	0	0	0	16	657	0.00	0.00	0.14	49.81	49.94	0.00	72	72	0.00	0.00	109.17	0.00	0.00	0.00
1248	50.05	2500	2793	0.33	4617	0	0	1	2	647	0.00	0.00	0.01	49.94	49.95	0.00	72	72	0.00	0.00	108.99	0.00	0.00	0.00
1249	50.06	2500	2793	0.34	4682	0	0	0	2	731	0.00	0.00	0.00	49.95	49.94	0.00	72	72	0.00	0.00	109.36	0.00	0.00	0.00
1248	50.05	2500	2793	0.34	4618	0	0	0	4	662	0.00	0.00	0.02	49.94	49.95	0.00	72	72	0.00	0.00	109.27	0.00	0.00	0.00
1248	50.05	2500	2793	0.34	4626	0	1	0	5	649	0.00	0.00	0.03	49.93	49.95	0.00	72	72	0.00	0.00	109.24	0.00	0.00	0.00
1258	50.32	2507	2793	0.34	4636	0	0	2	3	656	0.00	0.00	0.00	49.68	49.68	0.00	72	72	0.00	0.00	109.51	0.00	0.00	0.00
1248	50.05	2500	2793	0.34	4589	0	0	0	6	639	0.00	0.00	0.03	49.93	49.95	0.00	72	72	0.00	0.00	108.95	0.00	0.00	0.00
1248	50.05	2500	2793	0.34	4562	0	0	0	5	615	0.00	0.00	0.03	49.93	49.95	0.00	72	72	0.00	0.00	108.77	0.00	0.00	0.00
1248	50.04	2500	2793	0.34	4549	0	0	0	2	591	0.00	0.00	0.01	49.95	49.96	0.00	72	72	0.00	0.00	109.23	0.00	0.00	0.00
1248	50.05	2500	2793	0.34	4597	0	0	0	2	645	0.00	0.00	0.00	49.96	49.95	0.00	72	72	0.00	0.00	109.33	0.00	0.00	0.00
1248	50.05	2500	2793	0.34	4636	0	0	0	5	667	0.00	0.00	0.03	49.93	49.95	0.00	72	73	0.00	0.00	108.78	0.00	0.00	0.00
1248	50.04	2500	2793	0.34	4554	0	0	2	4	588	0.00	0.00	0.02	49.94	49.96	0.00	72	73	0.00	0.00	109.47	0.00	0.00	0.00
1249	50.06	2500	2793	0.34	4540	0	0	0	6	567	0.00	0.00	0.03	49.91	49.94	0.00	72	73	0.00	0.00	108.87	0.00	0.00	0.00
1248	50.04	2500	2793	0.34	4516	0	0	0	3	588	0.00	0.00	0.00	49.96	49.96	0.00	72	73	0.00	0.00	109.31	0.00	0.00	0.00
1248	50.05	2500	2793	0.34	4696	0	0	0	3	736	0.00	0.00	0.02	49.94	49.95	0.00	72	73	0.00	0.00	109.44	0.00	0.00	0.00
1248	50.05	2500	2793	0.34	4624	0	0	1	4	649	0.00	0.00	0.00	49.95	49.95	0.00	72	73	0.00	0.00	109.19	0.00	0.00	0.00
1248	50.04	2500	2793	0.34	4510	0	0	0	6	539	0.00	0.00	0.03	49.93	49.96	0.00	72	73	0.00	0.00	109.20	0.00	0.00	0.00
1248	50.05	2500	2793	0.34	4596	0	0	2	3	618	0.00	0.00	0.00	49.95	49.95	0.00	72	73	0.00	0.00	109.15	0.00	0.00	0.00
1248	50.05	2500	2793	0.34	4573	0	0	0	7	624	0.00	0.00	0.04	49.92	49.95	0.00	72	73	0.00	0.00	109.14	0.00	0.00	0.00
1249	50.06	2500	2793	0.34	4605	0	0	3	11	651	0.00	0.02	0.10	49.83	49.94	0.00	72	73	0.00	0.00	109.22	0.00	0.00	0.00
1248	50.05	2500	2793	0.34	4642	0	0	0	3	677	0.00	0.00	0.01	49.94	49.95	0.00	72	73	0.00	0.00	109.32	0.00	0.00	0.00
1248	50.05	2500	2793	0.34	4625	0	0	0	3	673	0.00	0.00	0.01	49.95	49.95	0.00	73	73	0.00	0.00	109.11	0.00	0.00	0.00
1249	50.06	2500	2793	0.34	4624	0	0	0	4	682	0.00	0.00	0.02	49.93	49.94	0.00	73	73	0.00	0.00	109.18	0.00	0.00	0.00
1248	50.05	2500	2793	0.34	4601	0	0	2	5	623	0.00	0.00	0.02	49.94	49.95	0.00	73	73	0.00	0.00	109.45	0.00	0.00	0.00
1248	50.05	2500	2793	0.34	4596	0	0	0	4	626	0.00	0.00	0.00	49.95	49.95	0.00	73	73	0.00	0.00	109.05	0.00	0.00	0.00
1248	50.04	2500	2793	0.34	4508	0	0	0	5	558	0.00	0.00	0.03	49.93	49.96	0.00	73	73	0.00	0.00	109.28	0.00	0.00	0.00
1248	50.04	2500	2793	0.34	4510	0	0	0	4	554	0.00	0.00	0.02	49.95	49.96	0.00	73	73	0.00	0.00	109.05	0.00	0.00	0.00
1248	50.05	2500	2793	0.34	4651	0	1	0	3	662	0.00	0.00	0.00	49.95	49.95	0.00	72	73	0.00	0.00	109.17	0.00	0.00	0.00
1248	50.05	2500	2793	0.34	4602	0	0	0	3	662	0.00	0.00	0.00	49.95	49.95	0.00	73	73	0.00	0.00	109.51	0.00	0.00	0.00
1248	50.05	2500	2793	0.34	4567	0	0	2	3	620	0.00	0.00	0.01	49.95	49.95	0.00	73	73	0.00	0.00	109.36	0.00	0.00	0.00
1248	50.05	2500	2793	0.34	4606	0	0	0	7	651	0.00	0.00	0.04	49.92	49.95	0.00	73	73	0.00	0.00	109.15	0.00	0.00	0.00
1248	50.05	2500	2793	0.34	4617	0	0	0	6	638	0.00	0.00	0.04	49.92	49.95	0.00	73	73	0.00	0.00	109.35	0.00	0.00	0.00
1249	50.06	2500	2793	0.33	4681	0	0	0	3	707	0.00	0.00	0.01	49.94	49.94	0.00	73	73	0.00	0.00	109.29	0.00	0.00	0.00
1248	50.05	2500	2793	0.34	4645	0	3	0	2	685	0.00	0.00	0.00	49.95	49.95	0.00	73	73	0.00	0.00	109.45	0.00	0.00	0.00
1248	50.05	2500	2793	0.34	4608	0	2	0	3	661	0.00	0.00	0.00	49.96	49.95	0.00	73	73	0.00	0.00	109.62	0.00	0.00	0.00
1248	50.05	2500	2793	0.34	4706	0	0	2	6	721	0.00	0.00	0.03	49.92	49.95	0.00	73	73	0.00	0.00	108.99	0.00	0.00	0.00
1248	50.05	2500	2793	0.34	4648	0	2	0	3	688	0.00	0.00	0.00	49.95	49.95	0.00	73	73	0.00	0.00	109.41	0.00	0.00	0.00
1258	50.32	2507	2793	0.34	4584	0	2	0	6	608	0.00	0.00	0.04	49.64	49.68	0.00	73	73	0.00	0.00	109.50	0.00	0.00	0.00
1248	50.05	2500	2793	0.34	4594	0	0	0	4	631	0.00	0.00	0.03	49.93	49.95	0.00	73	74	0.00	0.00	109.21	0.00	0.00	0.00
1248	50.05	2500	2793	0.34	4667	0	1	0	2	683	0.00	0.00	0.00	49.96	49.95	0.00	73	73	0.00	0.00	109.39	0.00	0.00	0.00
1248	50.05	2500	2793	0.34	4625	0	0	1	3	670	0.00	0.00	0.00	49.96	49.95	0.00	73	74	0.00	0.00	109.32	0.00	0.00	0.00
1248	50.05	2500	2793	0.34	4587	0	0	2	4	634	0.00	0.00	0.02	49.94	49.95	0.00	73	73	0.00	0.00	109.14	0.00	0.00	0.00
1249	50.06	2500	2793	0.34	4576	0	0	0	5	629	0.00	0.00	0.02	49.93	49.94	0.00	73	74	0.00	0.00	109.35	0.00	0.00	0.00
1248	50.05	2500	2793	0.34	4613	0	1	2	4	616	0.00	0.01	0.03	49.92	49.95	0.00	73	73	0.00	0.00	109.39	0.00	0.00	0.00
1248	50.04	2500	2793	0.34	4528	0	2	7	3	584	0.00	0.09	0.00	49.87	49.96	0.00	73	73	0.00	0.00	109.10	0.00	0.00	0.00
1248	50.05	2500	2793	0.34	4652	0	2	0	2	689	0.00	0.00	0.00	49.96	49.95	0.00	73	73	0.00	0.00	109.47	0.00	0.00	0.00
1249	50.06	2500	2793	0.34	4683	0	3	10	14	717	0.00	0.11	0.11	49.73	49.94	0.00	73	74	0.00	0.00	109.55	0.00	0.00	0.00
1248	50.05	2500	2793	0.34	4679	0	2	8	4	695	0.00	0.10	0.02	49.84	49.95	0.00	73	73	0.00	0.00	109.63	0.00	0.00	0.00
1248	50.05	2500	2793	0.34	4624	0	0	0	3	660	0.00	0.00	0.00	49.95	49.95	0.00	73	74	0.00	0.00	109.22	0.00	0.00	0.00
1248	50.04	2500	2793	0.34	4538	0	0	0	5	558	0.00	0.00	0.03	49.93	49.96	0.00	73	73	0.00	0.00	109.30	0.00	0.00	0.00
1248	50.04	2500	2793	0.34	4562	0	0	0	5	610	0.00	0.00	0.03	49.93	49.96	0.00	73	74	0.00	0.00	109.25	0.00	0.00	0.00
1249	50.06	2500	2793	0.34	4708	0	0	8	2	704	0.00	0.10	0.00	49.85	49.94	0.00	73	74	0.00	0.00	109.47	0.00	0.00	0.00
1248	50.05	2500	2793	0.34	4702	0	0	2	2	739	0.00	0.00	0.00	49.95	49.95	0.00	73	74	0.00	0.00	109.43	0.00	0.00	0.00
1249	50.07	2500	2793	0.34	2595	0	0	3	2	514	0.00	0.03	0.00	49.90	49.93	0.00	73	74	0.00	0.00	109.10	0.00	0.00	0.00
