Avg_MHz	Busy%	Bzy_MHz	TSC_MHz	IPC	IRQ	SMI	POLL	C1	C1E	C6	POLL%	C1%	C1E%	C6%	CPU%c1	CPU%c6	CoreTmp	PkgTmp	Pkg%pc2	Pkg%pc6	PkgWatt	RAMWatt	PKG_%	RAM_%
119	3.18	3746	2793	0.30	724	0	0	1	8	387	0.00	0.00	0.01	96.81	4.92	91.90	53	55	0.00	0.00	54.86	0.00	0.00	0.00
119	3.20	3718	2793	0.31	735	0	0	2	9	554	0.00	0.00	0.01	96.80	5.70	91.10	53	55	0.00	0.00	54.87	0.00	0.00	0.00
121	3.29	3670	2793	0.32	792	0	0	2	6	607	0.00	0.01	0.01	96.69	6.15	90.55	53	55	0.00	0.00	55.09	0.00	0.00	0.00
119	3.20	3709	2794	0.31	806	0	0	1	5	675	0.00	0.00	0.02	96.79	6.61	90.19	53	54	0.00	0.00	54.98	0.00	0.00	0.00
119	3.20	3712	2793	0.31	784	0	0	0	6	652	0.00	0.00	0.02	96.78	6.18	90.62	53	55	0.00	0.00	54.91	0.00	0.00	0.00
119	3.20	3722	2793	0.31	734	0	1	0	8	589	0.00	0.00	0.02	96.78	5.95	90.85	53	56	0.00	0.00	54.91	0.00	0.00	0.00
118	3.21	3704	2793	0.31	865	0	1	2	11	705	0.00	0.00	0.02	96.78	6.64	90.15	53	55	0.00	0.00	54.93	0.00	0.00	0.00
119	3.19	3724	2794	0.30	790	0	0	0	10	602	0.00	0.00	0.04	96.79	6.01	90.80	53	56	0.00	0.00	54.87	0.00	0.00	0.00
119	3.18	3735	2793	0.30	702	0	0	0	8	510	0.00	0.00	0.02	96.79	5.60	91.22	53	55	0.00	0.00	54.98	0.00	0.00	0.00
119	3.19	3724	2793	0.30	800	0	0	0	11	609	0.00	0.00	0.04	96.78	6.00	90.80	53	55	0.00	0.00	54.94	0.00	0.00	0.00
119	3.19	3731	2793	0.30	741	0	0	0	12	546	0.00	0.00	0.07	96.75	5.86	90.95	53	56	0.00	0.00	55.00	0.00	0.00	0.00
119	3.19	3719	2793	0.30	817	0	0	2	3	640	0.00	0.00	0.00	96.81	6.34	90.46	53	56	0.00	0.00	54.96	0.00	0.00	0.00
119	3.19	3727	2793	0.31	781	0	0	0	5	596	0.00	0.00	0.01	96.81	5.87	90.94	54	55	0.00	0.00	54.87	0.00	0.00	0.00
119	3.19	3725	2793	0.30	788	0	0	1	10	597	0.00	0.00	0.05	96.77	5.95	90.86	53	56	0.00	0.00	54.96	0.00	0.00	0.00
119	3.19	3725	2793	0.31	775	0	0	0	9	590	0.00	0.00	0.03	96.78	6.01	90.80	53	55	0.00	0.00	55.01	0.00	0.00	0.00
119	3.20	3725	2793	0.31	808	0	0	0	7	624	0.00	0.00	0.01	96.81	6.12	90.68	53	56	0.00	0.00	55.02	0.00	0.00	0.00
119	3.18	3741	2793	0.30	661	0	0	0	5	464	0.00	0.00	0.02	96.81	5.31	91.50	54	55	0.00	0.00	54.89	0.00	0.00	0.00
119	3.19	3726	2793	0.30	754	0	0	2	8	571	0.00	0.00	0.03	96.78	5.88	90.93	54	56	0.00	0.00	54.93	0.00	0.00	0.00
119	3.19	3723	2793	0.30	782	0	0	0	6	598	0.00	0.00	0.01	96.80	6.10	90.71	53	56	0.00	0.00	55.02	0.00	0.00	0.00
119	3.19	3728	2793	0.30	752	0	0	0	10	559	0.00	0.00	0.02	96.80	5.97	90.84	54	56	0.00	0.00	54.92	0.00	0.00	0.00
119	3.20	3717	2793	0.30	889	0	0	0	9	700	0.00	0.00	0.02	96.79	6.39	90.41	53	56	0.00	0.00	55.00	0.00	0.00	0.00
119	3.19	3723	2793	0.30	795	0	0	0	7	611	0.00	0.00	0.04	96.78	6.14	90.67	54	56	0.00	0.00	55.02	0.00	0.00	0.00
119	3.19	3729	2793	0.30	763	0	0	0	6	579	0.00	0.00	0.03	96.78	5.94	90.87	54	56	0.00	0.00	54.94	0.00	0.00	0.00
119	3.18	3734	2793	0.30	662	0	0	2	8	474	0.00	0.00	0.01	96.82	5.53	91.28	54	56	0.00	0.00	55.00	0.00	0.00	0.00
118	3.20	3709	2794	0.31	938	0	0	0	10	758	0.00	0.00	0.02	96.79	6.69	90.11	54	56	0.00	0.00	55.11	0.00	0.00	0.00
119	3.19	3729	2793	0.31	740	0	0	0	10	554	0.00	0.00	0.04	96.77	5.89	90.92	54	56	0.00	0.00	55.01	0.00	0.00	0.00
119	3.19	3724	2793	0.30	789	0	0	0	6	607	0.00	0.00	0.01	96.81	6.09	90.72	54	56	0.00	0.00	55.02	0.00	0.00	0.00
119	3.18	3736	2793	0.30	674	0	0	0	9	483	0.00	0.00	0.01	96.81	5.53	91.29	54	56	0.00	0.00	54.96	0.00	0.00	0.00
118	3.20	3715	2793	0.31	874	0	0	2	13	682	0.00	0.00	0.04	96.77	6.41	90.39	54	57	0.00	0.00	54.99	0.00	0.00	0.00
119	3.20	3711	2793	0.30	928	0	0	2	12	747	0.00	0.00	0.04	96.77	6.57	90.23	54	56	0.00	0.00	55.07	0.00	0.00	0.00
118	3.19	3715	2793	0.31	845	0	0	0	11	656	0.00	0.00	0.06	96.76	6.57	90.24	54	56	0.00	0.00	55.13	0.00	0.00	0.00
119	3.19	3723	2793	0.30	823	0	0	0	10	638	0.00	0.00	0.03	96.79	6.18	90.63	54	56	0.00	0.00	55.09	0.00	0.00	0.00
119	3.19	3726	2793	0.30	771	0	0	1	10	584	0.00	0.00	0.03	96.78	6.02	90.79	54	56	0.00	0.00	54.89	0.00	0.00	0.00
119	3.20	3717	2794	0.31	868	0	0	0	9	675	0.00	0.00	0.01	96.81	6.42	90.39	54	56	0.00	0.00	54.97	0.00	0.00	0.00
120	3.29	3669	2793	0.32	777	0	0	1	9	582	0.00	0.00	0.04	96.67	6.07	90.64	54	56	0.00	0.00	55.07	0.00	0.00	0.00
119	3.21	3706	2793	0.31	875	0	0	2	8	725	0.00	0.00	0.01	96.78	6.77	90.01	54	56	0.00	0.00	54.95	0.00	0.00	0.00
119	3.19	3723	2793	0.30	765	0	0	0	9	580	0.00	0.00	0.03	96.78	5.96	90.85	54	56	0.00	0.00	54.89	0.00	0.00	0.00
119	3.20	3717	2793	0.30	882	0	0	0	9	690	0.00	0.00	0.03	96.78	6.30	90.50	54	57	0.00	0.00	55.01	0.00	0.00	0.00
119	3.19	3724	2793	0.31	784	0	0	0	7	595	0.00	0.00	0.03	96.79	6.28	90.53	55	57	0.00	0.00	55.05	0.00	0.00	0.00
119	3.19	3729	2793	0.30	753	0	0	0	9	574	0.00	0.00	0.01	96.80	5.77	91.04	54	57	0.00	0.00	54.92	0.00	0.00	0.00
119	3.19	3726	2793	0.31	758	0	0	1	9	575	0.00	0.00	0.02	96.79	5.88	90.93	54	57	0.00	0.00	54.95	0.00	0.00	0.00
119	3.19	3721	2793	0.30	790	0	0	0	11	594	0.00	0.00	0.04	96.78	5.98	90.83	55	57	0.00	0.00	54.91	0.00	0.00	0.00
119	3.19	3729	2793	0.30	747	0	0	0	9	554	0.00	0.00	0.03	96.78	5.95	90.86	54	56	0.00	0.00	55.01	0.00	0.00	0.00
119	3.19	3726	2793	0.30	777	0	0	1	9	590	0.00	0.00	0.02	96.80	6.02	90.79	55	57	0.00	0.00	54.93	0.00	0.00	0.00
119	3.19	3720	2794	0.30	839	0	0	0	13	641	0.00	0.00	0.04	96.78	6.20	90.61	54	57	0.00	0.00	55.02	0.00	0.00	0.00
119	3.20	3717	2793	0.31	874	0	0	1	9	682	0.00	0.00	0.02	96.78	6.26	90.54	54	57	0.00	0.00	55.02	0.00	0.00	0.00
118	3.19	3717	2793	0.31	816	0	0	2	5	639	0.00	0.00	0.01	96.81	6.55	90.25	55	57	0.00	0.00	54.94	0.00	0.00	0.00
119	3.20	3713	2794	0.30	915	0	0	0	10	730	0.00	0.00	0.02	96.79	6.45	90.35	55	57	0.00	0.00	55.04	0.00	0.00	0.00
119	3.19	3727	2793	0.30	792	0	0	1	16	599	0.00	0.00	0.05	96.76	6.07	90.74	55	57	0.00	0.00	54.95	0.00	0.00	0.00
119	3.20	3719	2793	0.30	855	0	0	0	11	667	0.00	0.00	0.02	96.79	6.25	90.55	55	57	0.00	0.00	54.92	0.00	0.00	0.00
119	3.19	3724	2794	0.31	804	0	0	0	7	614	0.00	0.00	0.02	96.80	6.06	90.75	55	57	0.00	0.00	54.97	0.00	0.00	0.00
119	3.19	3734	2793	0.30	696	0	0	0	6	512	0.00	0.00	0.01	96.80	5.51	91.30	55	56	0.00	0.00	54.96	0.00	0.00	0.00
119	3.19	3727	2793	0.31	764	0	0	2	9	573	0.00	0.00	0.03	96.78	5.92	90.89	54	57	0.00	0.00	54.88	0.00	0.00	0.00
119	3.19	3720	2793	0.30	848	0	0	0	7	661	0.00	0.00	0.02	96.79	6.19	90.61	55	57	0.00	0.00	54.94	0.00	0.00	0.00
119	3.19	3730	2794	0.31	718	0	0	1	4	530	0.00	0.00	0.02	96.80	5.88	90.93	55	57	0.00	0.00	54.93	0.00	0.00	0.00
119	3.20	3714	2793	0.31	793	0	0	0	6	638	0.00	0.00	0.01	96.80	6.08	90.72	55	57	0.00	0.00	54.92	0.00	0.00	0.00
119	3.19	3725	2794	0.30	786	0	0	0	12	599	0.00	0.00	0.05	96.77	6.02	90.79	55	57	0.00	0.00	54.90	0.00	0.00	0.00
119	3.20	3714	2793	0.30	914	0	0	0	7	731	0.00	0.00	0.02	96.79	6.58	90.22	55	57	0.00	0.00	55.00	0.00	0.00	0.00
119	3.19	3731	2793	0.30	708	0	0	2	8	522	0.00	0.00	0.05	96.76	5.73	91.09	55	57	0.00	0.00	54.93	0.00	0.00	0.00
119	3.19	3725	2793	0.30	753	0	0	0	6	569	0.00	0.00	0.01	96.81	5.92	90.89	55	58	0.00	0.00	55.00	0.00	0.00	0.00
119	3.20	3710	2793	0.31	833	0	0	1	10	673	0.00	0.00	0.04	96.77	6.54	90.26	55	57	0.00	0.00	55.00	0.00	0.00	0.00
118	3.21	3699	2794	0.31	933	0	1	0	11	768	0.00	0.00	0.02	96.79	6.91	89.88	55	57	0.00	0.00	54.96	0.00	0.00	0.00
119	3.19	3729	2793	0.31	738	0	0	0	7	552	0.00	0.00	0.02	96.79	5.98	90.83	55	57	0.00	0.00	54.98	0.00	0.00	0.00
119	3.18	3732	2793	0.30	692	0	0	0	7	506	0.00	0.00	0.01	96.80	5.67	91.15	55	57	0.00	0.00	54.93	0.00	0.00	0.00
119	3.20	3717	2793	0.31	776	0	1	2	9	612	0.00	0.00	0.02	96.78	6.13	90.67	55	57	0.00	0.00	54.98	0.00	0.00	0.00
118	3.21	3702	2793	0.31	919	0	0	0	9	755	0.00	0.00	0.03	96.77	6.57	90.22	55	58	0.00	0.00	54.86	0.00	0.00	0.00
119	3.20	3715	2794	0.31	891	0	0	0	6	701	0.00	0.00	0.01	96.81	6.65	90.15	55	57	0.00	0.00	55.00	0.00	0.00	0.00
120	3.29	3660	2793	0.32	863	0	0	0	6	676	0.00	0.00	0.01	96.71	6.58	90.12	55	57	0.00	0.00	54.99	0.00	0.00	0.00
119	3.21	3703	2793	0.31	940	0	0	0	8	775	0.00	0.00	0.03	96.77	6.86	89.93	55	57	0.00	0.00	55.02	0.00	0.00	0.00
119	3.19	3725	2793	0.30	793	0	0	0	12	610	0.00	0.00	0.05	96.77	5.98	90.83	55	58	0.00	0.00	54.93	0.00	0.00	0.00
118	3.20	3708	2794	0.31	893	0	0	3	10	706	0.00	0.00	0.04	96.77	6.74	90.06	55	57	0.00	0.00	55.02	0.00	0.00	0.00
119	3.18	3742	2793	0.30	623	0	0	0	8	431	0.00	0.00	0.03	96.79	5.21	91.61	55	58	0.00	0.00	54.94	0.00	0.00	0.00
119	3.19	3733	2793	0.30	722	0	0	0	10	529	0.00	0.00	0.03	96.79	5.61	91.20	56	58	0.00	0.00	54.97	0.00	0.00	0.00
119	3.18	3734	2793	0.30	660	0	0	1	10	482	0.00	0.00	0.02	96.79	5.65	91.17	55	57	0.00	0.00	55.03	0.00	0.00	0.00
119	3.20	3713	2794	0.31	882	0	0	0	11	700	0.00	0.00	0.03	96.77	6.57	90.22	55	57	0.00	0.00	55.08	0.00	0.00	0.00
118	3.20	3711	2793	0.31	882	0	0	1	6	701	0.00	0.00	0.01	96.80	6.63	90.18	55	58	0.00	0.00	55.03	0.00	0.00	0.00
119	3.19	3728	2794	0.31	726	0	0	2	8	551	0.00	0.00	0.03	96.79	5.93	90.88	56	57	0.00	0.00	55.05	0.00	0.00	0.00
119	3.19	3724	2793	0.30	797	0	0	0	11	616	0.00	0.00	0.03	96.78	6.02	90.79	55	58	0.00	0.00	55.01	0.00	0.00	0.00
118	3.20	3711	2793	0.31	908	0	0	0	12	715	0.00	0.00	0.06	96.75	6.64	90.16	55	58	0.00	0.00	55.03	0.00	0.00	0.00
118	3.20	3711	2793	0.31	904	0	0	0	8	722	0.00	0.00	0.01	96.80	6.59	90.21	55	57	0.00	0.00	55.03	0.00	0.00	0.00
119	3.20	3717	2793	0.30	886	0	0	2	10	695	0.00	0.01	0.05	96.75	6.37	90.43	55	57	0.00	0.00	55.08	0.00	0.00	0.00
118	3.20	3710	2794	0.31	914	0	0	0	15	733	0.00	0.00	0.05	96.76	6.61	90.19	56	58	0.00	0.00	55.05	0.00	0.00	0.00
118	3.19	3719	2793	0.30	855	0	0	4	14	654	0.00	0.00	0.06	96.75	6.42	90.39	55	58	0.00	0.00	55.03	0.00	0.00	0.00
119	3.20	3714	2793	0.31	835	0	0	1	11	670	0.00	0.00	0.02	96.78	6.32	90.48	55	58	0.00	0.00	55.06	0.00	0.00	0.00
119	3.21	3715	2794	0.31	802	0	0	0	11	634	0.00	0.00	0.04	96.77	6.23	90.57	55	58	0.00	0.00	55.12	0.00	0.00	0.00
118	3.19	3717	2793	0.30	820	0	0	0	10	643	0.00	0.00	0.01	96.79	6.25	90.55	56	58	0.00	0.00	54.96	0.00	0.00	0.00
118	3.21	3698	2794	0.31	970	0	0	0	13	796	0.00	0.00	0.02	96.79	7.07	89.72	56	58	0.00	0.00	55.07	0.00	0.00	0.00
119	3.20	3714	2794	0.31	785	0	0	2	13	615	0.00	0.00	0.02	96.79	6.25	90.55	55	58	0.00	0.00	54.99	0.00	0.00	0.00
119	3.19	3725	2793	0.30	814	0	0	0	4	617	0.00	0.00	0.02	96.80	6.13	90.68	56	58	0.00	0.00	55.01	0.00	0.00	0.00
119	3.19	3730	2793	0.30	707	0	0	1	8	515	0.00	0.00	0.03	96.79	5.76	91.05	56	58	0.00	0.00	54.97	0.00	0.00	0.00
119	3.19	3728	2793	0.30	745	0	1	0	9	557	0.00	0.00	0.02	96.79	5.87	90.94	56	58	0.00	0.00	55.10	0.00	0.00	0.00
119	3.19	3726	2793	0.30	759	0	0	0	11	574	0.00	0.00	0.02	96.79	5.98	90.83	55	58	0.00	0.00	55.00	0.00	0.00	0.00
119	3.20	3719	2794	0.31	840	0	0	0	7	651	0.00	0.00	0.01	96.81	6.26	90.55	56	58	0.00	0.00	55.10	0.00	0.00	0.00
119	3.20	3714	2793	0.30	879	0	0	0	13	696	0.00	0.00	0.05	96.76	6.54	90.27	56	58	0.00	0.00	55.10	0.00	0.00	0.00
119	3.20	3719	2793	0.31	846	0	0	1	8	667	0.00	0.00	0.01	96.80	6.40	90.40	56	58	0.00	0.00	55.00	0.00	0.00	0.00
119	3.20	3712	2793	0.31	876	0	0	0	10	688	0.00	0.00	0.01	96.79	6.29	90.51	56	58	0.00	0.00	55.08	0.00	0.00	0.00
119	3.19	3722	2794	0.30	828	0	1	0	9	639	0.00	0.00	0.02	96.80	6.16	90.65	56	58	0.00	0.00	55.02	0.00	0.00	0.00
119	3.19	3734	2793	0.30	693	0	0	0	9	510	0.00	0.00	0.05	96.77	5.51	91.30	56	58	0.00	0.00	55.04	0.00	0.00	0.00
119	3.20	3715	2793	0.31	818	0	0	0	8	649	0.00	0.00	0.02	96.78	6.29	90.51	56	58	0.00	0.00	55.01	0.00	0.00	0.00
120	3.29	3659	2793	0.32	726	0	0	2	9	557	0.00	0.00	0.03	96.68	5.97	90.74	56	58	0.00	0.00	55.18	0.00	0.00	0.00
119	3.19	3728	2794	0.31	763	0	0	2	8	571	0.00	0.01	0.01	96.80	5.90	90.91	56	58	0.00	0.00	55.05	0.00	0.00	0.00
120	3.20	3750	2793	1.31	967	0	1	0	13	788	0.00	0.00	0.03	96.78	7.25	89.55	59	66	0.00	0.00	56.37	0.00	0.00	0.00
6	0.25	2286	2792	0.59	2893	0	0	1	19	1077	0.00	0.01	0.03	99.69	3.42	96.33	44	45	2.12	83.03	21.30	0.00	0.00	0.00
287	9.97	2880	2796	0.63	10761	0	4	32	35	665	0.00	0.10	0.29	89.74	3.25	86.78	56	56	1.85	66.39	31.40	0.00	0.00	0.00
122	3.22	3788	2792	2.63	853	0	0	2	9	683	0.00	0.00	0.02	96.72	6.50	90.28	68	70	0.00	0.00	58.26	0.00	0.00	0.00
122	3.19	3823	2793	2.68	778	0	0	0	16	597	0.00	0.00	0.04	96.75	6.22	90.59	68	70	0.00	0.00	58.64	0.00	0.00	0.00
122	3.20	3817	2793	2.68	917	0	0	0	11	726	0.00	0.00	0.02	96.79	6.65	90.15	68	71	0.00	0.00	58.67	0.00	0.00	0.00
122	3.20	3824	2794	2.69	870	0	0	0	5	685	0.00	0.00	0.01	96.83	6.16	90.65	69	70	0.00	0.00	58.73	0.00	0.00	0.00
122	3.19	3835	2793	2.71	740	0	0	0	7	552	0.00	0.00	0.03	96.78	5.79	91.03	68	71	0.00	0.00	58.67	0.00	0.00	0.00
127	3.81	3339	2795	2.52	595	0	0	0	9	600	0.00	0.00	0.34	96.03	28.51	67.68	67	68	0.00	0.00	58.59	0.00	0.00	0.00
