Avg_MHz	Busy%	Bzy_MHz	TSC_MHz	IPC	IRQ	SMI	POLL	C1	C1E	C6	POLL%	C1%	C1E%	C6%	CPU%c1	CPU%c6	CoreTmp	PkgTmp	Pkg%pc2	Pkg%pc6	PkgWatt	RAMWatt	PKG_%	RAM_%
115	3.20	3602	2794	0.39	952	0	0	0	6	751	0.00	0.00	0.01	96.81	6.24	90.55	62	62	0.00	0.00	56.75	0.00	0.00	0.00
115	3.20	3594	2793	0.39	942	0	0	1	4	759	0.00	0.00	0.01	96.78	6.39	90.40	62	62	0.00	0.00	56.74	0.00	0.00	0.00
115	3.21	3588	2794	0.39	967	0	0	0	14	784	0.00	0.00	0.10	96.71	6.66	90.13	62	62	0.00	0.00	56.87	0.00	0.00	0.00
115	3.22	3580	2794	0.39	822	0	0	0	7	667	0.00	0.00	0.02	96.77	6.42	90.36	61	61	0.00	0.00	56.95	0.00	0.00	0.00
115	3.21	3588	2793	0.39	783	0	0	0	17	617	0.00	0.00	0.11	96.67	6.34	90.45	61	61	0.00	0.00	56.91	0.00	0.00	0.00
115	3.19	3610	2794	0.39	748	0	0	0	6	560	0.00	0.00	0.01	96.82	5.78	91.03	62	62	0.00	0.00	57.06	0.00	0.00	0.00
115	3.21	3596	2793	0.39	787	0	0	1	11	603	0.00	0.00	0.09	96.70	6.12	90.67	61	61	0.00	0.00	56.87	0.00	0.00	0.00
115	3.21	3576	2793	0.39	889	0	0	0	14	730	0.00	0.00	0.10	96.70	7.20	89.59	61	61	0.00	0.00	56.92	0.00	0.00	0.00
115	3.20	3604	2793	0.39	801	0	0	0	8	613	0.00	0.00	0.02	96.79	5.96	90.84	61	61	0.00	0.00	56.90	0.00	0.00	0.00
115	3.20	3600	2794	0.39	864	0	0	0	3	674	0.00	0.00	0.00	96.81	6.13	90.67	61	61	0.00	0.00	56.75	0.00	0.00	0.00
115	3.20	3593	2793	0.39	877	0	0	0	4	694	0.00	0.00	0.01	96.79	6.55	90.25	61	61	0.00	0.00	56.98	0.00	0.00	0.00
115	3.20	3594	2794	0.39	942	0	0	0	5	747	0.00	0.00	0.00	96.81	6.42	90.38	61	61	0.00	0.00	56.75	0.00	0.00	0.00
115	3.19	3606	2793	0.39	777	0	0	1	4	595	0.00	0.00	0.02	96.79	5.98	90.83	61	61	0.00	0.00	56.82	0.00	0.00	0.00
115	3.20	3602	2793	0.39	867	0	0	0	3	683	0.00	0.00	0.00	96.81	6.03	90.77	61	61	0.00	0.00	56.69	0.00	0.00	0.00
115	3.20	3598	2793	0.39	884	0	0	0	7	689	0.00	0.00	0.04	96.77	6.24	90.56	61	61	0.00	0.00	56.76	0.00	0.00	0.00
115	3.19	3611	2793	0.39	750	0	0	0	3	562	0.00	0.00	0.00	96.81	5.78	91.03	61	61	0.00	0.00	56.89	0.00	0.00	0.00
115	3.22	3579	2793	0.39	939	0	0	0	6	763	0.00	0.00	0.01	96.79	6.69	90.09	61	61	0.00	0.00	56.88	0.00	0.00	0.00
116	3.30	3529	2793	0.41	735	0	1	0	5	543	0.00	0.00	0.00	96.70	5.89	90.81	61	61	0.00	0.00	56.85	0.00	0.00	0.00
115	3.20	3602	2794	0.39	811	0	0	0	3	624	0.00	0.00	0.00	96.82	6.25	90.55	61	61	0.00	0.00	56.98	0.00	0.00	0.00
115	3.19	3615	2793	0.39	730	0	0	0	5	540	0.00	0.00	0.00	96.81	5.70	91.11	61	61	0.00	0.00	56.80	0.00	0.00	0.00
115	3.19	3610	2793	0.39	750	0	0	0	4	568	0.00	0.00	0.01	96.81	5.81	91.00	61	61	0.00	0.00	56.73	0.00	0.00	0.00
115	3.19	3614	2793	0.39	724	0	0	0	4	535	0.00	0.00	0.01	96.81	5.64	91.17	61	61	0.00	0.00	56.76	0.00	0.00	0.00
115	3.20	3604	2793	0.39	813	0	0	0	6	634	0.00	0.00	0.01	96.80	6.07	90.74	60	60	0.00	0.00	56.62	0.00	0.00	0.00
115	3.19	3615	2794	0.39	713	0	0	0	7	526	0.00	0.00	0.00	96.82	5.58	91.23	61	61	0.00	0.00	56.72	0.00	0.00	0.00
115	3.19	3613	2793	0.39	740	0	0	0	4	564	0.00	0.00	0.01	96.80	5.70	91.11	61	61	0.00	0.00	56.89	0.00	0.00	0.00
115	3.20	3597	2793	0.39	845	0	0	0	3	668	0.00	0.00	0.00	96.81	6.38	90.42	61	61	0.00	0.00	56.83	0.00	0.00	0.00
115	3.21	3589	2794	0.39	843	0	0	0	5	668	0.00	0.00	0.01	96.79	6.35	90.43	60	60	0.00	0.00	56.58	0.00	0.00	0.00
115	3.20	3605	2793	0.39	813	0	0	0	4	627	0.00	0.00	0.01	96.80	6.03	90.77	61	61	0.00	0.00	56.55	0.00	0.00	0.00
115	3.19	3608	2793	0.39	764	0	0	0	3	586	0.00	0.00	0.00	96.81	5.86	90.95	61	61	0.00	0.00	56.79	0.00	0.00	0.00
115	3.19	3616	2794	0.39	707	0	0	0	5	521	0.00	0.00	0.00	96.82	5.55	91.26	60	60	0.00	0.00	56.70	0.00	0.00	0.00
115	3.20	3608	2793	0.39	785	0	0	0	5	600	0.00	0.00	0.01	96.80	5.93	90.87	60	60	0.00	0.00	56.82	0.00	0.00	0.00
115	3.19	3617	2794	0.39	698	0	0	0	4	517	0.00	0.00	0.00	96.82	5.57	91.25	60	60	0.00	0.00	56.77	0.00	0.00	0.00
115	3.19	3612	2793	0.39	732	0	0	0	4	550	0.00	0.00	0.00	96.81	5.69	91.12	61	61	0.00	0.00	56.74	0.00	0.00	0.00
115	3.19	3609	2794	0.39	775	0	0	0	4	591	0.00	0.00	0.00	96.81	5.81	91.00	60	60	0.00	0.00	56.68	0.00	0.00	0.00
115	3.19	3612	2793	0.39	751	0	0	0	6	564	0.00	0.00	0.01	96.80	5.89	90.92	60	60	0.00	0.00	56.69	0.00	0.00	0.00
115	3.20	3604	2793	0.39	820	0	0	0	8	637	0.00	0.00	0.01	96.81	6.09	90.72	60	60	0.00	0.00	56.66	0.00	0.00	0.00
115	3.20	3603	2794	0.39	724	0	0	0	6	546	0.00	0.00	0.01	96.80	5.73	91.07	60	60	0.00	0.00	56.51	0.00	0.00	0.00
115	3.19	3609	2793	0.39	755	0	0	1	4	573	0.00	0.00	0.00	96.81	5.97	90.83	60	60	0.00	0.00	56.43	0.00	0.00	0.00
115	3.20	3592	2793	0.39	928	0	0	0	4	741	0.00	0.00	0.01	96.79	6.58	90.21	60	60	0.00	0.00	56.64	0.00	0.00	0.00
115	3.19	3612	2794	0.39	738	0	0	0	3	560	0.00	0.00	0.00	96.82	5.73	91.08	60	60	0.00	0.00	56.56	0.00	0.00	0.00
115	3.20	3602	2794	0.39	865	0	0	0	5	685	0.00	0.00	0.00	96.81	6.12	90.68	60	60	0.00	0.00	56.69	0.00	0.00	0.00
115	3.20	3604	2793	0.39	851	0	0	0	8	662	0.00	0.00	0.02	96.79	6.37	90.44	60	60	0.00	0.00	56.63	0.00	0.00	0.00
115	3.19	3613	2793	0.39	735	0	0	0	6	543	0.00	0.00	0.00	96.81	5.62	91.18	60	60	0.00	0.00	56.38	0.00	0.00	0.00
115	3.19	3606	2793	0.39	825	0	0	0	4	639	0.00	0.00	0.00	96.81	6.03	90.78	60	60	0.00	0.00	56.47	0.00	0.00	0.00
115	3.22	3579	2793	0.39	856	0	0	8	28	613	0.00	0.09	0.21	96.48	6.55	90.23	60	60	0.00	0.00	56.37	0.00	0.00	0.00
115	3.19	3609	2793	0.39	784	0	0	0	4	599	0.00	0.00	0.00	96.81	5.86	90.95	60	60	0.00	0.00	56.41	0.00	0.00	0.00
115	3.21	3597	2794	0.39	772	0	0	0	8	586	0.00	0.00	0.01	96.80	6.04	90.75	60	60	0.00	0.00	56.44	0.00	0.00	0.00
115	3.20	3606	2793	0.39	824	0	0	1	3	647	0.00	0.00	0.00	96.81	6.28	90.52	60	60	0.00	0.00	56.42	0.00	0.00	0.00
115	3.19	3618	2793	0.39	708	0	0	0	4	521	0.00	0.00	0.00	96.81	5.39	91.42	60	60	0.00	0.00	56.39	0.00	0.00	0.00
116	3.30	3535	2793	0.40	719	0	0	1	3	525	0.00	0.00	0.00	96.70	5.67	91.03	60	60	0.00	0.00	56.45	0.00	0.00	0.00
115	3.20	3610	2794	0.39	773	0	0	1	5	581	0.00	0.00	0.02	96.80	5.85	90.96	60	60	0.00	0.00	56.39	0.00	0.00	0.00
115	3.19	3612	2793	0.39	738	0	0	0	6	561	0.00	0.00	0.01	96.81	5.69	91.12	59	59	0.00	0.00	56.48	0.00	0.00	0.00
115	3.20	3591	2793	0.39	827	0	0	2	7	659	0.00	0.00	0.01	96.79	6.40	90.40	60	60	0.00	0.00	56.43	0.00	0.00	0.00
115	3.20	3606	2793	0.39	792	0	0	0	3	612	0.00	0.00	0.00	96.81	5.88	90.92	60	60	0.00	0.00	56.43	0.00	0.00	0.00
115	3.19	3611	2793	0.39	767	0	0	0	5	580	0.00	0.00	0.01	96.80	5.86	90.95	60	60	0.00	0.00	56.50	0.00	0.00	0.00
115	3.20	3603	2793	0.39	831	0	0	0	4	646	0.00	0.00	0.02	96.80	6.01	90.79	59	59	0.00	0.00	56.34	0.00	0.00	0.00
115	3.21	3592	2793	0.39	818	0	0	1	3	642	0.00	0.00	0.00	96.80	6.21	90.59	60	60	0.00	0.00	56.39	0.00	0.00	0.00
115	3.20	3597	2793	0.39	902	0	0	0	4	714	0.00	0.00	0.00	96.81	6.37	90.43	60	60	0.00	0.00	56.36	0.00	0.00	0.00
115	3.20	3605	2793	0.39	787	0	0	0	3	606	0.00	0.00	0.00	96.80	6.10	90.71	59	59	0.00	0.00	56.40	0.00	0.00	0.00
115	3.20	3605	2793	0.39	776	0	0	0	4	599	0.00	0.00	0.00	96.81	6.12	90.68	59	59	0.00	0.00	56.41	0.00	0.00	0.00
115	3.20	3601	2794	0.39	840	0	0	0	4	656	0.00	0.00	0.01	96.81	6.23	90.57	59	59	0.00	0.00	56.39	0.00	0.00	0.00
115	3.20	3601	2794	0.39	842	0	0	0	2	654	0.00	0.00	0.00	96.82	6.21	90.59	59	59	0.00	0.00	56.49	0.00	0.00	0.00
115	3.20	3601	2793	0.39	829	0	0	0	5	640	0.00	0.00	0.01	96.80	6.19	90.61	59	59	0.00	0.00	56.36	0.00	0.00	0.00
115	3.19	3611	2793	0.39	778	0	0	2	4	591	0.00	0.00	0.00	96.81	5.78	91.02	59	59	0.00	0.00	56.33	0.00	0.00	0.00
115	3.20	3601	2793	0.39	848	0	0	0	3	658	0.00	0.00	0.00	96.81	6.17	90.63	59	59	0.00	0.00	56.24	0.00	0.00	0.00
115	3.20	3597	2794	0.39	886	0	0	0	3	709	0.00	0.00	0.00	96.81	6.40	90.40	59	59	0.00	0.00	56.39	0.00	0.00	0.00
115	3.21	3581	2793	0.39	885	0	0	2	5	705	0.00	0.00	0.00	96.78	6.95	89.84	59	59	0.00	0.00	56.36	0.00	0.00	0.00
115	3.20	3596	2794	0.39	915	0	0	0	4	726	0.00	0.00	0.00	96.81	6.75	90.05	59	59	0.00	0.00	56.57	0.00	0.00	0.00
115	3.20	3603	2793	0.39	834	0	0	0	3	652	0.00	0.00	0.00	96.81	5.96	90.84	59	59	0.00	0.00	56.34	0.00	0.00	0.00
115	3.20	3604	2793	0.39	819	0	0	2	3	632	0.00	0.00	0.00	96.81	6.13	90.67	59	59	0.00	0.00	56.23	0.00	0.00	0.00
115	3.20	3604	2794	0.39	801	0	0	0	4	613	0.00	0.00	0.00	96.81	5.95	90.85	59	59	0.00	0.00	56.41	0.00	0.00	0.00
115	3.19	3613	2793	0.39	730	0	0	0	4	541	0.00	0.00	0.00	96.81	5.76	91.05	59	59	0.00	0.00	56.30	0.00	0.00	0.00
115	3.19	3614	2793	0.39	722	0	0	1	4	539	0.00	0.00	0.00	96.81	5.72	91.09	59	59	0.00	0.00	56.34	0.00	0.00	0.00
115	3.21	3591	2794	0.39	860	0	0	0	12	686	0.00	0.00	0.10	96.71	6.68	90.11	59	59	0.00	0.00	56.47	0.00	0.00	0.00
115	3.21	3593	2793	0.39	795	0	0	0	3	632	0.00	0.00	0.00	96.79	6.08	90.72	59	59	0.00	0.00	56.36	0.00	0.00	0.00
115	3.19	3611	2794	0.39	764	0	0	2	3	579	0.00	0.00	0.00	96.82	5.85	90.96	59	59	0.00	0.00	56.48	0.00	0.00	0.00
115	3.20	3604	2793	0.39	731	0	0	2	3	543	0.00	0.01	0.00	96.79	5.68	91.11	59	59	0.00	0.00	56.52	0.00	0.00	0.00
115	3.20	3605	2793	0.39	873	0	0	1	8	676	0.00	0.00	0.02	96.79	6.45	90.36	59	59	0.00	0.00	56.34	0.00	0.00	0.00
115	3.19	3610	2793	0.39	771	0	0	1	3	591	0.00	0.00	0.00	96.81	5.82	90.99	59	59	0.00	0.00	56.28	0.00	0.00	0.00
115	3.19	3611	2794	0.39	744	0	0	1	5	561	0.00	0.00	0.00	96.82	5.80	91.01	59	59	0.00	0.00	56.19	0.00	0.00	0.00
115	3.19	3612	2793	0.39	744	0	0	0	4	568	0.00	0.00	0.00	96.80	5.74	91.07	59	59	0.00	0.00	56.26	0.00	0.00	0.00
115	3.26	3545	2778	0.40	936	0	0	2	4	746	0.00	0.00	0.00	96.20	6.55	90.19	58	58	0.00	0.00	55.90	0.00	0.00	0.00
116	3.25	3559	2809	0.40	887	0	0	0	7	687	0.00	0.00	0.02	97.28	6.36	90.38	59	59	0.00	0.00	56.63	0.00	0.00	0.00
115	3.20	3595	2793	0.39	894	0	1	0	7	710	0.00	0.00	0.02	96.78	6.39	90.42	59	59	0.00	0.00	56.29	0.00	0.00	0.00
115	3.20	3600	2793	0.39	876	0	0	0	4	692	0.00	0.00	0.00	96.80	6.10	90.70	59	59	0.00	0.00	56.29	0.00	0.00	0.00
115	3.21	3595	2793	0.39	825	0	0	0	4	641	0.00	0.00	0.02	96.79	6.13	90.66	59	59	0.00	0.00	56.30	0.00	0.00	0.00
115	3.20	3596	2794	0.39	876	0	0	1	3	694	0.00	0.00	0.00	96.81	6.55	90.25	59	59	0.00	0.00	56.33	0.00	0.00	0.00
115	3.19	3614	2793	0.39	742	0	0	2	3	558	0.00	0.00	0.00	96.81	5.68	91.13	59	59	0.00	0.00	56.23	0.00	0.00	0.00
115	3.19	3615	2793	0.39	722	0	0	0	3	537	0.00	0.00	0.00	96.81	5.68	91.13	59	59	0.00	0.00	56.28	0.00	0.00	0.00
115	3.19	3614	2793	0.39	747	0	0	0	3	561	0.00	0.00	0.00	96.80	5.79	91.01	59	59	0.00	0.00	56.32	0.00	0.00	0.00
115	3.19	3612	2793	0.39	715	0	0	0	8	534	0.00	0.00	0.01	96.80	5.67	91.14	58	58	0.00	0.00	56.23	0.00	0.00	0.00
115	3.20	3590	2793	0.39	945	0	0	0	3	759	0.00	0.00	0.00	96.81	6.70	90.09	59	59	0.00	0.00	56.33	0.00	0.00	0.00
115	3.19	3608	2793	0.39	743	0	0	0	7	563	0.00	0.00	0.02	96.79	5.89	90.92	58	58	0.00	0.00	56.28	0.00	0.00	0.00
115	3.20	3594	2794	0.39	907	0	0	2	4	727	0.00	0.00	0.01	96.80	6.49	90.31	58	58	0.00	0.00	56.19	0.00	0.00	0.00
115	3.20	3604	2793	0.39	795	0	0	1	4	616	0.00	0.00	0.00	96.81	6.13	90.67	59	59	0.00	0.00	56.31	0.00	0.00	0.00
115	3.21	3585	2793	0.39	892	0	0	0	5	723	0.00	0.00	0.00	96.78	6.50	90.28	58	58	0.00	0.00	56.29	0.00	0.00	0.00
115	3.19	3613	2794	0.39	727	0	0	0	3	547	0.00	0.00	0.00	96.82	5.67	91.13	59	59	0.00	0.00	56.19	0.00	0.00	0.00
115	3.20	3606	2793	0.39	811	0	0	0	3	634	0.00	0.00	0.00	96.81	6.16	90.64	59	59	0.00	0.00	56.24	0.00	0.00	0.00
115	3.19	3610	2793	0.39	766	0	0	0	12	580	0.00	0.00	0.11	96.71	5.94	90.87	59	59	0.00	0.00	56.27	0.00	0.00	0.00
115	3.21	3586	2793	0.39	869	0	0	2	14	707	0.00	0.00	0.10	96.70	6.66	90.13	59	59	0.00	0.00	56.18	0.00	0.00	0.00
115	3.20	3600	2793	0.39	839	0	0	0	3	659	0.00	0.00	0.00	96.81	6.22	90.58	58	58	0.00	0.00	56.25	0.00	0.00	0.00
115	3.20	3604	2793	0.39	829	0	0	0	3	649	0.00	0.00	0.00	96.81	6.17	90.64	58	58	0.00	0.00	56.19	0.00	0.00	0.00
115	3.24	3551	2794	0.39	594	0	0	0	7	505	0.00	0.00	0.06	96.73	7.47	89.29	58	58	0.00	0.00	56.30	0.00	0.00	0.00
