Avg_MHz	Busy%	Bzy_MHz	TSC_MHz	IPC	IRQ	SMI	POLL	C1	C1E	C6	POLL%	C1%	C1E%	C6%	CPU%c1	CPU%c6	CoreTmp	PkgTmp	Pkg%pc2	Pkg%pc6	PkgWatt	RAMWatt	PKG_%	RAM_%
1548	50.04	3100	2794	0.23	5636	0	0	10	73	686	0.00	0.00	0.01	49.96	49.96	0.00	75	75	0.00	0.00	130.71	0.00	0.00	0.00
1548	50.04	3100	2793	0.23	5465	0	2	12	70	713	0.00	0.00	0.05	49.91	49.96	0.00	75	75	0.00	0.00	130.81	0.00	0.00	0.00
1548	50.05	3100	2793	0.23	5448	0	0	20	73	761	0.00	0.00	0.01	49.94	49.95	0.00	75	75	0.00	0.00	130.86	0.00	0.00	0.00
1548	50.06	3100	2793	0.23	5609	0	5	22	92	887	0.00	0.01	0.12	49.82	49.94	0.00	75	75	0.00	0.00	130.66	0.00	0.00	0.00
1548	50.04	3100	2793	0.23	5410	0	2	5	78	697	0.00	0.00	0.05	49.91	49.96	0.00	75	76	0.00	0.00	130.96	0.00	0.00	0.00
1548	50.05	3100	2793	0.23	5475	0	6	13	83	751	0.00	0.00	0.02	49.94	49.95	0.00	75	76	0.00	0.00	130.86	0.00	0.00	0.00
1548	50.06	3100	2793	0.23	5633	0	2	25	65	862	0.00	0.00	0.02	49.93	49.94	0.00	76	76	0.00	0.00	130.98	0.00	0.00	0.00
1548	50.05	3100	2793	0.23	5561	0	0	10	80	820	0.00	0.00	0.01	49.94	49.95	0.00	76	76	0.00	0.00	130.88	0.00	0.00	0.00
1548	50.04	3100	2794	0.23	5399	0	0	13	91	736	0.00	0.01	0.03	49.92	49.96	0.00	76	76	0.00	0.00	131.10	0.00	0.00	0.00
1548	50.05	3100	2793	0.23	5476	0	8	25	73	763	0.00	0.00	0.04	49.92	49.95	0.00	77	76	0.00	0.00	131.16	0.00	0.00	0.00
1548	50.04	3100	2793	0.23	5447	0	0	4	92	777	0.00	0.00	0.02	49.94	49.96	0.00	76	76	0.00	0.00	131.11	0.00	0.00	0.00
1548	50.05	3100	2793	0.23	5469	0	2	17	79	761	0.00	0.00	0.02	49.94	49.95	0.00	76	77	0.00	0.00	131.28	0.00	0.00	0.00
1548	50.04	3100	2793	0.23	5447	0	2	6	73	728	0.00	0.00	0.04	49.93	49.96	0.00	76	76	0.00	0.00	131.23	0.00	0.00	0.00
1548	50.05	3100	2793	0.23	5463	0	2	13	80	735	0.00	0.00	0.01	49.95	49.95	0.00	76	76	0.00	0.00	131.32	0.00	0.00	0.00
1548	50.04	3100	2793	0.23	5485	0	2	15	90	745	0.00	0.00	0.04	49.92	49.96	0.00	77	77	0.00	0.00	131.20	0.00	0.00	0.00
1548	50.05	3100	2794	0.23	5467	0	2	4	71	719	0.00	0.00	0.01	49.95	49.95	0.00	77	77	0.00	0.00	131.38	0.00	0.00	0.00
1548	50.05	3100	2793	0.23	5470	0	4	7	82	719	0.00	0.00	0.03	49.92	49.95	0.00	77	77	0.00	0.00	131.29	0.00	0.00	0.00
1548	50.04	3100	2793	0.23	5460	0	2	8	94	786	0.00	0.00	0.03	49.94	49.96	0.00	77	77	0.00	0.00	131.37	0.00	0.00	0.00
1548	50.05	3100	2793	0.23	5500	0	8	15	80	774	0.00	0.10	0.05	49.80	49.95	0.00	77	77	0.00	0.00	131.23	0.00	0.00	0.00
1548	50.04	3100	2794	0.23	5419	0	2	4	90	706	0.00	0.00	0.02	49.95	49.96	0.00	77	77	0.00	0.00	131.48	0.00	0.00	0.00
1547	50.03	3100	2793	0.23	5462	0	0	14	85	746	0.00	0.00	0.02	49.95	49.97	0.00	77	78	0.00	0.00	131.33	0.00	0.00	0.00
1548	50.04	3100	2793	0.23	5492	0	0	16	77	745	0.00	0.00	0.03	49.94	49.96	0.00	77	78	0.00	0.00	131.55	0.00	0.00	0.00
1548	50.04	3100	2793	0.23	5411	0	2	12	75	695	0.00	0.00	0.05	49.91	49.96	0.00	77	78	0.00	0.00	131.47	0.00	0.00	0.00
1548	50.04	3100	2793	0.23	5312	0	3	7	90	621	0.00	0.00	0.02	49.95	49.96	0.00	78	78	0.00	0.00	131.52	0.00	0.00	0.00
1548	50.04	3100	2793	0.23	5456	0	4	23	81	766	0.00	0.00	0.01	49.95	49.96	0.00	78	78	0.00	0.00	131.52	0.00	0.00	0.00
1548	50.04	3100	2793	0.23	5428	0	0	15	74	718	0.00	0.00	0.05	49.92	49.96	0.00	78	78	0.00	0.00	131.48	0.00	0.00	0.00
1548	50.05	3100	2793	0.23	5419	0	0	8	79	681	0.00	0.00	0.05	49.90	49.95	0.00	78	78	0.00	0.00	131.69	0.00	0.00	0.00
1548	50.04	3100	2793	0.23	5292	0	2	5	78	598	0.00	0.00	0.02	49.95	49.96	0.00	78	78	0.00	0.00	131.64	0.00	0.00	0.00
1548	50.04	3100	2793	0.23	5427	0	4	6	90	691	0.00	0.00	0.02	49.95	49.96	0.00	78	79	0.00	0.00	131.86	0.00	0.00	0.00
1548	50.04	3100	2793	0.23	5412	0	2	12	99	671	0.00	0.00	0.06	49.90	49.96	0.00	78	79	0.00	0.00	131.78	0.00	0.00	0.00
1548	50.04	3100	2793	0.23	5465	0	2	17	84	714	0.00	0.00	0.12	49.84	49.96	0.00	78	78	0.00	0.00	131.79	0.00	0.00	0.00
1548	50.04	3100	2793	0.23	5374	0	0	17	86	643	0.00	0.00	0.02	49.94	49.96	0.00	78	79	0.00	0.00	131.91	0.00	0.00	0.00
1548	50.04	3100	2793	0.23	5500	0	4	43	68	737	0.00	0.10	0.01	49.85	49.96	0.00	79	79	0.00	0.00	131.92	0.00	0.00	0.00
1548	50.04	3100	2793	0.23	5407	0	2	16	91	711	0.00	0.01	0.04	49.91	49.96	0.00	78	79	0.00	0.00	131.86	0.00	0.00	0.00
1548	50.04	3100	2793	0.23	5467	0	1	24	90	735	0.00	0.00	0.02	49.95	49.96	0.00	79	79	0.00	0.00	131.93	0.00	0.00	0.00
1548	50.04	3100	2794	0.23	5445	0	0	13	101	733	0.00	0.00	0.02	49.95	49.96	0.00	79	79	0.00	0.00	131.79	0.00	0.00	0.00
1548	50.05	3100	2793	0.23	5353	0	4	14	91	676	0.00	0.00	0.04	49.92	49.95	0.00	79	79	0.00	0.00	131.96	0.00	0.00	0.00
1548	50.04	3100	2793	0.23	5395	0	0	15	77	657	0.00	0.00	0.03	49.94	49.96	0.00	79	79	0.00	0.00	131.91	0.00	0.00	0.00
1548	50.04	3100	2793	0.23	5363	0	4	23	69	650	0.00	0.00	0.01	49.95	49.96	0.00	79	79	0.00	0.00	132.02	0.00	0.00	0.00
1548	50.04	3100	2793	0.23	5483	0	2	16	80	755	0.00	0.00	0.01	49.95	49.96	0.00	79	79	0.00	0.00	131.89	0.00	0.00	0.00
1548	50.04	3100	2793	0.23	5413	0	0	28	69	672	0.00	0.00	0.05	49.91	49.96	0.00	79	79	0.00	0.00	132.04	0.00	0.00	0.00
1548	50.04	3100	2793	0.23	5328	0	4	15	71	606	0.00	0.00	0.03	49.94	49.96	0.00	79	79	0.00	0.00	131.91	0.00	0.00	0.00
1548	50.04	3100	2793	0.23	5510	0	4	12	92	795	0.00	0.00	0.02	49.95	49.96	0.00	79	79	0.00	0.00	132.04	0.00	0.00	0.00
1548	50.04	3100	2793	0.23	5444	0	2	8	102	759	0.00	0.00	0.02	49.95	49.96	0.00	79	79	0.00	0.00	132.09	0.00	0.00	0.00
1548	50.04	3100	2793	0.23	5482	0	2	20	92	763	0.00	0.00	0.05	49.91	49.96	0.00	80	80	0.00	0.00	132.12	0.00	0.00	0.00
1548	50.04	3100	2793	0.23	5387	0	0	16	89	660	0.00	0.00	0.03	49.94	49.96	0.00	80	79	0.00	0.00	132.03	0.00	0.00	0.00
1548	50.06	3100	2793	0.23	5510	0	2	21	72	816	0.00	0.00	0.01	49.93	49.94	0.00	80	80	0.00	0.00	132.20	0.00	0.00	0.00
1547	50.05	3100	2793	0.23	5508	0	4	25	66	769	0.00	0.00	0.02	49.92	49.95	0.00	79	80	0.00	0.00	132.04	0.00	0.00	0.00
1548	50.04	3100	2794	0.23	5381	0	6	19	88	667	0.00	0.00	0.03	49.95	49.96	0.00	80	80	0.00	0.00	132.21	0.00	0.00	0.00
1548	50.04	3100	2793	0.23	5433	0	0	11	70	716	0.00	0.00	0.01	49.95	49.96	0.00	80	80	0.00	0.00	132.14	0.00	0.00	0.00
1548	50.04	3100	2793	0.23	5517	0	2	16	81	792	0.00	0.00	0.03	49.93	49.96	0.00	80	80	0.00	0.00	132.18	0.00	0.00	0.00
1548	50.04	3100	2793	0.23	5486	0	0	13	68	772	0.00	0.00	0.01	49.95	49.96	0.00	80	80	0.00	0.00	132.05	0.00	0.00	0.00
1547	50.04	3100	2793	0.23	5359	0	4	12	90	672	0.00	0.00	0.04	49.92	49.96	0.00	80	80	0.00	0.00	132.21	0.00	0.00	0.00
1548	50.05	3100	2794	0.23	5516	0	4	12	75	788	0.00	0.00	0.02	49.95	49.95	0.00	80	80	0.00	0.00	132.26	0.00	0.00	0.00
1548	50.04	3100	2793	0.23	5406	0	0	13	89	698	0.00	0.00	0.06	49.90	49.96	0.00	80	80	0.00	0.00	132.13	0.00	0.00	0.00
1547	50.04	3100	2793	0.23	5458	0	0	15	101	776	0.00	0.00	0.02	49.94	49.96	0.00	80	80	0.00	0.00	132.28	0.00	0.00	0.00
1548	50.05	3100	2793	0.23	5353	0	2	25	66	679	0.00	0.09	0.01	49.86	49.95	0.00	80	80	0.00	0.00	132.17	0.00	0.00	0.00
1547	50.04	3100	2793	0.23	5431	0	4	19	83	700	0.00	0.00	0.03	49.94	49.96	0.00	80	81	0.00	0.00	132.42	0.00	0.00	0.00
1548	50.04	3100	2793	0.23	5374	0	4	24	84	674	0.00	0.00	0.06	49.90	49.96	0.00	80	81	0.00	0.00	132.24	0.00	0.00	0.00
1547	50.04	3100	2793	0.23	5364	0	6	10	79	662	0.00	0.00	0.02	49.95	49.96	0.00	81	81	0.00	0.00	132.42	0.00	0.00	0.00
1548	50.04	3100	2794	0.23	5484	0	2	9	72	751	0.00	0.00	0.01	49.95	49.96	0.00	81	81	0.00	0.00	132.48	0.00	0.00	0.00
1547	50.03	3100	2793	0.23	5385	0	2	19	97	759	0.00	0.00	0.04	49.93	49.97	0.00	81	81	0.00	0.00	132.42	0.00	0.00	0.00
1548	50.04	3100	2793	0.23	5346	0	6	9	86	681	0.00	0.00	0.06	49.90	49.96	0.00	80	81	0.00	0.00	132.52	0.00	0.00	0.00
1548	50.04	3100	2793	0.23	5358	0	6	20	83	673	0.00	0.00	0.02	49.95	49.96	0.00	81	81	0.00	0.00	132.43	0.00	0.00	0.00
1548	50.04	3100	2793	0.23	5491	0	2	9	94	747	0.00	0.00	0.02	49.95	49.96	0.00	81	81	0.00	0.00	132.54	0.00	0.00	0.00
1548	50.04	3100	2793	0.23	5387	0	4	12	89	703	0.00	0.00	0.07	49.90	49.96	0.00	81	81	0.00	0.00	132.48	0.00	0.00	0.00
1548	50.05	3100	2793	0.23	5438	0	0	13	95	716	0.00	0.00	0.04	49.91	49.95	0.00	81	81	0.00	0.00	132.57	0.00	0.00	0.00
1548	50.05	3100	2793	0.23	5504	0	0	13	84	850	0.00	0.00	0.01	49.95	49.95	0.00	81	81	0.00	0.00	132.47	0.00	0.00	0.00
1548	50.04	3100	2793	0.23	5479	0	2	8	95	765	0.00	0.00	0.04	49.92	49.96	0.00	81	81	0.00	0.00	132.54	0.00	0.00	0.00
1548	50.04	3100	2793	0.23	5419	0	2	13	88	688	0.00	0.00	0.15	49.81	49.96	0.00	81	81	0.00	0.00	132.20	0.00	0.00	0.00
1548	50.06	3100	2793	0.23	5406	0	6	18	64	729	0.00	0.01	0.01	49.93	49.94	0.00	81	81	0.00	0.00	132.33	0.00	0.00	0.00
1548	50.04	3100	2793	0.23	5428	0	7	13	88	711	0.00	0.00	0.02	49.95	49.96	0.00	81	81	0.00	0.00	132.37	0.00	0.00	0.00
1548	50.04	3100	2793	0.23	5424	0	0	17	72	700	0.00	0.00	0.04	49.92	49.96	0.00	81	81	0.00	0.00	132.40	0.00	0.00	0.00
1548	50.04	3100	2793	0.23	5365	0	0	9	92	674	0.00	0.00	0.04	49.92	49.96	0.00	82	81	0.00	0.00	132.29	0.00	0.00	0.00
1548	50.04	3100	2793	0.23	5461	0	0	18	74	727	0.00	0.00	0.01	49.95	49.96	0.00	82	81	0.00	0.00	132.43	0.00	0.00	0.00
1548	50.04	3100	2793	0.23	5458	0	2	15	85	724	0.00	0.00	0.01	49.95	49.96	0.00	82	81	0.00	0.00	132.32	0.00	0.00	0.00
1548	50.05	3100	2793	0.23	5485	0	4	17	72	759	0.00	0.00	0.05	49.90	49.95	0.00	81	82	0.00	0.00	132.42	0.00	0.00	0.00
1547	50.03	3100	2793	0.23	5339	0	3	13	88	633	0.00	0.00	0.03	49.94	49.97	0.00	81	82	0.00	0.00	132.31	0.00	0.00	0.00
1548	50.05	3100	2793	0.23	5507	0	4	11	70	767	0.00	0.00	0.01	49.95	49.95	0.00	81	82	0.00	0.00	132.43	0.00	0.00	0.00
1548	50.05	3100	2793	0.23	5470	0	2	9	68	776	0.00	0.00	0.01	49.95	49.95	0.00	82	82	0.00	0.00	132.59	0.00	0.00	0.00
1548	50.05	3100	2793	0.23	5472	0	2	7	101	762	0.00	0.00	0.07	49.89	49.95	0.00	82	82	0.00	0.00	132.48	0.00	0.00	0.00
1548	50.05	3100	2793	0.23	5557	0	4	20	74	832	0.00	0.00	0.03	49.93	49.95	0.00	82	82	0.00	0.00	132.63	0.00	0.00	0.00
1548	50.04	3100	2794	0.23	5442	0	1	6	89	692	0.00	0.00	0.03	49.94	49.96	0.00	82	82	0.00	0.00	132.48	0.00	0.00	0.00
1548	50.04	3100	2793	0.23	5371	0	2	5	96	728	0.00	0.00	0.02	49.95	49.96	0.00	82	82	0.00	0.00	132.65	0.00	0.00	0.00
1547	50.04	3100	2793	0.23	5393	0	0	24	79	682	0.00	0.00	0.04	49.93	49.96	0.00	82	82	0.00	0.00	132.57	0.00	0.00	0.00
1548	50.06	3100	2793	0.23	5601	0	4	23	85	841	0.00	0.01	0.12	49.81	49.94	0.00	82	82	0.00	0.00	132.58	0.00	0.00	0.00
1548	50.05	3100	2793	0.23	5390	0	0	29	77	655	0.00	0.00	0.04	49.91	49.95	0.00	82	82	0.00	0.00	132.62	0.00	0.00	0.00
1548	50.04	3100	2793	0.23	5454	0	4	11	83	736	0.00	0.00	0.03	49.93	49.96	0.00	82	82	0.00	0.00	132.53	0.00	0.00	0.00
1548	50.04	3100	2793	0.23	5333	0	3	22	83	630	0.00	0.00	0.04	49.93	49.96	0.00	82	82	0.00	0.00	132.63	0.00	0.00	0.00
1548	50.04	3100	2793	0.23	5444	0	2	19	77	719	0.00	0.00	0.02	49.94	49.96	0.00	82	82	0.00	0.00	132.52	0.00	0.00	0.00
1548	50.04	3100	2793	0.23	5425	0	7	12	82	668	0.00	0.00	0.04	49.93	49.96	0.00	82	82	0.00	0.00	132.66	0.00	0.00	0.00
1548	50.04	3100	2793	0.23	5340	0	2	12	96	657	0.00	0.00	0.06	49.91	49.96	0.00	82	82	0.00	0.00	132.62	0.00	0.00	0.00
1548	50.04	3100	2793	0.23	5523	0	2	11	105	821	0.00	0.00	0.02	49.94	49.96	0.00	82	82	0.00	0.00	132.66	0.00	0.00	0.00
1548	50.04	3100	2793	0.23	5460	0	5	10	82	760	0.00	0.00	0.02	49.95	49.96	0.00	82	82	0.00	0.00	132.55	0.00	0.00	0.00
1548	50.05	3100	2793	0.23	5541	0	2	10	78	796	0.00	0.00	0.01	49.95	49.95	0.00	82	82	0.00	0.00	132.69	0.00	0.00	0.00
1548	50.04	3100	2793	0.23	5410	0	6	8	105	764	0.00	0.00	0.03	49.94	49.96	0.00	82	82	0.00	0.00	132.68	0.00	0.00	0.00
1548	50.06	3100	2793	0.23	5588	0	2	10	83	850	0.00	0.00	0.02	49.94	49.94	0.00	82	82	0.00	0.00	132.59	0.00	0.00	0.00
1548	50.04	3100	2793	0.23	5440	0	0	9	88	751	0.00	0.00	0.05	49.92	49.96	0.00	82	82	0.00	0.00	132.78	0.00	0.00	0.00
1548	50.06	3100	2793	0.23	5535	0	4	14	76	792	0.00	0.01	0.02	49.91	49.94	0.00	82	82	0.00	0.00	132.55	0.00	0.00	0.00
1548	50.06	3100	2793	0.23	5465	0	6	14	74	776	0.00	0.01	0.02	49.91	49.94	0.00	82	82	0.00	0.00	132.70	0.00	0.00	0.00
1548	50.04	3100	2793	0.23	5412	0	2	18	69	714	0.00	0.00	0.03	49.94	49.96	0.00	82	82	0.00	0.00	132.61	0.00	0.00	0.00
1548	50.05	3100	2793	0.23	5497	0	0	22	80	745	0.00	0.00	0.03	49.93	49.95	0.00	82	82	0.00	0.00	132.85	0.00	0.00	0.00
1551	50.14	3100	2793	0.23	1757	0	0	10	17	534	0.00	0.01	0.02	49.85	49.86	0.00	82	82	0.00	0.00	132.74	0.00	0.00	0.00
