Avg_MHz	Busy%	Bzy_MHz	TSC_MHz	IPC	IRQ	SMI	POLL	C1	C1E	C6	POLL%	C1%	C1E%	C6%	CPU%c1	CPU%c6	CoreTmp	PkgTmp	Pkg%pc2	Pkg%pc6	PkgWatt	RAMWatt	PKG_%	RAM_%
1249	50.05	2500	2794	0.31	5068	0	0	1	3	761	0.00	0.00	0.00	49.96	49.95	0.00	57	58	0.00	0.00	103.80	0.00	0.00	0.00
1248	50.05	2500	2793	0.31	4853	0	0	0	4	656	0.00	0.00	0.02	49.94	49.95	0.00	57	58	0.00	0.00	103.82	0.00	0.00	0.00
1249	50.06	2500	2793	0.31	4828	0	0	0	5	690	0.00	0.00	0.03	49.92	49.94	0.00	58	58	0.00	0.00	103.94	0.00	0.00	0.00
1248	50.05	2500	2793	0.31	4925	0	6	0	2	745	0.00	0.00	0.00	49.96	49.95	0.00	58	58	0.00	0.00	103.86	0.00	0.00	0.00
1248	50.05	2500	2793	0.31	4882	0	2	0	4	726	0.00	0.00	0.02	49.94	49.95	0.00	58	59	0.00	0.00	103.91	0.00	0.00	0.00
1248	50.05	2500	2793	0.31	4886	0	0	3	7	722	0.00	0.00	0.03	49.93	49.95	0.00	58	59	0.00	0.00	103.94	0.00	0.00	0.00
1249	50.06	2500	2793	0.31	4921	0	8	4	5	837	0.00	0.01	0.02	49.91	49.94	0.00	58	59	0.00	0.00	103.96	0.00	0.00	0.00
1248	50.05	2500	2793	0.31	5013	0	2	0	1	824	0.00	0.00	0.00	49.95	49.95	0.00	59	59	0.00	0.00	103.90	0.00	0.00	0.00
1248	50.05	2500	2793	0.31	4879	0	0	0	5	747	0.00	0.00	0.03	49.93	49.95	0.00	59	59	0.00	0.00	103.94	0.00	0.00	0.00
1248	50.05	2500	2793	0.31	4883	0	0	1	6	703	0.00	0.00	0.04	49.92	49.95	0.00	59	60	0.00	0.00	103.92	0.00	0.00	0.00
1248	50.05	2500	2793	0.31	4944	0	1	2	5	756	0.00	0.00	0.03	49.93	49.95	0.00	59	60	0.00	0.00	104.02	0.00	0.00	0.00
1248	50.05	2500	2793	0.31	4881	0	2	0	6	742	0.00	0.00	0.02	49.94	49.95	0.00	59	60	0.00	0.00	104.09	0.00	0.00	0.00
1248	50.05	2500	2793	0.31	4951	0	2	1	4	824	0.00	0.00	0.01	49.94	49.95	0.00	59	60	0.00	0.00	104.03	0.00	0.00	0.00
1248	50.05	2500	2793	0.31	4988	0	2	2	3	796	0.00	0.00	0.00	49.95	49.95	0.00	60	61	0.00	0.00	104.16	0.00	0.00	0.00
1248	50.05	2500	2793	0.31	4918	0	0	0	5	744	0.00	0.00	0.00	49.95	49.95	0.00	59	60	0.00	0.00	104.07	0.00	0.00	0.00
1248	50.05	2500	2793	0.31	4958	0	1	3	5	762	0.00	0.00	0.03	49.93	49.95	0.00	60	61	0.00	0.00	103.95	0.00	0.00	0.00
1249	50.07	2500	2793	0.31	4982	0	0	1	2	789	0.00	0.00	0.01	49.93	49.93	0.00	60	61	0.00	0.00	104.07	0.00	0.00	0.00
1248	50.05	2500	2794	0.31	4928	0	0	4	4	740	0.00	0.01	0.01	49.93	49.95	0.00	60	61	0.00	0.00	104.11	0.00	0.00	0.00
1248	50.05	2500	2793	0.31	4928	0	0	2	4	739	0.00	0.00	0.01	49.94	49.95	0.00	60	61	0.00	0.00	104.14	0.00	0.00	0.00
1248	50.05	2500	2793	0.31	4872	0	0	5	3	682	0.00	0.01	0.01	49.93	49.95	0.00	61	61	0.00	0.00	104.10	0.00	0.00	0.00
1248	50.05	2500	2793	0.31	4837	0	2	1	5	647	0.00	0.00	0.03	49.92	49.95	0.00	60	62	0.00	0.00	104.18	0.00	0.00	0.00
1248	50.05	2500	2793	0.31	4989	0	0	2	2	783	0.00	0.00	0.00	49.95	49.95	0.00	61	62	0.00	0.00	104.27	0.00	0.00	0.00
1248	50.05	2500	2793	0.31	4948	0	2	2	4	767	0.00	0.01	0.01	49.93	49.95	0.00	61	62	0.00	0.00	104.23	0.00	0.00	0.00
1248	50.05	2500	2793	0.31	4889	0	0	9	6	682	0.00	0.10	0.02	49.84	49.95	0.00	62	62	0.00	0.00	104.24	0.00	0.00	0.00
1248	50.05	2500	2793	0.31	4882	0	0	3	7	729	0.00	0.00	0.05	49.91	49.95	0.00	61	62	0.00	0.00	104.16	0.00	0.00	0.00
1248	50.05	2500	2793	0.31	4927	0	0	1	3	779	0.00	0.00	0.01	49.94	49.95	0.00	62	62	0.00	0.00	104.39	0.00	0.00	0.00
1249	50.06	2500	2793	0.31	4966	0	0	1	4	810	0.00	0.00	0.01	49.93	49.94	0.00	62	62	0.00	0.00	104.44	0.00	0.00	0.00
1248	50.05	2500	2793	0.31	4937	0	2	1	6	749	0.00	0.00	0.04	49.92	49.95	0.00	62	62	0.00	0.00	104.44	0.00	0.00	0.00
1248	50.05	2500	2793	0.31	4876	0	2	1	5	683	0.00	0.00	0.03	49.92	49.95	0.00	62	63	0.00	0.00	104.43	0.00	0.00	0.00
1248	50.05	2500	2794	0.31	4825	0	0	1	8	679	0.00	0.00	0.04	49.92	49.95	0.00	62	63	0.00	0.00	104.46	0.00	0.00	0.00
1258	50.31	2506	2793	0.31	5002	0	3	15	11	831	0.00	0.07	0.10	49.52	49.69	0.00	62	62	0.00	0.00	104.63	0.00	0.00	0.00
1248	50.05	2500	2793	0.31	4909	0	4	0	8	740	0.00	0.00	0.01	49.94	49.95	0.00	62	63	0.00	0.00	104.65	0.00	0.00	0.00
1248	50.05	2500	2794	0.31	4825	0	2	0	5	677	0.00	0.00	0.02	49.94	49.95	0.00	62	63	0.00	0.00	104.65	0.00	0.00	0.00
1248	50.05	2500	2793	0.31	4841	0	0	0	7	667	0.00	0.00	0.04	49.92	49.95	0.00	63	63	0.00	0.00	104.62	0.00	0.00	0.00
1248	50.05	2500	2793	0.31	4869	0	0	1	2	694	0.00	0.00	0.00	49.95	49.95	0.00	63	64	0.00	0.00	104.50	0.00	0.00	0.00
1248	50.05	2500	2793	0.31	4901	0	2	1	6	754	0.00	0.00	0.02	49.94	49.95	0.00	63	64	0.00	0.00	104.48	0.00	0.00	0.00
1249	50.06	2500	2793	0.32	4859	0	0	7	4	761	0.00	0.00	0.03	49.91	49.94	0.00	63	63	0.00	0.00	104.56	0.00	0.00	0.00
1248	50.05	2500	2793	0.31	4894	0	2	10	2	767	0.00	0.11	0.00	49.84	49.95	0.00	63	64	0.00	0.00	104.71	0.00	0.00	0.00
1248	50.05	2500	2793	0.31	4693	0	0	1	4	654	0.00	0.00	0.00	49.95	49.95	0.00	63	64	0.00	0.00	104.72	0.00	0.00	0.00
1248	50.04	2500	2794	0.31	4746	0	4	3	3	626	0.00	0.00	0.03	49.94	49.96	0.00	64	64	0.00	0.00	104.76	0.00	0.00	0.00
1248	50.05	2500	2793	0.31	4840	0	4	3	6	781	0.00	0.00	0.03	49.92	49.95	0.00	64	64	0.00	0.00	104.90	0.00	0.00	0.00
1249	50.05	2500	2794	0.31	4811	0	4	2	3	754	0.00	0.00	0.01	49.94	49.95	0.00	64	64	0.00	0.00	104.90	0.00	0.00	0.00
1249	50.06	2500	2793	0.31	4832	0	0	1	14	766	0.00	0.00	0.09	49.85	49.94	0.00	64	64	0.00	0.00	104.92	0.00	0.00	0.00
1248	50.04	2500	2793	0.31	4753	0	2	1	7	627	0.00	0.00	0.05	49.91	49.96	0.00	64	65	0.00	0.00	105.00	0.00	0.00	0.00
1248	50.05	2500	2793	0.31	4809	0	2	0	3	716	0.00	0.00	0.00	49.96	49.95	0.00	64	64	0.00	0.00	104.90	0.00	0.00	0.00
1249	50.06	2500	2793	0.31	4846	0	2	1	5	731	0.00	0.00	0.03	49.92	49.94	0.00	64	65	0.00	0.00	105.07	0.00	0.00	0.00
1248	50.05	2500	2793	0.31	4876	0	0	1	4	822	0.00	0.00	0.00	49.95	49.95	0.00	64	65	0.00	0.00	104.99	0.00	0.00	0.00
1248	50.05	2500	2793	0.31	4777	0	2	5	6	690	0.00	0.00	0.04	49.91	49.95	0.00	64	65	0.00	0.00	105.04	0.00	0.00	0.00
1248	50.05	2500	2793	0.31	4818	0	0	1	2	720	0.00	0.00	0.01	49.94	49.95	0.00	64	65	0.00	0.00	104.94	0.00	0.00	0.00
1248	50.05	2500	2793	0.31	4831	0	2	1	2	763	0.00	0.00	0.00	49.96	49.95	0.00	65	65	0.00	0.00	105.17	0.00	0.00	0.00
1248	50.05	2500	2793	0.31	4779	0	0	1	3	696	0.00	0.00	0.01	49.95	49.95	0.00	65	65	0.00	0.00	105.22	0.00	0.00	0.00
1248	50.05	2500	2793	0.31	4837	0	0	2	4	713	0.00	0.00	0.02	49.94	49.95	0.00	65	66	0.00	0.00	105.27	0.00	0.00	0.00
1248	50.05	2500	2793	0.31	4805	0	2	0	7	721	0.00	0.00	0.03	49.93	49.95	0.00	65	65	0.00	0.00	105.24	0.00	0.00	0.00
1248	50.05	2500	2793	0.31	4732	0	2	2	2	634	0.00	0.00	0.00	49.95	49.95	0.00	65	66	0.00	0.00	105.18	0.00	0.00	0.00
1248	50.05	2500	2793	0.31	4855	0	2	3	3	771	0.00	0.00	0.00	49.95	49.95	0.00	65	66	0.00	0.00	105.30	0.00	0.00	0.00
1249	50.05	2500	2793	0.31	4810	0	0	0	4	714	0.00	0.00	0.02	49.93	49.95	0.00	65	66	0.00	0.00	105.41	0.00	0.00	0.00
1248	50.05	2500	2793	0.31	4850	0	0	4	7	752	0.00	0.01	0.04	49.91	49.95	0.00	65	66	0.00	0.00	105.37	0.00	0.00	0.00
1248	50.05	2500	2793	0.31	4829	0	0	3	5	763	0.00	0.00	0.02	49.94	49.95	0.00	65	66	0.00	0.00	105.40	0.00	0.00	0.00
1248	50.05	2500	2794	0.31	4860	0	2	3	3	769	0.00	0.00	0.00	49.95	49.95	0.00	65	66	0.00	0.00	105.28	0.00	0.00	0.00
1248	50.05	2500	2793	0.31	4881	0	0	1	5	768	0.00	0.00	0.03	49.93	49.95	0.00	66	67	0.00	0.00	105.42	0.00	0.00	0.00
1215	50.05	2500	2719	0.31	4810	0	3	3	11	693	0.00	0.01	0.10	48.52	49.95	0.00	66	66	0.00	0.00	99.84	0.00	0.00	0.00
1254	50.04	2507	2800	0.31	4937	0	11	10	0	688	0.00	0.01	0.00	50.08	49.96	0.00	66	66	0.00	0.00	106.59	0.00	0.00	0.00
1253	50.23	2507	2786	0.31	4921	0	0	10	1	691	0.00	0.03	0.00	49.62	49.77	0.00	66	67	0.00	0.00	104.30	0.00	0.00	0.00
1248	50.04	2500	2793	0.31	4932	0	0	2	0	669	0.00	0.00	0.00	49.96	49.96	0.00	66	67	0.00	0.00	105.51	0.00	0.00	0.00
1248	50.04	2500	2793	0.31	4939	0	0	0	3	676	0.00	0.00	0.00	49.96	49.96	0.00	66	67	0.00	0.00	105.44	0.00	0.00	0.00
1249	50.05	2500	2793	0.31	4921	0	1	10	1	675	0.00	0.08	0.00	49.87	49.95	0.00	66	67	0.00	0.00	105.56	0.00	0.00	0.00
1265	50.04	2507	2823	0.31	4946	0	3	5	2	717	0.00	0.00	0.01	50.48	49.96	0.00	68	67	0.00	0.00	107.46	0.00	0.00	0.00
1237	49.95	2509	2764	0.31	4898	0	2	23	9	702	0.00	0.04	0.09	49.39	50.00	0.04	66	67	0.00	0.00	103.79	0.00	0.00	0.00
1248	50.04	2500	2793	0.31	4915	0	0	0	9	685	0.00	0.00	0.09	49.87	49.96	0.00	66	67	0.00	0.00	105.58	0.00	0.00	0.00
1248	50.04	2500	2793	0.31	4944	0	0	0	1	684	0.00	0.00	0.01	49.95	49.96	0.00	66	67	0.00	0.00	105.66	0.00	0.00	0.00
1248	50.04	2500	2793	0.31	4890	0	0	0	2	679	0.00	0.00	0.01	49.95	49.96	0.00	67	68	0.00	0.00	105.58	0.00	0.00	0.00
1250	50.04	2504	2793	0.31	4900	0	0	1	9	648	0.00	0.00	0.09	49.87	49.96	0.00	67	67	0.00	0.00	105.69	0.00	0.00	0.00
1248	50.04	2500	2793	0.31	4905	0	0	0	3	658	0.00	0.00	0.02	49.94	49.96	0.00	67	68	0.00	0.00	105.39	0.00	0.00	0.00
1248	50.05	2500	2793	0.31	5000	0	2	2	9	769	0.00	0.00	0.09	49.87	49.95	0.00	67	68	0.00	0.00	105.58	0.00	0.00	0.00
1256	50.04	2504	2806	0.31	4887	0	2	2	1	680	0.00	0.00	0.00	50.18	49.96	0.00	69	68	0.00	0.00	106.70	0.00	0.00	0.00
1243	50.01	2503	2781	0.31	4847	0	2	0	17	631	0.00	0.00	0.05	49.72	49.98	0.01	67	68	0.00	0.00	104.57	0.00	0.00	0.00
1248	50.04	2500	2793	0.31	4880	0	2	0	1	666	0.00	0.00	0.00	49.96	49.96	0.00	67	68	0.00	0.00	105.63	0.00	0.00	0.00
1248	50.04	2500	2793	0.31	4899	0	0	0	2	658	0.00	0.00	0.01	49.95	49.96	0.00	67	68	0.00	0.00	105.68	0.00	0.00	0.00
1248	50.04	2500	2793	0.31	4868	0	0	1	1	641	0.00	0.00	0.00	49.96	49.96	0.00	67	68	0.00	0.00	105.56	0.00	0.00	0.00
1248	50.04	2500	2793	0.31	4931	0	0	0	1	682	0.00	0.00	0.00	49.96	49.96	0.00	67	68	0.00	0.00	105.65	0.00	0.00	0.00
1248	50.04	2500	2793	0.31	4829	0	0	0	2	638	0.00	0.00	0.00	49.96	49.96	0.00	67	68	0.00	0.00	105.57	0.00	0.00	0.00
1248	50.04	2500	2793	0.31	4763	0	0	0	1	602	0.00	0.00	0.01	49.95	49.96	0.00	67	68	0.00	0.00	105.70	0.00	0.00	0.00
1256	50.04	2501	2810	0.31	4856	0	0	0	3	693	0.00	0.00	0.01	50.25	49.96	0.00	68	68	0.00	0.00	106.44	0.00	0.00	0.00
1242	50.03	2502	2777	0.31	4784	0	0	0	1	675	0.00	0.00	0.01	49.67	49.96	0.01	68	68	0.00	0.00	104.98	0.00	0.00	0.00
1249	50.05	2500	2793	0.31	4813	0	0	2	0	645	0.00	0.00	0.00	49.95	49.95	0.00	68	68	0.00	0.00	105.73	0.00	0.00	0.00
1248	50.04	2500	2793	0.31	4783	0	0	0	1	648	0.00	0.00	0.01	49.96	49.96	0.00	68	68	0.00	0.00	105.79	0.00	0.00	0.00
1248	50.04	2500	2793	0.31	4752	0	0	0	0	583	0.00	0.00	0.00	49.97	49.96	0.00	68	68	0.00	0.00	105.66	0.00	0.00	0.00
1248	50.04	2500	2793	0.31	4847	0	0	1	0	667	0.00	0.00	0.00	49.96	49.96	0.00	68	68	0.00	0.00	105.79	0.00	0.00	0.00
1248	50.04	2500	2793	0.31	4803	0	0	0	1	632	0.00	0.00	0.00	49.96	49.96	0.00	68	68	0.00	0.00	105.75	0.00	0.00	0.00
1248	50.04	2500	2793	0.31	4823	0	0	2	1	657	0.00	0.00	0.01	49.95	49.96	0.00	68	68	0.00	0.00	105.82	0.00	0.00	0.00
1248	50.04	2500	2793	0.31	4783	0	0	0	0	627	0.00	0.00	0.00	49.96	49.96	0.00	69	69	0.00	0.00	105.71	0.00	0.00	0.00
1248	50.04	2500	2793	0.31	4827	0	0	1	2	656	0.00	0.00	0.00	49.96	49.96	0.00	68	69	0.00	0.00	105.73	0.00	0.00	0.00
1248	50.04	2500	2793	0.31	4779	0	0	8	1	602	0.00	0.09	0.00	49.87	49.96	0.00	69	69	0.00	0.00	105.88	0.00	0.00	0.00
1257	50.27	2506	2793	0.31	4854	0	2	1	1	688	0.00	0.00	0.01	49.73	49.73	0.00	68	69	0.00	0.00	105.81	0.00	0.00	0.00
1248	50.04	2500	2793	0.31	4795	0	0	3	2	647	0.00	0.00	0.01	49.95	49.96	0.00	68	69	0.00	0.00	105.96	0.00	0.00	0.00
1248	50.05	2500	2793	0.31	4873	0	0	0	0	711	0.00	0.00	0.00	49.95	49.95	0.00	68	69	0.00	0.00	105.91	0.00	0.00	0.00
1248	50.04	2500	2793	0.31	4744	0	0	0	0	589	0.00	0.00	0.00	49.97	49.96	0.00	69	69	0.00	0.00	106.03	0.00	0.00	0.00
1248	50.04	2500	2793	0.31	4801	0	0	2	9	613	0.00	0.00	0.09	49.87	49.96	0.00	69	69	0.00	0.00	105.88	0.00	0.00	0.00
1255	50.04	2507	2800	0.31	4831	0	3	4	6	682	0.00	0.00	0.01	50.07	49.96	0.00	69	70	0.00	0.00	107.18	0.00	0.00	0.00
1256	50.00	2503	2811	0.31	4760	0	0	1	2	650	0.00	0.00	0.00	50.32	49.96	0.04	69	69	0.00	0.00	105.87	0.00	0.00	0.00
1239	50.00	2506	2769	0.31	4761	0	2	6	6	643	0.00	0.00	0.01	49.56	49.97	0.03	69	69	0.00	0.00	105.12	0.00	0.00	0.00
1248	50.04	2500	2793	0.31	4789	0	0	1	1	631	0.00	0.00	0.01	49.95	49.96	0.00	69	69	0.00	0.00	105.97	0.00	0.00	0.00
1265	50.11	2501	2827	0.31	1572	0	0	17	9	408	0.00	0.66	0.35	49.49	49.89	0.00	69	69	0.00	0.00	107.55	0.00	0.00	0.00
