Avg_MHz	Busy%	Bzy_MHz	TSC_MHz	IPC	IRQ	SMI	POLL	C1	C1E	C6	POLL%	C1%	C1E%	C6%	CPU%c1	CPU%c6	CoreTmp	PkgTmp	Pkg%pc2	Pkg%pc6	PkgWatt	RAMWatt	PKG_%	RAM_%
3416	99.75	3433	2794	1.19	8391	0	0	0	0	0	0.00	0.00	0.00	0.00	0.25	0.00	85	84	0.00	0.00	153.48	0.00	0.00	0.00
3222	99.41	3251	2792	1.25	9278	0	0	0	0	0	0.00	0.00	0.00	0.00	0.59	0.00	81	81	0.00	0.00	149.40	0.00	0.00	0.00
3105	98.29	3170	2790	0.94	8939	0	0	1	1	48	0.00	0.00	0.01	1.00	1.71	0.00	77	76	0.00	0.00	147.37	0.00	0.00	0.00
2901	93.78	3100	2794	0.21	8116	0	0	0	8	277	0.00	0.00	0.10	6.13	6.22	0.00	76	76	0.00	0.00	139.09	0.00	0.00	0.00
2819	90.93	3106	2795	0.25	7889	0	0	0	1	301	0.00	0.00	0.00	9.05	8.99	0.08	77	77	0.00	0.00	140.63	0.00	0.00	0.00
1981	63.55	3123	2795	0.41	5692	0	0	4	16	510	0.00	0.04	0.11	36.29	32.97	3.49	81	81	0.00	0.00	140.36	0.00	0.00	0.00
2869	84.48	3403	2795	1.02	7372	0	1	20	16	633	0.00	0.01	0.08	15.32	12.05	3.47	86	86	0.00	0.00	153.60	0.00	0.00	0.00
3382	99.68	3401	2794	1.06	142708	0	0	0	0	0	0.00	0.00	0.00	0.00	0.32	0.00	84	84	0.00	0.00	149.40	0.00	0.00	0.00
3402	99.70	3420	2793	1.17	8141	0	0	0	0	1	0.00	0.00	0.00	0.01	0.30	0.00	85	85	0.00	0.00	149.71	0.00	0.00	0.00
3372	99.64	3393	2793	1.19	8147	0	0	0	0	0	0.00	0.00	0.00	0.00	0.36	0.00	85	85	0.00	0.00	149.56	0.00	0.00	0.00
3304	99.59	3326	2793	1.26	8148	0	0	0	0	0	0.00	0.00	0.00	0.00	0.41	0.00	83	83	0.00	0.00	149.50	0.00	0.00	0.00
3156	99.26	3188	2793	1.15	8158	0	0	0	0	0	0.00	0.00	0.00	0.00	0.74	0.00	82	82	0.00	0.00	149.30	0.00	0.00	0.00
2748	88.62	3111	2791	0.28	7604	0	0	1	0	245	0.00	0.01	0.00	11.27	11.38	0.00	78	78	0.00	0.00	139.95	0.00	0.00	0.00
2572	83.06	3104	2794	0.25	7221	0	0	2	1	366	0.00	0.02	0.00	16.93	15.64	1.30	77	77	0.00	0.00	138.52	0.00	0.00	0.00
2152	69.02	3123	2796	0.38	6165	0	0	1	27	456	0.00	0.01	0.30	30.66	28.51	2.47	82	82	0.00	0.00	141.72	0.00	0.00	0.00
2744	80.67	3408	2794	1.10	7019	0	2	0	5	486	0.00	0.00	0.02	19.18	15.71	3.62	85	84	0.00	0.00	153.68	0.00	0.00	0.00
3400	99.69	3418	2794	1.15	8164	0	0	0	0	0	0.00	0.00	0.00	0.00	0.31	0.00	84	85	0.00	0.00	149.47	0.00	0.00	0.00
3394	99.64	3415	2794	1.18	8162	0	0	0	0	6	0.00	0.00	0.00	0.05	0.36	0.00	86	86	0.00	0.00	149.59	0.00	0.00	0.00
3406	99.68	3425	2793	1.26	8136	0	0	0	0	0	0.00	0.00	0.00	0.00	0.32	0.00	86	87	0.00	0.00	149.67	0.00	0.00	0.00
3273	99.55	3297	2792	1.23	8142	0	0	0	0	0	0.00	0.00	0.00	0.00	0.45	0.00	84	84	0.00	0.00	149.34	0.00	0.00	0.00
3139	98.93	3184	2790	1.07	8122	0	0	0	5	12	0.00	0.00	0.05	0.28	1.07	0.00	80	80	0.00	0.00	148.79	0.00	0.00	0.00
2804	90.65	3100	2793	0.22	7878	0	0	0	8	315	0.00	0.00	0.10	9.25	9.35	0.00	78	78	0.00	0.00	139.37	0.00	0.00	0.00
2736	88.29	3106	2794	0.25	7644	0	0	0	1	326	0.00	0.00	0.00	11.69	11.09	0.61	80	80	0.00	0.00	140.37	0.00	0.00	0.00
2173	69.48	3133	2796	0.38	6131	0	1	26	23	423	0.00	0.29	0.20	30.02	27.34	3.18	80	80	0.00	0.00	142.96	0.00	0.00	0.00
2789	82.47	3388	2795	1.11	7264	0	0	2	5	554	0.00	0.01	0.02	17.33	14.06	3.47	85	85	0.00	0.00	152.40	0.00	0.00	0.00
3373	99.61	3394	2794	1.23	8188	0	0	0	0	0	0.00	0.00	0.00	0.00	0.39	0.00	85	86	0.00	0.00	149.69	0.00	0.00	0.00
3400	99.66	3420	2793	1.28	8143	0	0	0	0	0	0.00	0.00	0.00	0.00	0.34	0.00	85	86	0.00	0.00	149.41	0.00	0.00	0.00
3392	99.62	3413	2794	1.22	8145	0	0	1	0	0	0.00	0.01	0.00	0.00	0.38	0.00	85	86	0.00	0.00	149.53	0.00	0.00	0.00
3225	99.45	3252	2792	1.24	8103	0	0	0	0	0	0.00	0.00	0.00	0.00	0.55	0.00	84	84	0.00	0.00	149.54	0.00	0.00	0.00
3147	99.18	3181	2792	1.11	8174	0	0	0	0	0	0.00	0.00	0.00	0.00	0.82	0.00	85	85	0.00	0.00	149.52	0.00	0.00	0.00
2748	88.85	3102	2792	0.24	7607	0	1	9	1	311	0.00	0.11	0.00	11.01	10.53	0.62	81	81	0.00	0.00	139.51	0.00	0.00	0.00
2503	80.57	3112	2795	0.30	7035	0	0	0	24	357	0.00	0.00	0.21	19.20	18.77	0.66	80	80	0.00	0.00	141.91	0.00	0.00	0.00
1790	56.93	3151	2794	0.47	5295	0	0	17	6	605	0.00	0.19	0.03	42.86	39.36	3.71	86	86	0.00	0.00	142.69	0.00	0.00	0.00
3176	92.93	3424	2795	1.19	8039	0	0	2	10	478	0.00	0.02	0.01	6.82	5.40	1.67	87	88	0.00	0.00	153.54	0.00	0.00	0.00
3397	99.67	3417	2793	1.20	8373	0	0	0	0	0	0.00	0.00	0.00	0.00	0.33	0.00	87	87	0.00	0.00	149.58	0.00	0.00	0.00
3398	99.65	3418	2794	1.24	8118	0	0	0	0	0	0.00	0.00	0.00	0.00	0.35	0.00	86	86	0.00	0.00	149.56	0.00	0.00	0.00
3395	99.66	3415	2793	1.21	8145	0	0	0	0	0	0.00	0.00	0.00	0.00	0.34	0.00	87	87	0.00	0.00	149.40	0.00	0.00	0.00
3198	99.46	3224	2793	1.25	8140	0	0	0	0	0	0.00	0.00	0.00	0.00	0.54	0.00	85	85	0.00	0.00	149.63	0.00	0.00	0.00
3068	97.27	3166	2790	0.84	8074	0	0	0	0	94	0.00	0.00	0.00	2.20	2.73	0.00	80	80	0.00	0.00	146.57	0.00	0.00	0.00
2806	90.64	3103	2794	0.23	7932	0	0	0	1	347	0.00	0.00	0.00	9.36	9.35	0.01	82	82	0.00	0.00	140.07	0.00	0.00	0.00
2605	83.83	3112	2795	0.27	222422	0	0	0	1	378	0.00	0.00	0.00	16.17	15.23	0.94	84	85	0.00	0.00	141.20	0.00	0.00	0.00
1830	58.36	3141	2796	0.46	14830	0	0	1	7	588	0.00	0.00	0.02	41.62	37.69	3.95	84	84	0.00	0.00	142.65	0.00	0.00	0.00
3344	97.92	3423	2793	1.20	8137	0	0	0	0	194	0.00	0.00	0.00	1.83	1.73	0.35	87	88	0.00	0.00	154.30	0.00	0.00	0.00
3391	99.61	3413	2794	1.22	8158	0	0	0	0	0	0.00	0.00	0.00	0.00	0.39	0.00	88	88	0.00	0.00	149.61	0.00	0.00	0.00
3388	99.64	3408	2793	1.17	8114	0	0	0	0	0	0.00	0.00	0.00	0.00	0.36	0.00	87	87	0.00	0.00	149.60	0.00	0.00	0.00
3369	99.55	3392	2793	1.19	8171	0	0	0	0	0	0.00	0.00	0.00	0.00	0.45	0.00	88	88	0.00	0.00	149.64	0.00	0.00	0.00
3158	99.31	3190	2792	1.20	8099	0	0	0	0	0	0.00	0.00	0.00	0.00	0.69	0.00	85	85	0.00	0.00	149.29	0.00	0.00	0.00
3021	96.54	3140	2791	0.65	8036	0	0	0	0	123	0.00	0.00	0.00	3.00	3.46	0.00	81	81	0.00	0.00	144.72	0.00	0.00	0.00
2853	92.09	3104	2794	0.24	7886	0	0	1	1	299	0.00	0.00	0.00	7.89	7.91	0.00	83	83	0.00	0.00	141.41	0.00	0.00	0.00
2437	78.52	3110	2795	0.29	6848	0	0	8	7	441	0.00	0.09	0.01	21.39	18.85	2.64	83	83	0.00	0.00	139.77	0.00	0.00	0.00
1859	58.05	3207	2796	0.55	5307	0	0	1	14	594	0.00	0.00	0.09	41.87	34.02	7.93	84	86	0.00	0.00	142.17	0.00	0.00	0.00
3373	99.16	3410	2793	1.23	8157	0	0	0	0	47	0.00	0.00	0.00	0.55	0.84	0.00	88	88	0.00	0.00	155.80	0.00	0.00	0.00
3377	99.55	3400	2794	1.29	8144	0	0	0	0	0	0.00	0.00	0.00	0.00	0.45	0.00	88	88	0.00	0.00	149.54	0.00	0.00	0.00
3385	99.56	3408	2793	1.23	8156	0	0	0	0	0	0.00	0.00	0.00	0.00	0.44	0.00	89	89	0.00	0.00	149.68	0.00	0.00	0.00
3350	99.56	3373	2794	1.26	8137	0	0	0	0	0	0.00	0.00	0.00	0.00	0.44	0.00	89	88	0.00	0.00	149.55	0.00	0.00	0.00
3168	99.41	3196	2792	1.22	8108	0	0	0	0	0	0.00	0.00	0.00	0.00	0.59	0.00	86	86	0.00	0.00	149.34	0.00	0.00	0.00
2864	91.76	3131	2791	0.53	7760	0	0	0	0	166	0.00	0.00	0.00	7.95	8.24	0.00	82	82	0.00	0.00	143.21	0.00	0.00	0.00
2660	85.86	3105	2794	0.25	7482	0	0	1	3	377	0.00	0.01	0.02	14.12	13.37	0.77	82	82	0.00	0.00	140.35	0.00	0.00	0.00
2346	75.69	3105	2794	0.29	6630	0	0	1	12	466	0.00	0.00	0.09	24.21	23.81	0.50	82	82	0.00	0.00	140.63	0.00	0.00	0.00
2216	66.90	3317	2796	0.81	6019	0	0	1	14	667	0.00	0.00	0.02	32.99	21.22	11.88	89	89	0.00	0.00	147.01	0.00	0.00	0.00
3382	99.61	3403	2793	1.16	8133	0	0	0	0	0	0.00	0.00	0.00	0.00	0.39	0.00	89	89	0.00	0.00	153.12	0.00	0.00	0.00
3372	99.52	3397	2793	1.18	8179	0	0	0	0	0	0.00	0.00	0.00	0.00	0.48	0.00	90	90	0.00	0.00	149.66	0.00	0.00	0.00
3340	99.41	3367	2794	1.20	8100	0	0	0	0	0	0.00	0.00	0.00	0.00	0.59	0.00	89	89	0.00	0.00	149.41	0.00	0.00	0.00
3295	99.52	3320	2793	1.19	8145	0	0	0	0	0	0.00	0.00	0.00	0.00	0.48	0.00	88	88	0.00	0.00	149.72	0.00	0.00	0.00
3154	99.31	3185	2793	1.21	8144	0	0	0	0	0	0.00	0.00	0.00	0.00	0.69	0.00	87	87	0.00	0.00	149.41	0.00	0.00	0.00
2743	88.15	3122	2791	0.41	7585	0	0	0	0	261	0.00	0.00	0.00	11.65	11.85	0.00	82	82	0.00	0.00	141.98	0.00	0.00	0.00
2528	81.41	3110	2795	0.28	7151	0	0	0	2	406	0.00	0.00	0.00	18.59	17.98	0.61	86	86	0.00	0.00	141.59	0.00	0.00	0.00
1930	61.88	3125	2794	0.40	5549	0	8	19	2	522	0.00	0.20	0.01	37.91	32.66	5.45	86	86	0.00	0.00	140.43	0.00	0.00	0.00
2738	80.77	3395	2795	1.06	7041	0	2	3	3	513	0.00	0.01	0.00	19.06	15.70	3.52	91	91	0.00	0.00	153.69	0.00	0.00	0.00
3379	99.51	3404	2794	1.21	8158	0	0	0	0	0	0.00	0.00	0.00	0.00	0.49	0.00	90	89	0.00	0.00	149.55	0.00	0.00	0.00
3377	99.54	3401	2793	1.19	8145	0	0	0	0	0	0.00	0.00	0.00	0.00	0.46	0.00	91	91	0.00	0.00	149.55	0.00	0.00	0.00
3376	99.52	3400	2794	1.14	8206	0	0	0	0	0	0.00	0.00	0.00	0.00	0.48	0.00	89	89	0.00	0.00	149.65	0.00	0.00	0.00
3273	99.46	3300	2792	1.24	8148	0	0	1	0	0	0.00	0.01	0.00	0.00	0.54	0.00	87	87	0.00	0.00	149.37	0.00	0.00	0.00
3146	99.20	3180	2793	1.18	8767	0	0	0	0	0	0.00	0.00	0.00	0.00	0.80	0.00	88	88	0.00	0.00	149.52	0.00	0.00	0.00
2843	91.76	3109	2791	0.26	7813	0	0	0	9	226	0.00	0.00	0.10	8.04	8.24	0.00	83	83	0.00	0.00	141.40	0.00	0.00	0.00
2741	88.45	3105	2795	0.25	7638	0	0	7	5	312	0.00	0.07	0.02	11.45	11.55	0.00	84	84	0.00	0.00	141.78	0.00	0.00	0.00
2251	72.12	3126	2796	0.35	6500	0	0	8	8	546	0.00	0.08	0.09	27.71	25.08	2.80	86	86	0.00	0.00	142.75	0.00	0.00	0.00
2511	73.48	3425	2794	1.09	6439	0	0	19	4	549	0.00	0.19	0.02	26.13	15.09	11.44	90	91	0.00	0.00	150.66	0.00	0.00	0.00
3383	99.55	3405	2794	1.24	8153	0	0	0	0	0	0.00	0.00	0.00	0.00	0.45	0.00	91	91	0.00	0.00	149.68	0.00	0.00	0.00
3372	99.53	3397	2793	1.19	8127	0	0	0	0	0	0.00	0.00	0.00	0.00	0.47	0.00	89	90	0.00	0.00	149.50	0.00	0.00	0.00
3353	99.52	3378	2793	1.20	8155	0	0	0	0	0	0.00	0.00	0.00	0.00	0.48	0.00	90	92	0.00	0.00	149.58	0.00	0.00	0.00
3219	99.42	3247	2793	1.27	8346	0	0	0	0	0	0.00	0.00	0.00	0.00	0.58	0.00	88	88	0.00	0.00	149.51	0.00	0.00	0.00
3079	97.75	3161	2790	0.94	8054	0	0	1	0	47	0.00	0.01	0.00	1.54	1.63	0.62	84	84	0.00	0.00	147.09	0.00	0.00	0.00
2806	90.70	3100	2794	0.22	7966	0	0	0	13	385	0.00	0.00	0.02	9.29	9.30	0.00	84	83	0.00	0.00	140.92	0.00	0.00	0.00
2654	85.56	3108	2795	0.27	7506	0	0	8	8	364	0.00	0.09	0.10	14.23	13.96	0.48	84	84	0.00	0.00	142.32	0.00	0.00	0.00
2053	65.48	3140	2795	0.43	6020	0	6	3	20	665	0.00	0.02	0.12	34.37	31.78	2.74	89	89	0.00	0.00	145.36	0.00	0.00	0.00
3153	92.55	3414	2794	1.18	7968	0	0	3	5	461	0.00	0.01	0.02	7.07	4.63	2.82	91	91	0.00	0.00	152.92	0.00	0.00	0.00
3379	99.56	3402	2793	1.18	8135	0	0	0	0	0	0.00	0.00	0.00	0.00	0.44	0.00	92	92	0.00	0.00	149.74	0.00	0.00	0.00
3351	99.50	3376	2794	1.17	8151	0	0	0	0	1	0.00	0.00	0.00	0.01	0.50	0.00	91	91	0.00	0.00	149.42	0.00	0.00	0.00
3347	99.54	3371	2793	1.25	8178	0	0	0	0	0	0.00	0.00	0.00	0.00	0.46	0.00	89	90	0.00	0.00	149.64	0.00	0.00	0.00
3151	99.35	3180	2792	1.19	8139	0	0	0	0	0	0.00	0.00	0.00	0.00	0.65	0.00	89	88	0.00	0.00	149.36	0.00	0.00	0.00
2921	93.64	3130	2791	0.52	7927	0	0	0	0	177	0.00	0.00	0.00	6.00	6.36	0.00	84	84	0.00	0.00	143.50	0.00	0.00	0.00
2805	90.69	3100	2794	0.22	7893	0	0	0	1	358	0.00	0.00	0.00	9.32	9.31	0.00	84	84	0.00	0.00	141.02	0.00	0.00	0.00
2565	82.59	3111	2795	0.30	7228	0	0	0	5	386	0.00	0.00	0.00	17.38	16.44	0.97	85	85	0.00	0.00	143.01	0.00	0.00	0.00
2228	68.08	3278	2795	0.84	6210	0	0	8	20	635	0.00	0.09	0.20	31.56	27.99	3.93	92	92	0.00	0.00	149.32	0.00	0.00	0.00
3371	99.55	3393	2795	1.21	8200	0	0	0	0	0	0.00	0.00	0.00	0.00	0.45	0.00	92	92	0.00	0.00	151.34	0.00	0.00	0.00
3338	99.46	3364	2793	1.26	8176	0	0	0	0	0	0.00	0.00	0.00	0.00	0.54	0.00	92	91	0.00	0.00	149.32	0.00	0.00	0.00
3364	99.48	3390	2793	1.24	8193	0	0	0	0	0	0.00	0.00	0.00	0.00	0.52	0.00	90	91	0.00	0.00	149.77	0.00	0.00	0.00
3367	99.50	3392	2794	1.18	8333	0	0	0	0	0	0.00	0.00	0.00	0.00	0.50	0.00	92	92	0.00	0.00	149.58	0.00	0.00	0.00
3183	99.43	3210	2792	1.28	8113	0	0	0	0	0	0.00	0.00	0.00	0.00	0.57	0.00	88	88	0.00	0.00	149.46	0.00	0.00	0.00
2951	94.31	3140	2791	0.76	7916	0	0	0	0	136	0.00	0.00	0.00	5.11	5.69	0.00	84	84	0.00	0.00	145.57	0.00	0.00	0.00
2667	86.14	3102	2794	0.24	7620	0	2	1	6	458	0.00	0.00	0.01	13.85	13.86	0.00	84	84	0.00	0.00	141.56	0.00	0.00	0.00
2337	75.13	3116	2795	0.31	6627	0	0	0	18	472	0.00	0.00	0.20	24.68	21.90	2.97	85	85	0.00	0.00	141.84	0.00	0.00	0.00
1988	61.03	3264	2795	0.77	5614	0	0	2	7	641	0.00	0.01	0.02	38.91	33.35	5.61	93	93	0.00	0.00	147.36	0.00	0.00	0.00
3389	99.59	3411	2793	1.24	8265	0	0	0	0	0	0.00	0.00	0.00	0.00	0.41	0.00	92	92	0.00	0.00	152.78	0.00	0.00	0.00
3345	99.46	3370	2794	1.23	8169	0	0	0	0	0	0.00	0.00	0.00	0.00	0.54	0.00	90	91	0.00	0.00	149.51	0.00	0.00	0.00
3349	99.50	3374	2793	1.24	8154	0	0	0	0	0	0.00	0.00	0.00	0.00	0.50	0.00	92	93	0.00	0.00	149.62	0.00	0.00	0.00
3311	99.54	3335	2793	1.27	8166	0	0	0	0	0	0.00	0.00	0.00	0.00	0.46	0.00	90	90	0.00	0.00	149.48	0.00	0.00	0.00
3139	99.20	3173	2793	1.25	8151	0	0	0	0	0	0.00	0.00	0.00	0.00	0.80	0.00	90	90	0.00	0.00	149.38	0.00	0.00	0.00
2802	90.19	3117	2790	0.39	7731	0	0	0	1	252	0.00	0.00	0.01	9.63	9.81	0.00	85	85	0.00	0.00	142.66	0.00	0.00	0.00
2717	87.75	3100	2796	0.23	924	0	0	0	0	115	0.00	0.00	0.00	12.28	12.25	0.00	85	84	0.00	0.00	140.38	0.00	0.00	0.00
