Avg_MHz	Busy%	Bzy_MHz	TSC_MHz	IPC	IRQ	SMI	POLL	C1	C1E	C6	POLL%	C1%	C1E%	C6%	CPU%c1	CPU%c6	CoreTmp	PkgTmp	Pkg%pc2	Pkg%pc6	PkgWatt	RAMWatt	PKG_%	RAM_%
1545	49.94	3100	2794	0.22	5409	0	110	28	58	775	0.00	0.00	0.01	50.07	49.92	0.14	71	72	0.00	0.00	127.76	0.00	0.00	0.00
1548	50.05	3100	2793	0.22	5369	0	4	16	49	767	0.00	0.00	0.01	49.95	49.95	0.00	71	72	0.00	0.00	127.80	0.00	0.00	0.00
1548	50.05	3100	2793	0.22	5344	0	2	16	56	718	0.00	0.00	0.13	49.82	49.95	0.00	72	72	0.00	0.00	127.63	0.00	0.00	0.00
1548	50.06	3100	2793	0.22	5398	0	2	13	93	786	0.00	0.00	0.30	49.64	49.94	0.00	71	71	0.00	0.00	127.85	0.00	0.00	0.00
1548	50.05	3100	2793	0.22	5306	0	0	11	80	742	0.00	0.00	0.04	49.92	49.95	0.00	72	72	0.00	0.00	127.83	0.00	0.00	0.00
1548	50.05	3100	2793	0.22	5315	0	0	11	70	719	0.00	0.00	0.04	49.91	49.95	0.00	72	72	0.00	0.00	127.81	0.00	0.00	0.00
1548	50.06	3100	2793	0.22	5419	0	2	11	60	831	0.00	0.00	0.03	49.92	49.94	0.00	72	72	0.00	0.00	127.87	0.00	0.00	0.00
1551	50.15	3100	2793	0.22	5413	0	0	11	59	826	0.00	0.00	0.04	49.82	49.85	0.00	72	72	0.00	0.00	127.92	0.00	0.00	0.00
1548	50.05	3100	2793	0.22	5367	0	0	2	60	756	0.00	0.00	0.04	49.92	49.95	0.00	72	72	0.00	0.00	127.92	0.00	0.00	0.00
1548	50.04	3100	2793	0.22	5283	0	0	4	65	699	0.00	0.00	0.01	49.95	49.96	0.00	72	73	0.00	0.00	127.90	0.00	0.00	0.00
1551	50.15	3100	2793	0.22	5691	0	2	7	70	1255	0.00	0.01	0.03	49.82	49.85	0.00	73	72	0.00	0.00	128.05	0.00	0.00	0.00
1549	50.08	3100	2793	0.22	5476	0	0	10	80	942	0.00	0.00	0.02	49.91	49.92	0.00	73	73	0.00	0.00	128.09	0.00	0.00	0.00
1548	50.06	3100	2793	0.22	5342	0	0	10	61	706	0.00	0.00	0.02	49.93	49.94	0.00	73	73	0.00	0.00	128.12	0.00	0.00	0.00
1548	50.05	3100	2793	0.22	5337	0	0	12	67	723	0.00	0.00	0.03	49.93	49.95	0.00	73	73	0.00	0.00	128.03	0.00	0.00	0.00
1548	50.04	3100	2793	0.22	5214	0	0	12	68	640	0.00	0.00	0.05	49.91	49.96	0.00	73	73	0.00	0.00	128.14	0.00	0.00	0.00
1548	50.05	3100	2793	0.22	5435	0	2	10	58	828	0.00	0.00	0.01	49.95	49.95	0.00	73	73	0.00	0.00	128.25	0.00	0.00	0.00
1548	50.06	3100	2793	0.22	5451	0	8	4	55	842	0.00	0.00	0.05	49.90	49.94	0.00	73	73	0.00	0.00	128.21	0.00	0.00	0.00
1548	50.05	3100	2794	0.22	5362	0	2	7	60	738	0.00	0.00	0.02	49.94	49.95	0.00	73	74	0.00	0.00	128.16	0.00	0.00	0.00
1548	50.05	3100	2793	0.22	5333	0	0	10	73	722	0.00	0.01	0.04	49.90	49.95	0.00	73	74	0.00	0.00	128.30	0.00	0.00	0.00
1548	50.05	3100	2793	0.22	5440	0	4	3	82	861	0.00	0.00	0.01	49.95	49.95	0.00	73	73	0.00	0.00	128.35	0.00	0.00	0.00
1548	50.04	3100	2793	0.22	5357	0	6	10	64	723	0.00	0.00	0.03	49.94	49.96	0.00	74	73	0.00	0.00	128.37	0.00	0.00	0.00
1548	50.04	3100	2793	0.22	5337	0	4	2	74	704	0.00	0.00	0.06	49.91	49.96	0.00	74	74	0.00	0.00	128.29	0.00	0.00	0.00
1548	50.06	3100	2793	0.22	5334	0	1	10	68	706	0.00	0.00	0.04	49.91	49.94	0.00	74	74	0.00	0.00	128.41	0.00	0.00	0.00
1548	50.05	3100	2793	0.22	5394	0	2	8	59	749	0.00	0.00	0.03	49.92	49.95	0.00	74	74	0.00	0.00	128.54	0.00	0.00	0.00
1548	50.05	3100	2793	0.22	5401	0	2	13	54	783	0.00	0.00	0.04	49.92	49.95	0.00	74	74	0.00	0.00	128.57	0.00	0.00	0.00
1552	50.19	3100	2793	0.22	5906	0	6	10	93	1414	0.00	0.00	0.05	49.77	49.81	0.00	74	74	0.00	0.00	128.46	0.00	0.00	0.00
1553	50.22	3100	2793	0.22	6106	0	0	8	88	1632	0.00	0.00	0.03	49.75	49.78	0.00	74	75	0.00	0.00	128.56	0.00	0.00	0.00
1549	50.07	3100	2793	0.22	5460	0	6	14	51	882	0.00	0.00	0.01	49.93	49.93	0.00	74	75	0.00	0.00	128.45	0.00	0.00	0.00
1548	50.05	3100	2793	0.22	5374	0	7	4	65	796	0.00	0.00	0.03	49.93	49.95	0.00	74	75	0.00	0.00	128.60	0.00	0.00	0.00
1548	50.05	3100	2793	0.22	5336	0	0	11	69	732	0.00	0.00	0.05	49.91	49.95	0.00	74	75	0.00	0.00	128.64	0.00	0.00	0.00
1548	50.05	3100	2793	0.22	5368	0	4	8	58	750	0.00	0.01	0.02	49.92	49.95	0.00	75	75	0.00	0.00	128.74	0.00	0.00	0.00
1557	50.35	3100	2793	0.22	6892	0	2	12	57	748	0.00	0.00	0.01	49.64	49.65	0.00	75	75	0.00	0.00	128.61	0.00	0.00	0.00
1549	50.09	3100	2793	0.22	7357	0	2	3	70	782	0.00	0.00	0.02	49.90	49.91	0.00	75	75	0.00	0.00	128.72	0.00	0.00	0.00
1548	50.05	3100	2793	0.22	5387	0	2	11	63	748	0.00	0.00	0.03	49.93	49.95	0.00	75	75	0.00	0.00	128.69	0.00	0.00	0.00
1548	50.04	3100	2793	0.22	5315	0	2	8	74	734	0.00	0.00	0.05	49.91	49.96	0.00	75	76	0.00	0.00	128.76	0.00	0.00	0.00
1548	50.04	3100	2794	0.22	5267	0	2	8	78	690	0.00	0.00	0.02	49.94	49.96	0.00	75	76	0.00	0.00	128.88	0.00	0.00	0.00
1548	50.04	3100	2793	0.22	5264	0	0	11	74	661	0.00	0.00	0.11	49.85	49.96	0.00	75	75	0.00	0.00	128.83	0.00	0.00	0.00
1548	50.04	3100	2793	0.22	5322	0	6	12	70	745	0.00	0.00	0.03	49.93	49.96	0.00	76	75	0.00	0.00	128.72	0.00	0.00	0.00
1552	50.18	3100	2793	0.22	5634	0	4	14	96	1146	0.00	0.00	0.07	49.77	49.82	0.00	75	76	0.00	0.00	128.90	0.00	0.00	0.00
1548	50.06	3100	2793	0.22	5343	0	2	8	62	732	0.00	0.00	0.01	49.94	49.94	0.00	75	76	0.00	0.00	128.93	0.00	0.00	0.00
1549	50.07	3100	2793	0.22	5422	0	2	8	63	820	0.00	0.00	0.05	49.89	49.93	0.00	75	76	0.00	0.00	128.83	0.00	0.00	0.00
1548	50.05	3100	2793	0.22	5350	0	0	9	66	779	0.00	0.00	0.01	49.95	49.95	0.00	76	76	0.00	0.00	129.01	0.00	0.00	0.00
1549	50.09	3100	2793	0.22	5507	0	9	5	64	885	0.00	0.01	0.06	49.85	49.91	0.00	76	76	0.00	0.00	129.02	0.00	0.00	0.00
1548	50.04	3100	2794	0.22	5272	0	0	16	72	700	0.00	0.09	0.02	49.87	49.96	0.00	76	76	0.00	0.00	129.08	0.00	0.00	0.00
1548	50.04	3100	2793	0.22	5248	0	6	18	54	674	0.00	0.00	0.05	49.91	49.96	0.00	76	76	0.00	0.00	129.03	0.00	0.00	0.00
1548	50.05	3100	2793	0.22	5394	0	0	6	46	773	0.00	0.01	0.01	49.93	49.95	0.00	76	76	0.00	0.00	128.94	0.00	0.00	0.00
1548	50.06	3100	2793	0.22	5478	0	4	23	45	792	0.00	0.10	0.05	49.80	49.94	0.00	76	76	0.00	0.00	129.09	0.00	0.00	0.00
1548	50.05	3100	2793	0.22	5398	0	4	8	78	790	0.00	0.00	0.12	49.84	49.95	0.00	77	76	0.00	0.00	129.11	0.00	0.00	0.00
1548	50.06	3100	2793	0.22	5325	0	6	12	63	766	0.00	0.01	0.02	49.92	49.94	0.00	77	77	0.00	0.00	129.07	0.00	0.00	0.00
1548	50.04	3100	2793	0.22	5247	0	2	13	74	670	0.00	0.00	0.03	49.94	49.96	0.00	76	77	0.00	0.00	129.00	0.00	0.00	0.00
1548	50.05	3100	2793	0.22	5410	0	2	5	66	796	0.00	0.00	0.03	49.93	49.95	0.00	76	77	0.00	0.00	129.17	0.00	0.00	0.00
1548	50.04	3100	2793	0.22	5301	0	0	9	65	739	0.00	0.00	0.02	49.95	49.96	0.00	76	77	0.00	0.00	129.20	0.00	0.00	0.00
1548	50.05	3100	2793	0.22	5307	0	3	4	67	747	0.00	0.00	0.03	49.93	49.95	0.00	77	77	0.00	0.00	129.15	0.00	0.00	0.00
1548	50.05	3100	2793	0.22	5352	0	2	7	80	775	0.00	0.00	0.04	49.92	49.95	0.00	77	77	0.00	0.00	129.17	0.00	0.00	0.00
1548	50.05	3100	2793	0.22	5392	0	0	9	57	772	0.00	0.00	0.01	49.95	49.95	0.00	76	77	0.00	0.00	129.04	0.00	0.00	0.00
1548	50.05	3100	2793	0.22	5360	0	4	9	51	752	0.00	0.00	0.01	49.95	49.95	0.00	77	77	0.00	0.00	129.19	0.00	0.00	0.00
1548	50.05	3100	2793	0.22	5375	0	0	9	66	786	0.00	0.00	0.03	49.93	49.95	0.00	77	77	0.00	0.00	129.22	0.00	0.00	0.00
1548	50.05	3100	2793	0.22	5306	0	2	17	66	700	0.00	0.00	0.15	49.81	49.95	0.00	77	77	0.00	0.00	129.14	0.00	0.00	0.00
1548	50.04	3100	2793	0.22	5359	0	0	16	80	797	0.00	0.00	0.02	49.94	49.96	0.00	77	77	0.00	0.00	129.29	0.00	0.00	0.00
1548	50.05	3100	2793	0.22	5395	0	1	3	56	782	0.00	0.00	0.01	49.94	49.95	0.00	77	78	0.00	0.00	129.28	0.00	0.00	0.00
1548	50.05	3100	2794	0.22	5341	0	4	4	69	713	0.00	0.00	0.05	49.91	49.95	0.00	77	77	0.00	0.00	129.30	0.00	0.00	0.00
1548	50.05	3100	2793	0.22	5344	0	6	16	60	752	0.00	0.08	0.04	49.85	49.95	0.00	77	78	0.00	0.00	129.19	0.00	0.00	0.00
1548	50.06	3100	2793	0.22	5459	0	4	18	75	891	0.00	0.00	0.03	49.91	49.94	0.00	77	78	0.00	0.00	129.37	0.00	0.00	0.00
1548	50.04	3100	2793	0.22	5260	0	2	12	65	688	0.00	0.00	0.01	49.95	49.96	0.00	77	78	0.00	0.00	129.39	0.00	0.00	0.00
1559	50.40	3100	2793	0.22	11250	0	2	4	56	698	0.00	0.00	0.05	49.55	49.60	0.00	77	78	0.00	0.00	129.24	0.00	0.00	0.00
1548	50.05	3100	2793	0.22	5342	0	2	13	64	788	0.00	0.00	0.03	49.93	49.95	0.00	78	78	0.00	0.00	129.37	0.00	0.00	0.00
1548	50.05	3100	2793	0.22	5385	0	0	5	58	733	0.00	0.00	0.02	49.93	49.95	0.00	77	78	0.00	0.00	129.40	0.00	0.00	0.00
1548	50.04	3100	2794	0.22	5326	0	4	11	60	772	0.00	0.00	0.02	49.94	49.96	0.00	78	78	0.00	0.00	129.44	0.00	0.00	0.00
1548	50.05	3100	2793	0.22	5305	0	1	6	65	714	0.00	0.00	0.05	49.91	49.95	0.00	78	78	0.00	0.00	129.36	0.00	0.00	0.00
1548	50.05	3100	2793	0.22	5331	0	0	6	71	719	0.00	0.00	0.14	49.82	49.95	0.00	78	78	0.00	0.00	129.58	0.00	0.00	0.00
1548	50.05	3100	2793	0.22	5322	0	2	14	60	703	0.00	0.00	0.02	49.93	49.95	0.00	78	78	0.00	0.00	129.59	0.00	0.00	0.00
1548	50.05	3100	2793	0.22	5372	0	4	6	59	762	0.00	0.00	0.01	49.94	49.95	0.00	78	78	0.00	0.00	129.59	0.00	0.00	0.00
1548	50.05	3100	2793	0.22	5311	0	2	8	76	715	0.00	0.00	0.05	49.90	49.95	0.00	78	78	0.00	0.00	129.51	0.00	0.00	0.00
1548	50.04	3100	2793	0.22	5294	0	0	10	80	687	0.00	0.00	0.07	49.90	49.96	0.00	78	79	0.00	0.00	129.76	0.00	0.00	0.00
1548	50.05	3100	2793	0.22	5304	0	2	9	61	684	0.00	0.01	0.02	49.92	49.95	0.00	78	78	0.00	0.00	129.74	0.00	0.00	0.00
1548	50.05	3100	2794	0.22	5363	0	2	16	53	798	0.00	0.00	0.01	49.95	49.95	0.00	78	79	0.00	0.00	129.58	0.00	0.00	0.00
1548	50.05	3100	2793	0.22	5426	0	5	14	68	783	0.00	0.10	0.04	49.82	49.95	0.00	79	79	0.00	0.00	129.74	0.00	0.00	0.00
1548	50.05	3100	2793	0.22	5359	0	0	5	73	763	0.00	0.00	0.07	49.89	49.95	0.00	78	79	0.00	0.00	129.80	0.00	0.00	0.00
1548	50.04	3100	2794	0.22	5274	0	0	18	60	678	0.00	0.00	0.04	49.93	49.96	0.00	78	79	0.00	0.00	129.51	0.00	0.00	0.00
1548	50.04	3100	2793	0.22	5243	0	0	11	57	653	0.00	0.00	0.02	49.95	49.96	0.00	79	79	0.00	0.00	129.75	0.00	0.00	0.00
1548	50.05	3100	2793	0.22	5393	0	0	9	66	775	0.00	0.00	0.01	49.94	49.95	0.00	79	79	0.00	0.00	129.68	0.00	0.00	0.00
1548	50.04	3100	2793	0.22	5334	0	2	12	67	757	0.00	0.00	0.06	49.90	49.96	0.00	79	79	0.00	0.00	129.67	0.00	0.00	0.00
1548	50.06	3100	2793	0.22	5433	0	2	13	59	849	0.00	0.00	0.02	49.92	49.94	0.00	79	79	0.00	0.00	129.61	0.00	0.00	0.00
1548	50.05	3100	2793	0.22	5412	0	2	19	58	836	0.00	0.00	0.01	49.95	49.95	0.00	79	79	0.00	0.00	129.66	0.00	0.00	0.00
1548	50.04	3100	2793	0.22	5320	0	2	11	70	763	0.00	0.00	0.01	49.95	49.96	0.00	79	79	0.00	0.00	129.69	0.00	0.00	0.00
1548	50.05	3100	2793	0.22	5438	0	0	12	67	842	0.00	0.00	0.04	49.91	49.95	0.00	79	79	0.00	0.00	129.62	0.00	0.00	0.00
1548	50.04	3100	2793	0.22	5297	0	0	10	69	693	0.00	0.00	0.04	49.92	49.96	0.00	79	79	0.00	0.00	129.59	0.00	0.00	0.00
1548	50.04	3100	2793	0.22	5260	0	4	3	64	674	0.00	0.00	0.01	49.95	49.96	0.00	79	79	0.00	0.00	129.54	0.00	0.00	0.00
1548	50.05	3100	2793	0.22	5386	0	0	11	61	838	0.00	0.00	0.01	49.94	49.95	0.00	79	79	0.00	0.00	129.66	0.00	0.00	0.00
1548	50.05	3100	2793	0.22	5317	0	3	12	64	754	0.00	0.09	0.01	49.86	49.95	0.00	79	79	0.00	0.00	129.64	0.00	0.00	0.00
1549	50.07	3100	2793	0.22	5339	0	4	10	65	755	0.00	0.00	0.04	49.90	49.93	0.00	79	79	0.00	0.00	129.52	0.00	0.00	0.00
1548	50.05	3100	2793	0.22	5325	0	4	6	62	741	0.00	0.00	0.01	49.95	49.95	0.00	79	79	0.00	0.00	129.66	0.00	0.00	0.00
1548	50.06	3100	2794	0.22	5413	0	5	17	68	788	0.00	0.00	0.01	49.94	49.94	0.00	79	79	0.00	0.00	129.73	0.00	0.00	0.00
1548	50.05	3100	2793	0.22	5348	0	0	15	58	712	0.00	0.00	0.02	49.94	49.95	0.00	79	80	0.00	0.00	129.70	0.00	0.00	0.00
1548	50.05	3100	2793	0.22	5316	0	2	11	60	706	0.00	0.01	0.03	49.92	49.95	0.00	80	80	0.00	0.00	129.72	0.00	0.00	0.00
1548	50.04	3100	2793	0.22	5223	0	0	8	75	652	0.00	0.00	0.02	49.94	49.96	0.00	79	80	0.00	0.00	129.75	0.00	0.00	0.00
1550	50.11	3100	2793	0.22	6681	0	0	7	83	794	0.00	0.00	0.02	49.88	49.89	0.00	79	80	0.00	0.00	129.80	0.00	0.00	0.00
1557	50.34	3100	2793	0.22	12799	0	2	9	73	914	0.00	0.01	0.05	49.61	49.66	0.00	79	79	0.00	0.00	129.71	0.00	0.00	0.00
1548	50.04	3100	2793	0.22	5287	0	2	10	76	684	0.00	0.00	0.04	49.92	49.96	0.00	80	79	0.00	0.00	129.82	0.00	0.00	0.00
1548	50.04	3100	2793	0.22	5313	0	0	11	65	765	0.00	0.00	0.01	49.95	49.96	0.00	79	80	0.00	0.00	129.86	0.00	0.00	0.00
1548	50.04	3100	2793	0.22	5362	0	0	12	78	787	0.00	0.00	0.03	49.94	49.96	0.00	79	80	0.00	0.00	129.67	0.00	0.00	0.00
1548	50.04	3100	2793	0.22	5365	0	2	12	61	743	0.00	0.00	0.03	49.93	49.96	0.00	79	80	0.00	0.00	129.82	0.00	0.00	0.00
1548	50.05	3100	2793	0.22	5377	0	3	6	72	751	0.00	0.00	0.04	49.91	49.95	0.00	80	80	0.00	0.00	129.73	0.00	0.00	0.00
1548	50.05	3100	2793	0.22	5324	0	0	3	58	757	0.00	0.00	0.01	49.95	49.95	0.00	80	80	0.00	0.00	129.75	0.00	0.00	0.00
1547	50.04	3100	2793	0.22	5209	0	2	10	80	615	0.00	0.00	0.03	49.94	49.96	0.00	79	80	0.00	0.00	129.64	0.00	0.00	0.00
1548	50.04	3100	2793	0.22	5365	0	0	1	69	749	0.00	0.00	0.02	49.94	49.96	0.00	80	80	0.00	0.00	129.85	0.00	0.00	0.00
1548	50.04	3100	2794	0.22	5237	0	0	8	73	644	0.00	0.00	0.04	49.93	49.96	0.00	80	80	0.00	0.00	129.87	0.00	0.00	0.00
1548	50.04	3100	2793	0.22	5251	0	1	9	60	651	0.00	0.00	0.01	49.95	49.96	0.00	80	80	0.00	0.00	129.77	0.00	0.00	0.00
1548	50.04	3100	2793	0.22	5250	0	0	2	76	678	0.00	0.00	0.05	49.92	49.96	0.00	80	80	0.00	0.00	129.81	0.00	0.00	0.00
1547	50.04	3100	2793	0.22	5194	0	0	3	61	607	0.00	0.00	0.02	49.95	49.96	0.00	80	80	0.00	0.00	129.84	0.00	0.00	0.00
1548	50.04	3100	2794	0.22	5273	0	2	8	70	662	0.00	0.00	0.03	49.94	49.96	0.00	80	80	0.00	0.00	129.82	0.00	0.00	0.00
1548	50.05	3100	2793	0.22	5347	0	0	8	58	733	0.00	0.01	0.04	49.91	49.95	0.00	80	80	0.00	0.00	129.69	0.00	0.00	0.00
1548	50.05	3100	2793	0.22	5234	0	0	12	70	658	0.00	0.00	0.06	49.89	49.95	0.00	80	80	0.00	0.00	129.86	0.00	0.00	0.00
1548	50.05	3100	2793	0.22	5343	0	0	10	53	742	0.00	0.00	0.02	49.94	49.95	0.00	80	80	0.00	0.00	129.84	0.00	0.00	0.00
1548	50.04	3100	2793	0.22	5296	0	0	8	65	720	0.00	0.00	0.04	49.92	49.96	0.00	80	80	0.00	0.00	129.81	0.00	0.00	0.00
1548	50.05	3100	2793	0.22	5346	0	4	12	77	702	0.00	0.00	0.05	49.91	49.95	0.00	80	80	0.00	0.00	129.74	0.00	0.00	0.00
1548	50.04	3100	2793	0.22	5226	0	5	12	65	630	0.00	0.00	0.03	49.94	49.96	0.00	80	80	0.00	0.00	129.83	0.00	0.00	0.00
1548	50.04	3100	2793	0.22	5307	0	0	14	57	683	0.00	0.00	0.02	49.94	49.96	0.00	80	80	0.00	0.00	129.97	0.00	0.00	0.00
1548	50.04	3100	2793	0.22	5325	0	0	8	63	705	0.00	0.00	0.02	49.94	49.96	0.00	80	80	0.00	0.00	130.03	0.00	0.00	0.00
1548	50.04	3100	2793	0.22	5282	0	0	6	78	695	0.00	0.00	0.14	49.83	49.96	0.00	80	80	0.00	0.00	129.84	0.00	0.00	0.00
1548	50.05	3100	2793	0.22	5275	0	0	6	69	717	0.00	0.00	0.04	49.92	49.95	0.00	80	80	0.00	0.00	129.93	0.00	0.00	0.00
1548	50.05	3100	2794	0.22	5323	0	2	7	79	743	0.00	0.00	0.05	49.92	49.95	0.00	80	80	0.00	0.00	129.95	0.00	0.00	0.00
1548	50.06	3100	2793	0.22	5357	0	1	12	65	757	0.00	0.00	0.02	49.93	49.94	0.00	80	80	0.00	0.00	129.81	0.00	0.00	0.00
1548	50.05	3100	2794	0.22	5316	0	2	12	69	743	0.00	0.00	0.04	49.92	49.95	0.00	81	80	0.00	0.00	129.95	0.00	0.00	0.00
1548	50.04	3100	2793	0.22	5271	0	4	8	67	674	0.00	0.00	0.05	49.91	49.96	0.00	80	81	0.00	0.00	130.07	0.00	0.00	0.00
1548	50.05	3100	2793	0.22	5285	0	4	4	66	698	0.00	0.00	0.04	49.91	49.95	0.00	80	80	0.00	0.00	129.91	0.00	0.00	0.00
1548	50.05	3100	2793	0.22	5382	0	4	5	62	780	0.00	0.00	0.01	49.95	49.95	0.00	80	81	0.00	0.00	129.94	0.00	0.00	0.00
1548	50.05	3100	2793	0.22	5388	0	0	6	66	781	0.00	0.00	0.03	49.93	49.95	0.00	80	81	0.00	0.00	130.02	0.00	0.00	0.00
1548	50.05	3100	2793	0.22	5372	0	0	6	73	781	0.00	0.00	0.05	49.91	49.95	0.00	80	81	0.00	0.00	129.96	0.00	0.00	0.00
1559	50.40	3100	2793	0.22	9047	0	0	4	62	727	0.00	0.00	0.06	49.54	49.60	0.00	81	81	0.00	0.00	129.86	0.00	0.00	0.00
1548	50.04	3100	2794	0.22	5419	0	2	11	76	802	0.00	0.00	0.02	49.95	49.96	0.00	81	81	0.00	0.00	129.98	0.00	0.00	0.00
1548	50.05	3100	2793	0.22	5339	0	3	8	75	776	0.00	0.00	0.03	49.93	49.95	0.00	80	81	0.00	0.00	130.00	0.00	0.00	0.00
1548	50.06	3100	2794	0.22	5341	0	2	11	72	760	0.00	0.00	0.04	49.91	49.94	0.00	81	81	0.00	0.00	130.00	0.00	0.00	0.00
1548	50.04	3100	2793	0.22	5300	0	4	4	90	691	0.00	0.00	0.14	49.82	49.96	0.00	81	80	0.00	0.00	129.87	0.00	0.00	0.00
1548	50.06	3100	2793	0.22	5530	0	4	9	73	941	0.00	0.01	0.02	49.92	49.94	0.00	81	81	0.00	0.00	130.02	0.00	0.00	0.00
1548	50.05	3100	2793	0.22	5418	0	2	9	60	837	0.00	0.00	0.04	49.92	49.95	0.00	81	81	0.00	0.00	129.92	0.00	0.00	0.00
1548	50.04	3100	2793	0.22	5329	0	2	8	63	714	0.00	0.01	0.03	49.92	49.96	0.00	81	81	0.00	0.00	130.04	0.00	0.00	0.00
1570	50.74	3100	2796	0.23	245	0	0	3	6	126	0.00	0.01	1.09	48.25	49.26	0.00	81	81	0.00	0.00	131.48	0.00	0.00	0.00
