Avg_MHz	Busy%	Bzy_MHz	TSC_MHz	IPC	IRQ	SMI	POLL	C1	C1E	C6	POLL%	C1%	C1E%	C6%	CPU%c1	CPU%c6	CoreTmp	PkgTmp	Pkg%pc2	Pkg%pc6	PkgWatt	RAMWatt	PKG_%	RAM_%
1	0.08	1371	2794	0.60	573	0	0	0	8	573	0.00	0.00	0.01	99.94	1.36	98.56	62	63	1.80	92.63	19.66	0.00	0.00	0.00
1	0.09	1261	2794	0.62	558	0	0	4	23	641	0.00	0.05	0.16	99.72	1.99	97.92	62	62	2.29	81.82	20.76	0.00	0.00	0.00
1	0.09	1237	2793	0.65	552	0	0	2	20	606	0.00	0.00	0.14	99.78	1.71	98.20	62	62	1.77	86.60	20.24	0.00	0.00	0.00
1	0.09	1212	2793	0.65	503	0	0	8	11	576	0.00	0.10	0.07	99.76	1.61	98.30	61	62	1.75	87.50	20.09	0.00	0.00	0.00
1	0.09	1202	2794	0.64	570	0	0	0	9	614	0.00	0.00	0.03	99.90	1.40	98.51	61	61	1.61	92.19	19.59	0.00	0.00	0.00
2	0.13	1219	2793	0.78	693	0	0	2	10	773	0.00	0.00	0.06	99.83	1.87	98.00	61	61	2.07	87.73	20.03	0.00	0.00	0.00
1	0.09	1202	2793	0.65	535	0	0	0	17	605	0.00	0.00	0.01	99.91	1.43	98.48	60	60	1.87	90.37	19.69	0.00	0.00	0.00
1	0.09	1201	2793	0.63	546	0	2	0	8	589	0.00	0.00	0.02	99.91	1.35	98.56	60	60	1.62	92.00	19.45	0.00	0.00	0.00
1	0.09	1200	2793	0.64	581	0	0	0	13	617	0.00	0.00	0.06	99.87	1.43	98.48	60	60	1.90	91.16	19.55	0.00	0.00	0.00
2	0.16	1214	2793	0.72	787	0	0	8	20	795	0.00	0.10	0.14	99.62	2.34	97.51	60	60	1.92	83.07	20.45	0.00	0.00	0.00
1	0.09	1200	2794	0.63	586	0	0	2	8	620	0.00	0.00	0.02	99.91	1.44	98.46	59	59	1.69	91.97	19.53	0.00	0.00	0.00
1	0.11	1201	2793	0.57	716	0	0	0	16	759	0.00	0.00	0.08	99.84	1.78	98.11	59	59	1.72	91.01	19.45	0.00	0.00	0.00
1	0.11	1212	2794	0.67	630	0	0	10	8	687	0.00	0.02	0.03	99.87	1.64	98.25	59	59	1.78	90.93	19.58	0.00	0.00	0.00
1	0.10	1211	2793	0.59	624	0	0	3	10	683	0.00	0.01	0.04	99.86	1.76	98.14	58	59	2.07	87.59	19.95	0.00	0.00	0.00
1	0.10	1202	2794	0.62	605	0	0	1	14	653	0.00	0.01	0.09	99.83	1.71	98.20	58	58	1.72	88.31	19.76	0.00	0.00	0.00
2	0.13	1231	2793	0.73	716	0	1	3	17	777	0.00	0.03	0.12	99.74	1.98	97.89	58	58	1.69	87.55	19.50	0.00	0.00	0.00
1	0.09	1212	2793	0.64	572	0	0	2	8	599	0.00	0.01	0.02	99.90	1.41	98.50	57	58	1.68	92.30	18.72	0.00	0.00	0.00
1	0.10	1212	2794	0.62	588	0	0	2	13	631	0.00	0.01	0.06	99.86	1.64	98.26	57	57	1.98	89.25	18.84	0.00	0.00	0.00
1	0.10	1212	2793	0.59	659	0	0	0	14	692	0.00	0.00	0.10	99.81	1.75	98.15	57	57	1.90	89.47	18.84	0.00	0.00	0.00
1	0.10	1228	2793	0.73	518	0	2	7	13	584	0.00	0.00	0.06	99.86	1.45	98.45	56	57	2.18	90.14	18.79	0.00	0.00	0.00
1	0.09	1209	2793	0.63	565	0	0	0	14	597	0.00	0.00	0.07	99.86	1.45	98.46	56	56	1.73	91.56	18.45	0.00	0.00	0.00
1	0.08	1210	2794	0.68	462	0	0	0	8	506	0.00	0.00	0.05	99.89	1.35	98.57	56	56	1.85	89.81	18.63	0.00	0.00	0.00
1	0.10	1220	2794	0.59	655	0	0	0	19	717	0.00	0.00	0.10	99.82	1.83	98.07	56	56	1.92	88.21	18.96	0.00	0.00	0.00
1	0.10	1220	2793	0.59	651	0	0	0	13	703	0.00	0.00	0.06	99.85	1.70	98.20	55	56	1.75	91.05	18.49	0.00	0.00	0.00
1	0.12	1210	2793	0.62	753	0	0	18	9	795	0.00	0.12	0.03	99.76	2.14	97.74	55	55	1.95	86.70	19.06	0.00	0.00	0.00
1	0.11	1211	2794	0.75	590	0	0	0	9	640	0.00	0.00	0.02	99.90	1.56	98.33	55	56	1.69	90.70	18.51	0.00	0.00	0.00
1	0.12	1217	2793	0.63	698	0	3	14	4	746	0.00	0.03	0.01	99.86	1.76	98.13	55	55	1.90	90.84	18.45	0.00	0.00	0.00
1	0.10	1219	2793	0.55	693	0	0	0	12	744	0.00	0.00	0.05	99.87	1.65	98.25	54	55	1.62	91.96	18.32	0.00	0.00	0.00
1	0.11	1218	2794	0.65	669	0	0	0	12	731	0.00	0.00	0.06	99.86	1.82	98.07	54	55	2.20	87.70	18.83	0.00	0.00	0.00
1	0.11	1219	2793	0.55	771	0	2	2	24	803	0.00	0.00	0.21	99.70	2.25	97.63	54	55	1.77	87.41	18.89	0.00	0.00	0.00
2	0.13	1229	2794	0.63	734	0	1	19	16	800	0.00	0.04	0.05	99.82	1.94	97.93	54	54	2.00	87.82	18.83	0.00	0.00	0.00
1	0.11	1210	2793	0.54	717	0	0	2	8	755	0.00	0.01	0.04	99.86	1.77	98.12	54	54	1.81	91.13	18.39	0.00	0.00	0.00
1	0.11	1204	2794	0.54	769	0	0	0	7	797	0.00	0.00	0.03	99.89	1.77	98.12	54	54	1.87	90.93	18.47	0.00	0.00	0.00
1	0.11	1219	2793	0.56	677	0	0	0	13	754	0.00	0.00	0.07	99.84	1.76	98.13	53	54	1.58	90.02	18.54	0.00	0.00	0.00
2	0.17	1278	2794	0.86	881	0	61	95	22	753	0.00	0.15	0.05	99.66	2.09	97.74	53	53	1.59	87.63	18.83	0.00	0.00	0.00
1	0.12	1217	2793	0.69	744	0	0	3	14	796	0.00	0.00	0.10	99.79	1.96	97.91	53	53	1.80	87.95	18.76	0.00	0.00	0.00
1	0.10	1211	2793	0.60	640	0	0	2	11	670	0.00	0.01	0.05	99.87	1.61	98.29	52	53	2.24	89.51	18.58	0.00	0.00	0.00
2	0.17	1259	2793	0.83	873	0	65	113	14	812	0.00	0.18	0.10	99.57	2.37	97.46	52	53	1.73	85.34	19.09	0.00	0.00	0.00
1	0.11	1211	2793	0.58	694	0	0	0	11	747	0.00	0.00	0.05	99.88	1.72	98.18	52	53	1.86	91.44	18.34	0.00	0.00	0.00
2	0.17	1261	2793	0.79	929	0	59	63	25	908	0.00	0.07	0.17	99.61	2.47	97.36	52	52	1.86	86.80	18.93	0.00	0.00	0.00
1	0.10	1208	2793	0.59	656	0	0	0	8	698	0.00	0.00	0.03	99.89	1.64	98.26	52	52	1.84	90.69	18.43	0.00	0.00	0.00
1	0.11	1201	2794	0.56	747	0	0	3	31	784	0.00	0.00	0.21	99.71	2.16	97.73	52	52	1.71	84.65	19.11	0.00	0.00	0.00
2	0.16	1270	2793	0.89	868	0	167	77	11	720	0.00	0.06	0.07	99.73	1.90	97.93	51	52	1.90	88.67	18.65	0.00	0.00	0.00
1	0.11	1219	2793	0.53	753	0	0	2	12	790	0.00	0.01	0.03	99.87	1.78	98.11	51	52	1.64	91.80	18.25	0.00	0.00	0.00
1	0.11	1211	2794	0.58	700	0	1	9	22	765	0.00	0.11	0.14	99.67	2.16	97.73	51	52	1.77	84.16	19.11	0.00	0.00	0.00
1	0.11	1226	2793	0.73	635	0	0	0	13	709	0.00	0.00	0.02	99.88	1.59	98.30	51	51	1.65	91.24	18.28	0.00	0.00	0.00
1	0.10	1221	2794	0.59	628	0	0	3	8	710	0.00	0.02	0.02	99.89	1.69	98.21	51	51	1.76	90.39	18.41	0.00	0.00	0.00
1	0.12	1219	2793	0.65	708	0	6	25	18	767	0.00	0.03	0.13	99.74	2.05	97.83	50	51	1.78	86.73	18.82	0.00	0.00	0.00
1	0.11	1211	2793	0.57	704	0	0	15	8	730	0.00	0.17	0.04	99.71	2.02	97.88	50	51	1.98	86.15	18.89	0.00	0.00	0.00
3	0.20	1253	2794	0.79	1093	0	352	102	18	905	0.00	0.03	0.11	99.71	2.35	97.44	50	51	1.77	86.65	18.85	0.00	0.00	0.00
1	0.09	1241	2793	0.64	552	0	0	0	17	586	0.00	0.00	0.11	99.80	1.51	98.40	50	50	1.58	90.94	18.33	0.00	0.00	0.00
1	0.09	1212	2793	0.62	543	0	0	0	13	600	0.00	0.00	0.07	99.86	1.45	98.46	50	51	1.64	92.02	18.21	0.00	0.00	0.00
2	0.18	1270	2793	0.77	1047	0	212	52	11	901	0.00	0.01	0.02	99.81	2.19	97.63	49	50	2.02	87.66	18.75	0.00	0.00	0.00
1	0.10	1211	2794	0.57	658	0	0	1	7	724	0.00	0.00	0.02	99.91	1.68	98.21	50	50	1.78	91.80	18.25	0.00	0.00	0.00
2	0.18	1265	2793	0.90	964	0	196	83	45	790	0.00	0.23	0.31	99.30	2.89	96.92	49	50	1.75	79.42	19.72	0.00	0.00	0.00
1	0.09	1212	2794	0.63	548	0	0	0	20	586	0.00	0.00	0.09	99.84	1.43	98.48	49	50	1.59	92.46	18.15	0.00	0.00	0.00
1	0.12	1248	2793	0.64	701	0	0	0	10	770	0.00	0.00	0.04	99.86	1.90	97.98	49	49	2.36	88.01	18.71	0.00	0.00	0.00
1	0.10	1210	2793	0.56	670	0	0	2	4	719	0.00	0.02	0.00	99.90	1.67	98.23	49	50	2.02	90.61	18.37	0.00	0.00	0.00
1	0.09	1207	2793	0.63	595	0	0	2	14	622	0.00	0.00	0.09	99.84	1.54	98.36	49	49	1.80	90.62	18.35	0.00	0.00	0.00
1	0.11	1211	2793	0.55	726	0	0	2	24	769	0.00	0.01	0.21	99.70	2.13	97.76	49	49	1.72	85.73	18.93	0.00	0.00	0.00
1	0.11	1212	2794	0.55	773	0	0	0	38	798	0.00	0.00	0.36	99.56	2.42	97.47	48	49	1.66	82.16	19.34	0.00	0.00	0.00
2	0.17	1292	2793	0.79	982	0	269	53	16	835	0.00	0.10	0.03	99.71	2.14	97.69	48	49	1.64	89.45	18.51	0.00	0.00	0.00
1	0.08	1214	2793	0.71	444	0	0	1	10	488	0.00	0.01	0.06	99.86	1.29	98.64	48	49	1.56	91.42	18.22	0.00	0.00	0.00
2	0.18	1256	2793	0.81	942	0	254	89	15	795	0.00	0.07	0.06	99.72	2.05	97.77	48	49	1.68	90.37	18.41	0.00	0.00	0.00
3	0.21	1270	2793	0.91	1080	0	340	94	12	824	0.00	0.08	0.07	99.66	2.31	97.48	48	48	2.05	85.03	19.03	0.00	0.00	0.00
1	0.11	1214	2794	0.67	654	0	0	20	27	704	0.00	0.10	0.22	99.60	2.28	97.61	48	48	1.70	82.52	19.30	0.00	0.00	0.00
1	0.10	1222	2793	0.57	690	0	0	0	13	714	0.00	0.00	0.07	99.85	1.67	98.23	47	48	1.73	92.16	18.20	0.00	0.00	0.00
1	0.09	1213	2793	0.61	580	0	0	0	28	617	0.00	0.00	0.28	99.65	1.90	98.01	47	48	1.70	85.78	18.91	0.00	0.00	0.00
2	0.18	1254	2793	0.80	989	0	258	84	14	833	0.00	0.04	0.05	99.76	2.22	97.60	47	48	1.94	87.49	18.76	0.00	0.00	0.00
1	0.11	1201	2794	0.66	650	0	0	0	6	701	0.00	0.00	0.01	99.92	1.60	98.29	47	48	1.65	92.42	18.17	0.00	0.00	0.00
1	0.10	1211	2793	0.60	627	0	0	4	3	668	0.00	0.01	0.00	99.90	1.48	98.42	47	47	1.56	92.66	18.11	0.00	0.00	0.00
1	0.09	1212	2793	0.60	596	0	1	0	20	634	0.00	0.00	0.14	99.79	1.61	98.30	47	47	1.92	89.11	18.52	0.00	0.00	0.00
2	0.17	1286	2793	0.84	895	0	201	60	14	770	0.00	0.02	0.07	99.77	2.04	97.79	47	47	1.93	87.73	18.73	0.00	0.00	0.00
1	0.12	1210	2793	0.51	797	0	0	0	31	812	0.00	0.00	0.29	99.62	2.35	97.53	46	47	1.55	83.68	19.18	0.00	0.00	0.00
3	0.22	1250	2794	0.88	1137	0	347	72	22	876	0.00	0.03	0.15	99.63	2.43	97.35	47	47	1.89	85.69	18.99	0.00	0.00	0.00
1	0.09	1213	2793	0.64	548	0	0	0	9	592	0.00	0.00	0.06	99.88	1.37	98.54	46	47	1.56	92.88	18.11	0.00	0.00	0.00
1	0.11	1211	2793	0.56	735	0	0	2	5	768	0.00	0.00	0.03	99.89	1.84	98.05	46	46	1.96	89.80	18.49	0.00	0.00	0.00
1	0.11	1232	2793	0.62	650	0	0	6	13	707	0.00	0.01	0.03	99.87	1.65	98.24	46	47	1.94	90.85	18.36	0.00	0.00	0.00
1	0.10	1214	2794	0.61	611	0	0	0	8	642	0.00	0.00	0.04	99.89	1.40	98.50	46	46	1.44	93.93	17.97	0.00	0.00	0.00
1	0.09	1222	2793	0.59	611	0	0	0	7	646	0.00	0.00	0.03	99.89	1.49	98.42	46	46	1.59	93.30	18.04	0.00	0.00	0.00
1	0.10	1203	2793	0.60	642	0	0	0	12	670	0.00	0.00	0.07	99.85	1.69	98.21	46	46	1.87	89.88	18.46	0.00	0.00	0.00
1	0.10	1202	2794	0.58	678	0	0	1	9	729	0.00	0.00	0.02	99.90	1.66	98.24	46	46	1.71	91.46	18.28	0.00	0.00	0.00
2	0.15	1220	2793	0.67	827	0	194	122	7	700	0.00	0.03	0.02	99.83	1.80	98.05	46	46	1.82	89.36	18.51	0.00	0.00	0.00
1	0.09	1215	2793	0.63	531	0	0	0	11	562	0.00	0.00	0.06	99.88	1.34	98.58	45	46	1.67	93.22	18.06	0.00	0.00	0.00
1	0.10	1235	2793	0.77	616	0	0	0	7	645	0.00	0.00	0.04	99.87	1.55	98.34	45	46	1.87	90.95	18.32	0.00	0.00	0.00
1	0.10	1211	2793	0.57	670	0	1	0	6	719	0.00	0.00	0.01	99.92	1.56	98.34	45	46	1.63	92.44	18.17	0.00	0.00	0.00
1	0.10	1213	2793	0.59	657	0	0	0	13	687	0.00	0.00	0.06	99.86	1.63	98.27	45	46	1.88	91.38	18.29	0.00	0.00	0.00
1	0.09	1212	2793	0.64	540	0	1	0	10	588	0.00	0.00	0.05	99.88	1.45	98.46	45	46	1.90	90.98	18.30	0.00	0.00	0.00
1	0.10	1211	2794	0.58	673	0	0	0	9	708	0.00	0.00	0.03	99.89	1.68	98.22	45	46	2.03	90.47	18.39	0.00	0.00	0.00
1	0.09	1212	2793	0.61	568	0	0	1	7	612	0.00	0.00	0.01	99.93	1.35	98.56	45	45	1.74	92.96	18.07	0.00	0.00	0.00
1	0.09	1212	2793	0.65	542	0	0	2	5	582	0.00	0.01	0.03	99.89	1.41	98.50	44	45	1.62	92.54	18.10	0.00	0.00	0.00
1	0.09	1214	2793	0.62	568	0	0	0	8	616	0.00	0.00	0.03	99.90	1.51	98.40	45	45	1.81	91.16	18.25	0.00	0.00	0.00
1	0.10	1215	2793	0.60	657	0	0	0	12	697	0.00	0.00	0.04	99.88	1.75	98.15	44	45	2.09	88.02	18.64	0.00	0.00	0.00
1	0.09	1212	2793	0.62	579	0	0	1	7	630	0.00	0.00	0.01	99.91	1.54	98.36	44	45	1.83	90.30	18.37	0.00	0.00	0.00
1	0.11	1210	2793	0.73	675	0	0	0	9	715	0.00	0.00	0.04	99.87	1.70	98.19	45	45	1.88	90.16	18.40	0.00	0.00	0.00
1	0.09	1212	2793	0.64	528	0	0	0	9	575	0.00	0.00	0.03	99.91	1.35	98.56	44	45	1.62	93.21	18.01	0.00	0.00	0.00
1	0.10	1212	2793	0.60	629	0	0	1	8	659	0.00	0.00	0.04	99.88	1.57	98.33	44	45	1.74	91.83	18.21	0.00	0.00	0.00
1	0.09	1206	2794	0.62	555	0	0	1	8	592	0.00	0.00	0.01	99.93	1.39	98.52	44	44	1.64	93.60	17.97	0.00	0.00	0.00
1	0.11	1201	2793	0.65	638	0	0	0	11	677	0.00	0.00	0.07	99.85	1.82	98.08	44	44	1.68	91.14	18.29	0.00	0.00	0.00
2	0.20	1204	2793	1.01	842	0	17	28	13	965	0.00	0.28	0.03	99.53	3.01	96.80	43	45	1.72	78.80	19.77	0.00	0.00	0.00
1	0.09	1202	2793	0.65	570	0	0	0	9	609	0.00	0.00	0.03	99.90	1.52	98.39	43	44	1.80	90.32	18.38	0.00	0.00	0.00
2	0.16	1281	2794	0.94	772	0	321	78	13	568	0.00	0.03	0.01	99.82	1.41	98.43	43	44	1.72	90.98	18.29	0.00	0.00	0.00
1	0.09	1221	2793	0.66	534	0	0	0	5	570	0.00	0.00	0.03	99.89	1.33	98.58	43	44	1.67	91.56	18.22	0.00	0.00	0.00
1	0.09	1213	2793	0.64	563	0	0	1	12	601	0.00	0.01	0.06	99.87	1.48	98.43	43	44	1.70	91.04	18.29	0.00	0.00	0.00
1	0.11	1212	2793	0.78	595	0	0	2	8	631	0.00	0.01	0.03	99.87	1.56	98.33	43	44	2.11	88.58	18.54	0.00	0.00	0.00
1	0.09	1206	2794	0.65	540	0	0	1	8	598	0.00	0.00	0.01	99.92	1.37	98.54	43	43	1.57	92.78	18.08	0.00	0.00	0.00
1	0.09	1217	2793	0.63	589	0	0	1	16	617	0.00	0.00	0.07	99.85	1.52	98.39	43	43	2.08	90.80	18.28	0.00	0.00	0.00
1	0.10	1204	2794	0.59	634	0	0	0	14	685	0.00	0.00	0.07	99.87	1.67	98.24	43	43	1.93	90.45	18.36	0.00	0.00	0.00
2	0.16	1212	2793	0.78	781	0	0	0	13	913	0.00	0.00	0.03	99.83	2.43	97.41	43	43	2.13	84.54	19.03	0.00	0.00	0.00
1	0.10	1211	2794	0.57	683	0	0	0	8	723	0.00	0.00	0.01	99.91	1.60	98.30	43	43	1.79	92.09	18.16	0.00	0.00	0.00
1	0.10	1211	2793	0.60	617	0	0	0	3	665	0.00	0.00	0.00	99.92	1.61	98.29	43	43	1.77	90.93	18.29	0.00	0.00	0.00
1	0.12	1225	2793	0.60	738	0	0	13	14	798	0.00	0.12	0.05	99.73	2.20	97.68	43	43	1.85	85.35	18.96	0.00	0.00	0.00
1	0.09	1207	2794	0.63	587	0	0	0	10	630	0.00	0.00	0.05	99.89	1.56	98.35	43	43	1.88	90.18	18.38	0.00	0.00	0.00
1	0.08	1207	2793	0.67	472	0	0	0	3	510	0.00	0.00	0.00	99.93	1.13	98.79	42	43	1.61	93.61	17.97	0.00	0.00	0.00
2	0.13	1206	2794	0.78	586	0	0	1	10	621	0.00	0.00	0.07	99.84	1.85	98.02	42	43	1.63	91.65	18.25	0.00	0.00	0.00
