Avg_MHz	Busy%	Bzy_MHz	TSC_MHz	IPC	IRQ	SMI	POLL	C1	C1E	C6	POLL%	C1%	C1E%	C6%	CPU%c1	CPU%c6	CoreTmp	PkgTmp	Pkg%pc2	Pkg%pc6	PkgWatt	RAMWatt	PKG_%	RAM_%
119	3.19	3731	2794	0.32	853	0	0	0	7	539	0.00	0.00	0.01	96.80	5.79	91.01	68	70	0.00	0.00	56.22	0.00	0.00	0.00
119	3.20	3717	2793	0.31	926	0	0	0	9	735	0.00	0.00	0.01	96.80	6.39	90.41	68	70	0.00	0.00	56.24	0.00	0.00	0.00
119	3.21	3706	2794	0.31	975	0	0	3	9	808	0.00	0.01	0.04	96.77	6.81	89.98	67	69	0.00	0.00	56.20	0.00	0.00	0.00
119	3.19	3723	2793	0.31	927	0	0	0	4	740	0.00	0.00	0.00	96.81	6.35	90.46	68	70	0.00	0.00	56.18	0.00	0.00	0.00
119	3.19	3726	2793	0.31	814	0	0	0	8	635	0.00	0.00	0.05	96.76	6.02	90.79	68	70	0.00	0.00	56.25	0.00	0.00	0.00
119	3.18	3739	2793	0.31	681	0	0	3	11	483	0.00	0.00	0.05	96.77	5.40	91.42	68	69	0.00	0.00	56.11	0.00	0.00	0.00
119	3.20	3714	2794	0.31	894	0	0	0	14	702	0.00	0.00	0.05	96.76	6.42	90.38	67	70	0.00	0.00	56.21	0.00	0.00	0.00
119	3.20	3716	2793	0.31	894	0	0	0	5	716	0.00	0.00	0.01	96.80	6.52	90.28	68	69	0.00	0.00	56.14	0.00	0.00	0.00
119	3.19	3731	2793	0.31	720	0	0	0	6	532	0.00	0.00	0.03	96.79	5.79	91.03	67	70	0.00	0.00	56.10	0.00	0.00	0.00
119	3.20	3716	2793	0.31	859	0	0	0	6	683	0.00	0.00	0.03	96.78	6.38	90.42	67	69	0.00	0.00	56.17	0.00	0.00	0.00
119	3.20	3716	2793	0.31	874	0	0	0	11	697	0.00	0.00	0.04	96.76	6.50	90.30	67	70	0.00	0.00	56.18	0.00	0.00	0.00
119	3.19	3723	2794	0.31	808	0	0	2	8	620	0.00	0.00	0.02	96.80	6.18	90.63	67	69	0.00	0.00	56.16	0.00	0.00	0.00
119	3.19	3734	2794	0.31	719	0	0	0	9	528	0.00	0.00	0.05	96.78	5.58	91.23	67	69	0.00	0.00	56.07	0.00	0.00	0.00
119	3.19	3733	2793	0.31	752	0	0	0	4	565	0.00	0.00	0.02	96.80	5.62	91.19	67	70	0.00	0.00	56.14	0.00	0.00	0.00
119	3.20	3719	2793	0.31	883	0	0	1	6	697	0.00	0.00	0.01	96.79	6.21	90.59	67	69	0.00	0.00	56.09	0.00	0.00	0.00
119	3.19	3720	2794	0.31	831	0	0	1	8	639	0.00	0.00	0.01	96.81	6.11	90.70	67	69	0.00	0.00	56.13	0.00	0.00	0.00
119	3.20	3711	2794	0.31	966	0	0	0	11	778	0.00	0.00	0.04	96.78	6.67	90.13	67	69	0.00	0.00	56.08	0.00	0.00	0.00
119	3.19	3728	2793	0.31	776	0	1	0	13	584	0.00	0.00	0.07	96.75	6.02	90.79	67	69	0.00	0.00	56.16	0.00	0.00	0.00
119	3.19	3727	2793	0.31	786	0	0	9	13	580	0.00	0.10	0.12	96.59	6.30	90.51	67	69	0.00	0.00	56.18	0.00	0.00	0.00
119	3.19	3724	2793	0.31	855	0	0	2	11	660	0.00	0.00	0.01	96.81	6.12	90.69	66	69	0.00	0.00	56.16	0.00	0.00	0.00
119	3.21	3712	2794	0.31	937	0	0	0	12	747	0.00	0.00	0.05	96.76	6.55	90.24	66	69	0.00	0.00	56.12	0.00	0.00	0.00
119	3.20	3709	2793	0.31	996	0	0	1	6	802	0.00	0.00	0.02	96.78	6.81	89.99	67	69	0.00	0.00	56.17	0.00	0.00	0.00
119	3.19	3723	2794	0.31	828	0	0	1	7	637	0.00	0.01	0.03	96.78	6.12	90.69	67	68	0.00	0.00	56.10	0.00	0.00	0.00
119	3.21	3708	2793	0.31	880	0	0	5	10	707	0.00	0.02	0.03	96.76	6.45	90.34	66	69	0.00	0.00	56.11	0.00	0.00	0.00
119	3.20	3717	2793	0.31	793	0	0	0	14	623	0.00	0.00	0.05	96.75	6.03	90.77	67	68	0.00	0.00	56.12	0.00	0.00	0.00
119	3.20	3709	2794	0.31	979	0	0	0	13	786	0.00	0.00	0.05	96.77	6.83	89.97	66	68	0.00	0.00	56.09	0.00	0.00	0.00
118	3.20	3714	2794	0.31	924	0	0	0	12	728	0.00	0.00	0.07	96.75	6.66	90.15	66	68	0.00	0.00	56.15	0.00	0.00	0.00
119	3.19	3724	2793	0.31	810	0	0	0	7	637	0.00	0.00	0.03	96.79	6.18	90.63	65	68	0.00	0.00	56.09	0.00	0.00	0.00
119	3.20	3719	2793	0.31	859	0	0	1	7	674	0.00	0.00	0.04	96.77	6.39	90.42	66	68	0.00	0.00	56.10	0.00	0.00	0.00
119	3.19	3721	2793	0.31	827	0	0	1	9	644	0.00	0.00	0.05	96.76	6.24	90.56	66	68	0.00	0.00	56.12	0.00	0.00	0.00
119	3.20	3720	2793	0.32	841	0	0	0	14	645	0.00	0.00	0.07	96.73	6.29	90.51	66	68	0.00	0.00	56.15	0.00	0.00	0.00
118	3.20	3716	2794	0.31	846	0	0	0	10	663	0.00	0.00	0.03	96.79	6.26	90.55	66	68	0.00	0.00	56.18	0.00	0.00	0.00
119	3.20	3712	2793	0.31	973	0	0	0	6	787	0.00	0.00	0.02	96.80	6.67	90.13	66	68	0.00	0.00	56.16	0.00	0.00	0.00
119	3.19	3730	2793	0.31	763	0	0	0	10	580	0.00	0.00	0.06	96.76	5.84	90.97	66	68	0.00	0.00	56.22	0.00	0.00	0.00
119	3.19	3731	2793	0.31	725	0	0	2	12	531	0.00	0.00	0.05	96.76	5.79	91.03	66	68	0.00	0.00	56.11	0.00	0.00	0.00
119	3.20	3710	2794	0.31	941	0	0	1	6	757	0.00	0.00	0.01	96.81	6.54	90.26	66	68	0.00	0.00	56.16	0.00	0.00	0.00
119	3.20	3719	2794	0.31	895	0	0	0	8	703	0.00	0.00	0.01	96.81	6.20	90.60	66	68	0.00	0.00	56.12	0.00	0.00	0.00
119	3.19	3723	2793	0.31	870	0	0	0	10	677	0.00	0.00	0.05	96.76	6.15	90.66	65	68	0.00	0.00	56.19	0.00	0.00	0.00
119	3.19	3729	2793	0.31	750	0	0	0	13	555	0.00	0.00	0.05	96.77	5.98	90.83	65	68	0.00	0.00	56.23	0.00	0.00	0.00
119	3.20	3713	2794	0.31	959	0	0	0	12	764	0.00	0.00	0.02	96.80	6.59	90.21	65	67	0.00	0.00	56.16	0.00	0.00	0.00
119	3.21	3705	2793	0.31	972	0	0	0	12	785	0.00	0.00	0.04	96.76	6.83	89.96	65	68	0.00	0.00	56.16	0.00	0.00	0.00
119	3.20	3710	2793	0.31	984	0	0	0	7	788	0.00	0.00	0.03	96.77	6.72	90.07	65	67	0.00	0.00	56.17	0.00	0.00	0.00
119	3.19	3729	2793	0.31	732	0	0	0	5	542	0.00	0.00	0.02	96.80	5.92	90.90	65	68	0.00	0.00	56.09	0.00	0.00	0.00
119	3.19	3730	2793	0.31	755	0	0	0	8	566	0.00	0.00	0.01	96.81	5.91	90.90	65	67	0.00	0.00	56.16	0.00	0.00	0.00
119	3.20	3713	2794	0.31	937	0	0	2	10	745	0.00	0.01	0.04	96.76	6.46	90.34	65	68	0.00	0.00	56.10	0.00	0.00	0.00
119	3.20	3714	2793	0.31	940	0	0	0	9	754	0.00	0.00	0.04	96.77	6.66	90.14	65	67	0.00	0.00	56.16	0.00	0.00	0.00
119	3.18	3735	2793	0.31	674	0	0	1	6	478	0.00	0.00	0.02	96.81	5.61	91.21	65	67	0.00	0.00	56.09	0.00	0.00	0.00
119	3.20	3717	2793	0.31	912	0	0	1	5	730	0.00	0.00	0.02	96.80	6.48	90.32	65	67	0.00	0.00	56.11	0.00	0.00	0.00
119	3.19	3728	2793	0.31	774	0	0	0	8	585	0.00	0.00	0.04	96.76	6.00	90.82	65	67	0.00	0.00	56.09	0.00	0.00	0.00
119	3.19	3726	2794	0.31	780	0	0	0	10	587	0.00	0.00	0.04	96.79	5.92	90.89	64	66	0.00	0.00	56.18	0.00	0.00	0.00
119	3.21	3713	2793	0.32	936	0	0	1	6	762	0.00	0.00	0.01	96.80	6.66	90.13	64	67	0.00	0.00	56.17	0.00	0.00	0.00
119	3.19	3729	2794	0.31	778	0	0	0	10	587	0.00	0.00	0.03	96.79	5.82	90.99	65	66	0.00	0.00	56.09	0.00	0.00	0.00
119	3.19	3724	2793	0.31	824	0	0	1	7	634	0.00	0.00	0.03	96.78	6.11	90.70	64	67	0.00	0.00	56.08	0.00	0.00	0.00
118	3.20	3715	2793	0.31	899	0	0	0	9	714	0.00	0.00	0.04	96.77	6.68	90.13	65	67	0.00	0.00	56.11	0.00	0.00	0.00
119	3.20	3708	2793	0.31	985	0	0	1	16	789	0.00	0.00	0.11	96.70	6.88	89.92	64	67	0.00	0.00	56.09	0.00	0.00	0.00
119	3.22	3692	2793	0.31	1074	0	0	0	11	903	0.00	0.00	0.05	96.74	7.26	89.52	64	67	0.00	0.00	56.18	0.00	0.00	0.00
119	3.19	3726	2794	0.31	803	0	0	0	5	609	0.00	0.00	0.03	96.79	5.95	90.86	65	66	0.00	0.00	56.15	0.00	0.00	0.00
119	3.20	3717	2793	0.31	906	0	0	0	10	716	0.00	0.00	0.02	96.79	6.60	90.21	64	67	0.00	0.00	56.12	0.00	0.00	0.00
119	3.20	3718	2794	0.31	843	0	0	2	9	650	0.00	0.00	0.01	96.81	6.19	90.62	64	67	0.00	0.00	56.17	0.00	0.00	0.00
119	3.20	3717	2793	0.31	912	0	0	2	6	718	0.00	0.01	0.01	96.80	6.45	90.36	64	67	0.00	0.00	56.09	0.00	0.00	0.00
119	3.20	3727	2793	0.31	806	0	0	1	4	624	0.00	0.00	0.02	96.79	6.05	90.76	65	66	0.00	0.00	56.11	0.00	0.00	0.00
119	3.20	3717	2793	0.31	878	0	0	0	5	692	0.00	0.00	0.02	96.80	6.55	90.26	64	67	0.00	0.00	56.19	0.00	0.00	0.00
119	3.19	3733	2793	0.31	724	0	0	0	7	535	0.00	0.00	0.01	96.81	5.58	91.23	64	67	0.00	0.00	56.07	0.00	0.00	0.00
118	3.20	3709	2794	0.31	958	0	0	0	12	776	0.00	0.00	0.01	96.80	6.71	90.09	64	66	0.00	0.00	56.17	0.00	0.00	0.00
119	3.20	3719	2793	0.31	882	0	0	0	5	695	0.00	0.00	0.02	96.80	6.28	90.53	64	67	0.00	0.00	56.11	0.00	0.00	0.00
119	3.19	3724	2793	0.31	841	0	0	0	8	646	0.00	0.00	0.04	96.78	6.24	90.57	64	66	0.00	0.00	56.11	0.00	0.00	0.00
119	3.19	3726	2794	0.31	768	0	0	0	4	583	0.00	0.00	0.00	96.82	5.95	90.86	64	67	0.00	0.00	56.15	0.00	0.00	0.00
119	3.19	3725	2793	0.31	832	0	0	0	10	638	0.00	0.00	0.04	96.77	6.15	90.66	64	66	0.00	0.00	56.10	0.00	0.00	0.00
119	3.20	3718	2793	0.31	857	0	0	0	10	670	0.00	0.00	0.05	96.76	6.31	90.50	64	67	0.00	0.00	56.16	0.00	0.00	0.00
119	3.21	3705	2793	0.31	1052	0	1	2	7	854	0.00	0.00	0.02	96.79	6.88	89.91	64	66	0.00	0.00	56.14	0.00	0.00	0.00
119	3.19	3733	2793	0.31	714	0	0	1	3	530	0.00	0.00	0.00	96.81	5.76	91.05	64	67	0.00	0.00	56.16	0.00	0.00	0.00
119	3.19	3724	2793	0.31	824	0	0	0	8	644	0.00	0.00	0.02	96.79	6.21	90.60	64	67	0.00	0.00	56.13	0.00	0.00	0.00
119	3.19	3723	2794	0.31	824	0	0	0	12	636	0.00	0.00	0.06	96.77	6.26	90.55	64	66	0.00	0.00	56.18	0.00	0.00	0.00
118	3.20	3711	2793	0.31	948	0	0	2	12	751	0.00	0.00	0.03	96.77	6.77	90.03	64	67	0.00	0.00	56.12	0.00	0.00	0.00
119	3.20	3710	2793	0.31	1004	0	0	1	8	812	0.00	0.00	0.02	96.78	6.77	90.03	64	66	0.00	0.00	56.07	0.00	0.00	0.00
119	3.19	3725	2794	0.31	812	0	0	0	7	621	0.00	0.00	0.04	96.79	6.12	90.69	64	66	0.00	0.00	56.18	0.00	0.00	0.00
119	3.19	3729	2793	0.31	793	0	2	0	6	600	0.00	0.00	0.04	96.77	5.79	91.02	64	66	0.00	0.00	56.10	0.00	0.00	0.00
119	3.19	3725	2793	0.31	851	0	0	0	6	656	0.00	0.00	0.01	96.81	6.08	90.73	64	66	0.00	0.00	56.15	0.00	0.00	0.00
119	3.20	3722	2793	0.31	888	0	0	0	6	687	0.00	0.00	0.01	96.81	6.12	90.68	64	66	0.00	0.00	56.10	0.00	0.00	0.00
119	3.20	3721	2794	0.31	880	0	0	0	8	683	0.00	0.00	0.03	96.78	6.18	90.62	64	66	0.00	0.00	56.17	0.00	0.00	0.00
119	3.19	3733	2793	0.31	705	0	0	1	8	518	0.00	0.00	0.04	96.77	5.52	91.29	64	65	0.00	0.00	56.15	0.00	0.00	0.00
118	3.19	3722	2794	0.31	815	0	0	0	10	617	0.00	0.00	0.05	96.77	6.24	90.57	63	66	0.00	0.00	56.12	0.00	0.00	0.00
119	3.20	3716	2793	0.31	886	0	0	0	6	701	0.00	0.00	0.01	96.81	6.28	90.53	64	66	0.00	0.00	56.17	0.00	0.00	0.00
119	3.20	3711	2793	0.31	966	0	0	1	14	775	0.00	0.00	0.12	96.69	6.82	89.98	63	66	0.00	0.00	56.13	0.00	0.00	0.00
119	3.20	3715	2794	0.31	817	0	0	2	8	645	0.00	0.00	0.04	96.77	6.19	90.61	64	66	0.00	0.00	56.16	0.00	0.00	0.00
119	3.19	3719	2793	0.31	854	0	0	0	14	664	0.00	0.00	0.11	96.69	6.48	90.32	64	66	0.00	0.00	56.19	0.00	0.00	0.00
119	3.19	3728	2794	0.31	781	0	0	2	7	588	0.00	0.00	0.01	96.81	5.76	91.05	63	66	0.00	0.00	56.18	0.00	0.00	0.00
119	3.21	3704	2793	0.31	951	0	0	0	9	773	0.00	0.00	0.02	96.78	6.81	89.98	63	65	0.00	0.00	56.12	0.00	0.00	0.00
119	3.19	3724	2793	0.31	793	0	0	0	4	604	0.00	0.00	0.02	96.80	5.91	90.90	63	66	0.00	0.00	56.14	0.00	0.00	0.00
119	3.20	3721	2793	0.31	859	0	0	2	7	668	0.00	0.01	0.03	96.76	6.30	90.50	64	65	0.00	0.00	56.16	0.00	0.00	0.00
118	3.20	3708	2793	0.31	958	0	0	1	6	771	0.00	0.00	0.01	96.80	6.87	89.93	63	66	0.00	0.00	56.08	0.00	0.00	0.00
118	3.21	3705	2794	0.31	994	0	0	2	9	808	0.00	0.01	0.02	96.78	6.84	89.95	63	66	0.00	0.00	56.16	0.00	0.00	0.00
118	3.19	3717	2793	0.31	837	0	0	2	7	655	0.00	0.00	0.03	96.79	6.38	90.42	63	65	0.00	0.00	56.08	0.00	0.00	0.00
119	3.20	3707	2793	0.31	1010	0	0	0	6	819	0.00	0.00	0.00	96.80	6.83	89.97	63	65	0.00	0.00	56.19	0.00	0.00	0.00
119	3.19	3727	2793	0.31	827	0	0	1	3	643	0.00	0.00	0.00	96.81	6.00	90.81	63	66	0.00	0.00	56.09	0.00	0.00	0.00
119	3.19	3721	2793	0.31	849	0	0	0	16	654	0.00	0.00	0.11	96.70	6.33	90.47	63	65	0.00	0.00	56.09	0.00	0.00	0.00
119	3.21	3707	2794	0.31	905	0	0	3	8	726	0.00	0.01	0.02	96.78	6.49	90.31	63	65	0.00	0.00	56.19	0.00	0.00	0.00
119	3.19	3727	2793	0.31	782	0	0	0	7	598	0.00	0.00	0.04	96.77	6.02	90.79	63	65	0.00	0.00	56.06	0.00	0.00	0.00
119	3.22	3705	2793	0.32	840	0	0	2	6	637	0.00	0.00	0.01	96.78	6.06	90.72	63	66	0.00	0.00	56.09	0.00	0.00	0.00
119	3.21	3716	2794	0.32	818	0	0	0	15	642	0.00	0.00	0.04	96.76	6.24	90.56	63	65	0.00	0.00	56.09	0.00	0.00	0.00
119	3.19	3722	2793	0.31	857	0	0	3	6	663	0.00	0.01	0.02	96.79	6.09	90.71	63	66	0.00	0.00	56.12	0.00	0.00	0.00
119	3.21	3706	2794	0.31	1016	0	0	0	8	821	0.00	0.00	0.03	96.78	6.81	89.98	63	65	0.00	0.00	56.06	0.00	0.00	0.00
119	3.30	3618	2794	0.32	542	0	0	0	6	506	0.00	0.00	0.07	96.68	9.89	86.81	63	64	0.00	0.00	56.21	0.00	0.00	0.00
