Avg_MHz	Busy%	Bzy_MHz	TSC_MHz	IPC	IRQ	SMI	POLL	C1	C1E	C6	POLL%	C1%	C1E%	C6%	CPU%c1	CPU%c6	CoreTmp	PkgTmp	Pkg%pc2	Pkg%pc6	PkgWatt	RAMWatt	PKG_%	RAM_%
3161	99.62	3180	2794	0.61	8414	0	0	0	0	0	0.00	0.00	0.00	0.00	0.38	0.00	76	76	0.00	0.00	149.73	0.00	0.00	0.00
3162	99.61	3180	2795	0.61	8119	0	2	1	0	1	0.00	0.01	0.00	0.00	0.39	0.00	76	76	0.00	0.00	149.60	0.00	0.00	0.00
3156	99.52	3180	2792	0.61	8162	0	0	0	0	8	0.00	0.00	0.00	0.09	0.48	0.00	76	76	0.00	0.00	149.46	0.00	0.00	0.00
3160	99.62	3179	2794	0.61	8136	0	0	0	0	0	0.00	0.00	0.00	0.00	0.38	0.00	76	76	0.00	0.00	149.64	0.00	0.00	0.00
3160	99.63	3178	2794	0.61	8122	0	0	0	0	0	0.00	0.00	0.00	0.00	0.37	0.00	77	77	0.00	0.00	149.58	0.00	0.00	0.00
3161	99.63	3180	2793	0.61	8122	0	0	0	0	0	0.00	0.00	0.00	0.00	0.37	0.00	77	77	0.00	0.00	149.61	0.00	0.00	0.00
3157	99.62	3177	2793	0.60	8121	0	0	0	0	0	0.00	0.00	0.00	0.00	0.38	0.00	77	77	0.00	0.00	149.43	0.00	0.00	0.00
3157	99.61	3177	2794	0.60	8123	0	0	0	0	0	0.00	0.00	0.00	0.00	0.39	0.00	77	77	0.00	0.00	149.69	0.00	0.00	0.00
3157	99.61	3176	2794	0.60	8150	0	0	0	0	0	0.00	0.00	0.00	0.00	0.39	0.00	77	78	0.00	0.00	149.55	0.00	0.00	0.00
3159	99.64	3178	2794	0.61	8103	0	0	0	0	0	0.00	0.00	0.00	0.00	0.36	0.00	78	78	0.00	0.00	149.62	0.00	0.00	0.00
3157	99.63	3177	2792	0.61	8142	0	0	0	0	0	0.00	0.00	0.00	0.00	0.37	0.00	77	78	0.00	0.00	149.52	0.00	0.00	0.00
3159	99.64	3177	2795	0.61	8127	0	0	0	0	0	0.00	0.00	0.00	0.00	0.36	0.00	77	78	0.00	0.00	149.67	0.00	0.00	0.00
3157	99.63	3178	2792	0.61	8161	0	0	0	0	0	0.00	0.00	0.00	0.00	0.37	0.00	78	78	0.00	0.00	149.39	0.00	0.00	0.00
3158	99.63	3177	2793	0.61	8091	0	0	0	0	0	0.00	0.00	0.00	0.00	0.37	0.00	78	78	0.00	0.00	149.60	0.00	0.00	0.00
3160	99.63	3179	2794	0.61	8149	0	0	0	0	0	0.00	0.00	0.00	0.00	0.37	0.00	78	78	0.00	0.00	149.53	0.00	0.00	0.00
3157	99.61	3175	2795	0.60	8098	0	0	0	0	0	0.00	0.00	0.00	0.00	0.39	0.00	78	78	0.00	0.00	149.79	0.00	0.00	0.00
3156	99.62	3177	2792	0.61	8150	0	0	0	0	0	0.00	0.00	0.00	0.00	0.38	0.00	78	78	0.00	0.00	149.31	0.00	0.00	0.00
3156	99.62	3175	2794	0.60	8123	0	0	0	0	0	0.00	0.00	0.00	0.00	0.38	0.00	78	78	0.00	0.00	149.63	0.00	0.00	0.00
3158	99.62	3176	2794	0.60	8130	0	0	0	0	0	0.00	0.00	0.00	0.00	0.38	0.00	78	79	0.00	0.00	149.67	0.00	0.00	0.00
3158	99.65	3178	2793	0.61	8132	0	0	0	0	0	0.00	0.00	0.00	0.00	0.35	0.00	78	78	0.00	0.00	149.57	0.00	0.00	0.00
3156	99.64	3175	2793	0.61	8119	0	0	0	0	0	0.00	0.00	0.00	0.00	0.36	0.00	79	78	0.00	0.00	149.50	0.00	0.00	0.00
3159	99.64	3177	2794	0.61	8126	0	0	0	0	0	0.00	0.00	0.00	0.00	0.36	0.00	79	79	0.00	0.00	149.58	0.00	0.00	0.00
3157	99.65	3177	2793	0.61	8119	0	0	0	0	0	0.00	0.00	0.00	0.00	0.35	0.00	79	79	0.00	0.00	149.59	0.00	0.00	0.00
3159	99.65	3176	2794	0.61	8118	0	0	0	0	0	0.00	0.00	0.00	0.00	0.35	0.00	79	79	0.00	0.00	149.49	0.00	0.00	0.00
3157	99.64	3175	2793	0.61	8154	0	0	0	0	0	0.00	0.00	0.00	0.00	0.36	0.00	79	79	0.00	0.00	149.61	0.00	0.00	0.00
3156	99.62	3175	2794	0.60	8120	0	0	0	0	0	0.00	0.00	0.00	0.00	0.38	0.00	80	80	0.00	0.00	149.57	0.00	0.00	0.00
3156	99.64	3174	2794	0.60	8089	0	0	0	0	0	0.00	0.00	0.00	0.00	0.36	0.00	79	79	0.00	0.00	149.62	0.00	0.00	0.00
3154	99.62	3175	2792	0.60	8131	0	0	0	0	0	0.00	0.00	0.00	0.00	0.38	0.00	80	80	0.00	0.00	149.44	0.00	0.00	0.00
3158	99.67	3175	2794	0.61	8154	0	0	0	0	0	0.00	0.00	0.00	0.00	0.33	0.00	80	80	0.00	0.00	149.58	0.00	0.00	0.00
3160	99.67	3177	2794	0.61	8129	0	0	0	0	0	0.00	0.00	0.00	0.00	0.33	0.00	80	80	0.00	0.00	149.73	0.00	0.00	0.00
3156	99.64	3174	2794	0.60	8094	0	0	0	0	0	0.00	0.00	0.00	0.00	0.36	0.00	80	80	0.00	0.00	149.52	0.00	0.00	0.00
3158	99.67	3176	2793	0.61	8134	0	0	0	0	0	0.00	0.00	0.00	0.00	0.33	0.00	80	80	0.00	0.00	149.56	0.00	0.00	0.00
3156	99.67	3175	2792	0.61	8152	0	0	0	0	0	0.00	0.00	0.00	0.00	0.33	0.00	80	80	0.00	0.00	149.45	0.00	0.00	0.00
3157	99.67	3175	2793	0.61	8187	0	0	0	0	0	0.00	0.00	0.00	0.00	0.33	0.00	80	80	0.00	0.00	149.59	0.00	0.00	0.00
3156	99.65	3173	2795	0.60	8133	0	0	0	0	0	0.00	0.00	0.00	0.00	0.35	0.00	80	81	0.00	0.00	149.70	0.00	0.00	0.00
3155	99.67	3174	2792	0.60	8098	0	0	0	0	0	0.00	0.00	0.00	0.00	0.33	0.00	80	80	0.00	0.00	149.46	0.00	0.00	0.00
3156	99.65	3173	2794	0.60	8148	0	0	0	0	0	0.00	0.00	0.00	0.00	0.35	0.00	81	81	0.00	0.00	149.65	0.00	0.00	0.00
3156	99.69	3174	2792	0.61	8123	0	0	0	0	0	0.00	0.00	0.00	0.00	0.31	0.00	80	80	0.00	0.00	149.56	0.00	0.00	0.00
3158	99.71	3173	2794	0.61	8158	0	0	0	0	0	0.00	0.00	0.00	0.00	0.29	0.00	80	81	0.00	0.00	149.56	0.00	0.00	0.00
3156	99.71	3173	2793	0.61	8131	0	0	0	0	0	0.00	0.00	0.00	0.00	0.29	0.00	81	81	0.00	0.00	149.49	0.00	0.00	0.00
3157	99.68	3174	2794	0.61	8150	0	0	0	0	0	0.00	0.00	0.00	0.00	0.32	0.00	81	81	0.00	0.00	149.64	0.00	0.00	0.00
3156	99.71	3174	2792	0.61	8096	0	0	0	0	0	0.00	0.00	0.00	0.00	0.29	0.00	81	81	0.00	0.00	149.45	0.00	0.00	0.00
3158	99.74	3174	2793	0.61	8117	0	0	0	0	0	0.00	0.00	0.00	0.00	0.26	0.00	81	81	0.00	0.00	149.51	0.00	0.00	0.00
3154	99.69	3171	2793	0.60	8143	0	0	0	0	0	0.00	0.00	0.00	0.00	0.31	0.00	81	81	0.00	0.00	149.66	0.00	0.00	0.00
3157	99.71	3172	2794	0.60	8156	0	0	0	0	0	0.00	0.00	0.00	0.00	0.29	0.00	82	81	0.00	0.00	149.64	0.00	0.00	0.00
3154	99.75	3170	2792	0.60	8131	0	0	0	0	0	0.00	0.00	0.00	0.00	0.25	0.00	81	81	0.00	0.00	149.47	0.00	0.00	0.00
3158	99.78	3171	2795	0.60	8119	0	0	0	0	0	0.00	0.00	0.00	0.00	0.22	0.00	81	81	0.00	0.00	149.66	0.00	0.00	0.00
3158	99.80	3172	2793	0.61	8129	0	0	0	0	0	0.00	0.00	0.00	0.00	0.20	0.00	81	81	0.00	0.00	149.56	0.00	0.00	0.00
3154	99.76	3169	2793	0.61	8147	0	0	0	0	0	0.00	0.00	0.00	0.00	0.24	0.00	81	81	0.00	0.00	149.46	0.00	0.00	0.00
3157	99.76	3171	2794	0.61	8107	0	0	0	0	0	0.00	0.00	0.00	0.00	0.24	0.00	82	82	0.00	0.00	149.67	0.00	0.00	0.00
3157	99.75	3172	2793	0.61	8127	0	0	0	0	0	0.00	0.00	0.00	0.00	0.25	0.00	82	82	0.00	0.00	149.58	0.00	0.00	0.00
3156	99.77	3170	2794	0.61	8132	0	0	0	0	0	0.00	0.00	0.00	0.00	0.23	0.00	82	82	0.00	0.00	149.57	0.00	0.00	0.00
3155	99.76	3171	2792	0.61	8151	0	0	0	0	0	0.00	0.00	0.00	0.00	0.24	0.00	82	82	0.00	0.00	149.41	0.00	0.00	0.00
3156	99.74	3170	2795	0.60	8134	0	0	0	0	0	0.00	0.00	0.00	0.00	0.26	0.00	82	82	0.00	0.00	149.68	0.00	0.00	0.00
3155	99.73	3171	2793	0.60	8089	0	0	0	0	0	0.00	0.00	0.00	0.00	0.27	0.00	82	82	0.00	0.00	149.57	0.00	0.00	0.00
3154	99.75	3170	2793	0.60	8137	0	0	0	0	0	0.00	0.00	0.00	0.00	0.25	0.00	82	82	0.00	0.00	149.63	0.00	0.00	0.00
3157	99.78	3171	2794	0.61	8136	0	0	0	0	0	0.00	0.00	0.00	0.00	0.22	0.00	82	82	0.00	0.00	149.61	0.00	0.00	0.00
3155	99.79	3170	2793	0.61	8125	0	0	0	0	0	0.00	0.00	0.00	0.00	0.21	0.00	82	82	0.00	0.00	149.49	0.00	0.00	0.00
3155	99.75	3170	2793	0.60	8088	0	0	0	0	0	0.00	0.00	0.00	0.00	0.25	0.00	82	83	0.00	0.00	149.57	0.00	0.00	0.00
3157	99.75	3173	2793	0.61	8145	0	0	0	0	0	0.00	0.00	0.00	0.00	0.25	0.00	82	82	0.00	0.00	149.52	0.00	0.00	0.00
3155	99.74	3170	2794	0.60	8140	0	0	0	0	1	0.00	0.00	0.00	0.00	0.26	0.00	82	83	0.00	0.00	149.53	0.00	0.00	0.00
3157	99.78	3172	2793	0.61	8123	0	0	0	0	0	0.00	0.00	0.00	0.00	0.22	0.00	83	82	0.00	0.00	149.59	0.00	0.00	0.00
3154	99.77	3169	2793	0.60	8129	0	0	0	0	0	0.00	0.00	0.00	0.00	0.23	0.00	83	83	0.00	0.00	149.55	0.00	0.00	0.00
3154	99.77	3169	2794	0.60	8157	0	0	0	0	0	0.00	0.00	0.00	0.00	0.23	0.00	83	82	0.00	0.00	149.64	0.00	0.00	0.00
3156	99.78	3170	2793	0.60	8120	0	0	0	0	0	0.00	0.00	0.00	0.00	0.22	0.00	83	83	0.00	0.00	149.42	0.00	0.00	0.00
3155	99.81	3169	2793	0.61	8125	0	0	0	0	0	0.00	0.00	0.00	0.00	0.19	0.00	83	83	0.00	0.00	149.56	0.00	0.00	0.00
3154	99.80	3168	2793	0.61	8115	0	0	0	0	0	0.00	0.00	0.00	0.00	0.20	0.00	83	83	0.00	0.00	149.58	0.00	0.00	0.00
3154	99.80	3168	2793	0.61	8154	0	0	0	0	0	0.00	0.00	0.00	0.00	0.20	0.00	83	83	0.00	0.00	149.58	0.00	0.00	0.00
3156	99.78	3170	2793	0.61	8113	0	0	0	0	0	0.00	0.00	0.00	0.00	0.22	0.00	83	83	0.00	0.00	149.57	0.00	0.00	0.00
3155	99.81	3169	2793	0.61	8126	0	0	0	0	0	0.00	0.00	0.00	0.00	0.19	0.00	83	83	0.00	0.00	149.55	0.00	0.00	0.00
3155	99.78	3169	2794	0.61	8124	0	0	0	0	0	0.00	0.00	0.00	0.00	0.22	0.00	83	83	0.00	0.00	149.65	0.00	0.00	0.00
3153	99.78	3166	2795	0.60	8140	0	0	0	0	0	0.00	0.00	0.00	0.00	0.22	0.00	83	83	0.00	0.00	149.71	0.00	0.00	0.00
3153	99.78	3169	2792	0.60	8117	0	0	0	0	0	0.00	0.00	0.00	0.00	0.22	0.00	83	83	0.00	0.00	149.39	0.00	0.00	0.00
3154	99.79	3167	2794	0.60	8127	0	0	0	0	0	0.00	0.00	0.00	0.00	0.21	0.00	83	83	0.00	0.00	149.58	0.00	0.00	0.00
3155	99.81	3169	2793	0.61	8127	0	0	0	0	0	0.00	0.00	0.00	0.00	0.19	0.00	83	83	0.00	0.00	149.59	0.00	0.00	0.00
3155	99.82	3168	2793	0.61	8162	0	0	0	0	0	0.00	0.00	0.00	0.00	0.18	0.00	83	84	0.00	0.00	149.47	0.00	0.00	0.00
3155	99.80	3167	2795	0.61	8133	0	0	0	0	0	0.00	0.00	0.00	0.00	0.20	0.00	83	83	0.00	0.00	149.68	0.00	0.00	0.00
3154	99.79	3169	2792	0.60	8091	0	0	0	0	0	0.00	0.00	0.00	0.00	0.21	0.00	83	83	0.00	0.00	149.49	0.00	0.00	0.00
3154	99.79	3168	2793	0.60	8121	0	0	0	0	0	0.00	0.00	0.00	0.00	0.21	0.00	83	83	0.00	0.00	149.52	0.00	0.00	0.00
3154	99.79	3167	2794	0.61	8161	0	0	0	0	0	0.00	0.00	0.00	0.00	0.21	0.00	83	84	0.00	0.00	149.60	0.00	0.00	0.00
3153	99.78	3168	2793	0.61	8134	0	0	0	0	0	0.00	0.00	0.00	0.00	0.22	0.00	83	84	0.00	0.00	149.53	0.00	0.00	0.00
3154	99.78	3168	2794	0.60	8129	0	0	0	0	0	0.00	0.00	0.00	0.00	0.22	0.00	83	83	0.00	0.00	149.61	0.00	0.00	0.00
3153	99.79	3167	2793	0.60	8120	0	0	0	0	1	0.00	0.00	0.00	0.01	0.21	0.00	84	83	0.00	0.00	149.55	0.00	0.00	0.00
3155	99.82	3167	2794	0.60	8182	0	0	0	0	0	0.00	0.00	0.00	0.00	0.18	0.00	84	84	0.00	0.00	149.74	0.00	0.00	0.00
3154	99.81	3167	2793	0.61	8131	0	0	0	0	0	0.00	0.00	0.00	0.00	0.19	0.00	84	84	0.00	0.00	149.51	0.00	0.00	0.00
3151	99.81	3167	2792	0.61	8093	0	0	0	0	0	0.00	0.00	0.00	0.00	0.19	0.00	84	84	0.00	0.00	149.50	0.00	0.00	0.00
3152	99.81	3165	2794	0.60	8125	0	0	0	0	0	0.00	0.00	0.00	0.00	0.19	0.00	84	84	0.00	0.00	149.50	0.00	0.00	0.00
3153	99.80	3167	2793	0.61	8162	0	0	0	0	0	0.00	0.00	0.00	0.00	0.20	0.00	84	84	0.00	0.00	149.56	0.00	0.00	0.00
3152	99.80	3165	2794	0.60	8120	0	0	0	0	0	0.00	0.00	0.00	0.00	0.20	0.00	84	84	0.00	0.00	149.68	0.00	0.00	0.00
3152	99.80	3166	2793	0.61	8137	0	0	0	0	0	0.00	0.00	0.00	0.00	0.20	0.00	83	84	0.00	0.00	149.45	0.00	0.00	0.00
3150	99.80	3164	2793	0.60	8118	0	0	0	0	0	0.00	0.00	0.00	0.00	0.20	0.00	84	84	0.00	0.00	149.67	0.00	0.00	0.00
3152	99.81	3165	2794	0.60	8157	0	0	0	0	0	0.00	0.00	0.00	0.00	0.19	0.00	84	84	0.00	0.00	149.63	0.00	0.00	0.00
3153	99.81	3166	2794	0.60	8117	0	0	0	0	0	0.00	0.00	0.00	0.00	0.19	0.00	84	84	0.00	0.00	149.67	0.00	0.00	0.00
3149	99.80	3164	2792	0.61	8125	0	0	0	0	0	0.00	0.00	0.00	0.00	0.20	0.00	84	85	0.00	0.00	149.45	0.00	0.00	0.00
3151	99.81	3164	2794	0.61	8121	0	0	0	0	0	0.00	0.00	0.00	0.00	0.19	0.00	84	85	0.00	0.00	149.53	0.00	0.00	0.00
3151	99.81	3165	2793	0.61	8147	0	0	0	0	0	0.00	0.00	0.00	0.00	0.19	0.00	84	84	0.00	0.00	149.46	0.00	0.00	0.00
3153	99.81	3166	2793	0.61	8108	0	0	0	0	0	0.00	0.00	0.00	0.00	0.19	0.00	84	84	0.00	0.00	149.69	0.00	0.00	0.00
3152	99.80	3165	2794	0.60	8091	0	0	0	0	0	0.00	0.00	0.00	0.00	0.20	0.00	84	84	0.00	0.00	149.63	0.00	0.00	0.00
3151	99.80	3166	2793	0.61	8117	0	0	0	0	0	0.00	0.00	0.00	0.00	0.20	0.00	84	84	0.00	0.00	149.47	0.00	0.00	0.00
3149	99.80	3163	2794	0.60	8159	0	0	0	0	0	0.00	0.00	0.00	0.00	0.20	0.00	84	84	0.00	0.00	149.50	0.00	0.00	0.00
3151	99.81	3164	2794	0.60	8149	0	0	0	0	0	0.00	0.00	0.00	0.00	0.19	0.00	84	84	0.00	0.00	149.69	0.00	0.00	0.00
3149	99.81	3163	2793	0.60	8128	0	0	0	0	0	0.00	0.00	0.00	0.00	0.19	0.00	84	84	0.00	0.00	149.49	0.00	0.00	0.00
3151	99.80	3164	2793	0.61	8123	0	0	0	0	0	0.00	0.00	0.00	0.00	0.20	0.00	84	84	0.00	0.00	149.68	0.00	0.00	0.00
3150	99.81	3165	2793	0.61	3612	0	0	0	0	0	0.00	0.00	0.00	0.00	0.19	0.00	85	84	0.00	0.00	149.11	0.00	0.00	0.00
