Avg_MHz	Busy%	Bzy_MHz	TSC_MHz	IPC	IRQ	SMI	POLL	C1	C1E	C6	POLL%	C1%	C1E%	C6%	CPU%c1	CPU%c6	CoreTmp	PkgTmp	Pkg%pc2	Pkg%pc6	PkgWatt	RAMWatt	PKG_%	RAM_%
119	3.18	3728	2802	0.91	898	0	0	0	28	671	0.00	0.00	0.20	96.94	6.20	90.62	72	74	0.00	0.00	60.89	0.00	0.00	0.00
119	3.20	3719	2793	0.91	825	0	0	0	24	640	0.00	0.00	0.12	96.68	6.11	90.69	72	75	0.00	0.00	60.57	0.00	0.00	0.00
119	3.25	3660	2793	0.91	977	0	0	0	21	842	0.00	0.00	0.03	96.72	7.74	89.01	72	74	0.00	0.00	60.54	0.00	0.00	0.00
119	3.19	3733	2793	0.91	652	0	0	1	8	483	0.00	0.00	0.01	96.80	5.45	91.36	72	74	0.00	0.00	60.59	0.00	0.00	0.00
119	3.19	3729	2793	0.91	647	0	0	0	20	464	0.00	0.00	0.11	96.71	5.81	91.00	71	74	0.00	0.00	60.51	0.00	0.00	0.00
119	3.20	3719	2793	0.91	686	0	0	1	25	493	0.00	0.00	0.02	96.78	5.73	91.07	71	73	0.00	0.00	60.45	0.00	0.00	0.00
119	3.19	3721	2793	0.91	771	0	0	1	20	579	0.00	0.00	0.04	96.77	6.00	90.81	71	74	0.00	0.00	60.49	0.00	0.00	0.00
119	3.19	3735	2793	0.91	654	0	0	0	6	479	0.00	0.00	0.01	96.81	5.32	91.49	71	73	0.00	0.00	60.42	0.00	0.00	0.00
119	3.20	3727	2793	0.91	648	0	0	1	12	467	0.00	0.00	0.02	96.79	5.36	91.45	71	73	0.00	0.00	60.43	0.00	0.00	0.00
119	3.19	3724	2793	0.91	789	0	0	1	14	592	0.00	0.00	0.02	96.78	5.87	90.93	71	74	0.00	0.00	60.32	0.00	0.00	0.00
119	3.21	3707	2794	0.91	972	0	0	0	11	783	0.00	0.00	0.03	96.78	6.73	90.07	71	74	0.00	0.00	60.55	0.00	0.00	0.00
119	3.19	3732	2793	0.91	665	0	0	0	11	480	0.00	0.00	0.02	96.79	5.52	91.29	71	73	0.00	0.00	60.36	0.00	0.00	0.00
119	3.20	3717	2793	0.91	815	0	0	0	16	631	0.00	0.00	0.04	96.77	6.13	90.67	70	73	0.00	0.00	60.42	0.00	0.00	0.00
119	3.20	3718	2794	0.91	820	0	0	2	19	616	0.00	0.01	0.03	96.77	6.18	90.62	71	73	0.00	0.00	60.51	0.00	0.00	0.00
119	3.19	3724	2794	0.91	739	0	0	0	11	550	0.00	0.00	0.01	96.80	5.87	90.93	71	73	0.00	0.00	60.60	0.00	0.00	0.00
119	3.19	3723	2793	0.91	765	0	0	0	13	577	0.00	0.00	0.01	96.79	5.99	90.82	71	73	0.00	0.00	60.57	0.00	0.00	0.00
119	3.20	3718	2794	0.91	797	0	0	0	20	603	0.00	0.00	0.08	96.73	6.14	90.66	71	73	0.00	0.00	60.57	0.00	0.00	0.00
119	3.20	3722	2793	0.91	791	0	0	0	18	594	0.00	0.00	0.13	96.68	6.12	90.68	71	74	0.00	0.00	60.52	0.00	0.00	0.00
119	3.21	3716	2793	0.91	729	0	0	0	10	549	0.00	0.00	0.02	96.78	5.82	90.97	71	73	0.00	0.00	60.55	0.00	0.00	0.00
119	3.19	3729	2793	0.91	716	0	0	0	9	529	0.00	0.00	0.02	96.79	5.60	91.21	71	73	0.00	0.00	60.59	0.00	0.00	0.00
119	3.19	3734	2793	0.91	649	0	0	0	16	452	0.00	0.00	0.06	96.76	5.45	91.37	70	73	0.00	0.00	60.61	0.00	0.00	0.00
119	3.19	3726	2794	0.91	762	0	0	2	10	569	0.00	0.01	0.01	96.80	5.83	90.98	70	73	0.00	0.00	60.56	0.00	0.00	0.00
124	3.47	3592	2795	0.94	1040	0	0	4	41	906	0.00	0.00	0.04	96.57	8.08	88.45	69	71	0.00	0.00	61.01	0.00	0.00	0.00
155	4.19	3715	2791	0.89	1048	0	0	1	39	796	0.00	0.01	0.25	95.46	8.63	87.18	71	73	0.00	0.00	62.67	0.00	0.00	0.00
119	3.20	3722	2793	0.91	765	0	0	0	15	581	0.00	0.00	0.02	96.79	5.87	90.93	70	73	0.00	0.00	60.63	0.00	0.00	0.00
119	3.19	3727	2793	0.91	723	0	0	0	16	531	0.00	0.00	0.04	96.78	5.86	90.95	70	73	0.00	0.00	60.53	0.00	0.00	0.00
119	3.19	3727	2793	0.91	734	0	0	0	15	533	0.00	0.00	0.05	96.76	5.74	91.07	70	73	0.00	0.00	60.54	0.00	0.00	0.00
119	3.19	3729	2794	0.91	677	0	0	1	8	501	0.00	0.01	0.01	96.80	5.63	91.18	70	73	0.00	0.00	60.58	0.00	0.00	0.00
119	3.20	3720	2793	0.91	721	0	10	8	24	508	0.00	0.02	0.01	96.77	5.62	91.18	70	72	0.00	0.00	60.61	0.00	0.00	0.00
119	3.20	3722	2793	0.91	794	0	0	1	17	591	0.00	0.00	0.03	96.78	5.87	90.93	70	73	0.00	0.00	60.49	0.00	0.00	0.00
119	3.19	3728	2793	0.91	716	0	0	0	14	513	0.00	0.00	0.02	96.79	5.75	91.06	70	73	0.00	0.00	60.58	0.00	0.00	0.00
119	3.18	3735	2793	0.91	671	0	0	0	9	473	0.00	0.00	0.01	96.82	5.49	91.33	70	72	0.00	0.00	60.60	0.00	0.00	0.00
119	3.19	3726	2793	0.91	727	0	0	0	13	547	0.00	0.00	0.01	96.80	5.78	91.03	70	73	0.00	0.00	60.48	0.00	0.00	0.00
119	3.19	3726	2793	0.91	755	0	2	23	18	529	0.00	0.10	0.04	96.68	6.00	90.81	69	72	0.00	0.00	60.56	0.00	0.00	0.00
119	3.19	3728	2793	0.91	696	0	0	0	11	509	0.00	0.00	0.02	96.79	5.71	91.10	69	73	0.00	0.00	60.52	0.00	0.00	0.00
119	3.19	3732	2793	0.91	739	0	0	0	4	552	0.00	0.00	0.00	96.81	5.57	91.24	70	72	0.00	0.00	60.50	0.00	0.00	0.00
119	3.18	3742	2793	0.91	583	0	0	1	14	388	0.00	0.00	0.02	96.80	5.00	91.82	69	72	0.00	0.00	60.51	0.00	0.00	0.00
119	3.20	3719	2793	0.91	793	0	0	9	12	588	0.00	0.10	0.01	96.70	6.15	90.65	69	72	0.00	0.00	60.45	0.00	0.00	0.00
119	3.20	3718	2793	0.91	695	0	0	1	10	512	0.00	0.00	0.01	96.79	5.68	91.12	70	72	0.00	0.00	60.49	0.00	0.00	0.00
119	3.19	3730	2794	0.91	704	0	0	0	17	502	0.00	0.00	0.01	96.81	5.63	91.18	70	72	0.00	0.00	60.41	0.00	0.00	0.00
119	3.19	3725	2793	0.91	740	0	0	2	15	549	0.00	0.01	0.05	96.76	5.91	90.90	69	71	0.00	0.00	60.52	0.00	0.00	0.00
119	3.20	3715	2793	0.91	849	0	0	0	7	654	0.00	0.00	0.02	96.79	6.39	90.41	70	72	0.00	0.00	60.45	0.00	0.00	0.00
119	3.18	3737	2793	0.91	609	0	0	0	9	426	0.00	0.00	0.03	96.79	5.30	91.52	70	72	0.00	0.00	60.42	0.00	0.00	0.00
119	3.19	3729	2793	0.91	719	0	0	0	11	519	0.00	0.00	0.02	96.79	5.70	91.10	69	72	0.00	0.00	60.33	0.00	0.00	0.00
119	3.19	3730	2793	0.91	699	0	1	0	12	509	0.00	0.00	0.03	96.78	5.62	91.19	69	72	0.00	0.00	60.34	0.00	0.00	0.00
119	3.19	3736	2794	0.91	655	0	0	2	6	461	0.00	0.00	0.02	96.81	5.32	91.50	69	72	0.00	0.00	60.23	0.00	0.00	0.00
119	3.18	3743	2793	0.91	606	0	0	0	4	421	0.00	0.00	0.00	96.82	5.02	91.80	69	72	0.00	0.00	60.45	0.00	0.00	0.00
119	3.19	3731	2793	0.91	703	0	0	0	12	507	0.00	0.00	0.03	96.79	5.57	91.24	69	72	0.00	0.00	60.40	0.00	0.00	0.00
119	3.21	3711	2793	0.91	794	0	0	0	12	612	0.00	0.00	0.02	96.78	5.95	90.84	69	72	0.00	0.00	60.44	0.00	0.00	0.00
119	3.19	3731	2793	0.91	701	0	0	0	11	502	0.00	0.00	0.02	96.80	5.61	91.20	70	71	0.00	0.00	60.38	0.00	0.00	0.00
119	3.18	3739	2793	0.91	599	0	0	0	9	416	0.00	0.00	0.02	96.80	5.19	91.63	69	72	0.00	0.00	60.31	0.00	0.00	0.00
119	3.18	3737	2793	0.91	641	0	0	1	14	442	0.00	0.00	0.03	96.79	5.33	91.49	69	72	0.00	0.00	60.34	0.00	0.00	0.00
119	3.19	3733	2794	0.91	689	0	0	1	12	494	0.00	0.00	0.03	96.79	5.50	91.31	69	72	0.00	0.00	60.19	0.00	0.00	0.00
119	3.19	3735	2793	0.91	699	0	0	1	5	500	0.00	0.00	0.01	96.81	5.48	91.33	69	72	0.00	0.00	60.24	0.00	0.00	0.00
119	3.19	3735	2793	0.91	687	0	0	1	8	501	0.00	0.00	0.01	96.80	5.36	91.45	69	71	0.00	0.00	60.37	0.00	0.00	0.00
119	3.19	3733	2794	0.91	706	0	0	0	11	516	0.00	0.00	0.03	96.79	5.53	91.28	69	72	0.00	0.00	60.39	0.00	0.00	0.00
119	3.19	3731	2794	0.91	711	0	0	0	12	527	0.00	0.00	0.03	96.79	5.56	91.25	69	71	0.00	0.00	60.48	0.00	0.00	0.00
119	3.19	3732	2793	0.91	671	0	0	3	6	479	0.00	0.00	0.01	96.81	5.47	91.34	69	72	0.00	0.00	60.39	0.00	0.00	0.00
119	3.21	3707	2793	0.91	737	0	0	1	6	572	0.00	0.00	0.01	96.78	5.95	90.83	69	71	0.00	0.00	60.49	0.00	0.00	0.00
119	3.18	3738	2793	0.91	625	0	0	0	11	436	0.00	0.00	0.02	96.80	5.35	91.47	69	72	0.00	0.00	60.46	0.00	0.00	0.00
119	3.20	3721	2794	0.91	787	0	0	0	17	602	0.00	0.00	0.04	96.78	5.97	90.83	69	72	0.00	0.00	60.61	0.00	0.00	0.00
119	3.20	3719	2793	0.91	835	0	0	0	8	637	0.00	0.00	0.01	96.81	6.12	90.68	69	72	0.00	0.00	60.40	0.00	0.00	0.00
119	3.18	3738	2793	0.91	632	0	0	0	7	448	0.00	0.00	0.02	96.80	5.34	91.48	69	72	0.00	0.00	60.52	0.00	0.00	0.00
119	3.19	3730	2793	0.91	727	0	0	2	11	531	0.00	0.00	0.01	96.80	5.58	91.23	69	71	0.00	0.00	60.18	0.00	0.00	0.00
119	3.19	3731	2793	0.91	707	0	0	0	15	511	0.00	0.00	0.04	96.78	5.65	91.16	68	71	0.00	0.00	60.34	0.00	0.00	0.00
119	3.19	3726	2793	0.91	764	0	0	0	9	560	0.00	0.00	0.01	96.81	5.85	90.96	69	72	0.00	0.00	60.33	0.00	0.00	0.00
119	3.19	3732	2793	0.91	680	0	0	0	6	497	0.00	0.00	0.02	96.80	5.54	91.27	68	71	0.00	0.00	60.34	0.00	0.00	0.00
119	3.20	3723	2793	0.91	703	0	0	1	10	509	0.00	0.00	0.03	96.78	5.44	91.36	69	71	0.00	0.00	60.34	0.00	0.00	0.00
118	3.19	3713	2793	0.91	804	0	0	8	23	597	0.00	0.10	0.13	96.58	6.35	90.46	68	70	0.00	0.00	60.52	0.00	0.00	0.00
119	3.20	3719	2794	0.91	850	0	0	2	13	643	0.00	0.00	0.03	96.78	6.17	90.63	69	72	0.00	0.00	60.45	0.00	0.00	0.00
119	3.19	3735	2793	0.91	660	0	0	0	8	482	0.00	0.00	0.02	96.80	5.35	91.46	69	71	0.00	0.00	60.42	0.00	0.00	0.00
119	3.18	3743	2794	0.91	605	0	0	0	4	416	0.00	0.00	0.00	96.83	5.09	91.73	69	71	0.00	0.00	60.28	0.00	0.00	0.00
119	3.19	3735	2793	0.91	659	0	0	0	10	474	0.00	0.00	0.01	96.80	5.43	91.38	68	71	0.00	0.00	60.39	0.00	0.00	0.00
119	3.19	3722	2794	0.91	791	0	0	0	13	590	0.00	0.00	0.02	96.80	6.02	90.78	68	71	0.00	0.00	60.45	0.00	0.00	0.00
119	3.19	3734	2793	0.91	653	0	0	1	10	471	0.00	0.00	0.00	96.80	5.33	91.48	68	71	0.00	0.00	60.48	0.00	0.00	0.00
119	3.18	3737	2794	0.91	648	0	0	1	7	458	0.00	0.00	0.00	96.83	5.24	91.58	68	71	0.00	0.00	60.47	0.00	0.00	0.00
119	3.19	3737	2793	0.91	650	0	0	0	11	463	0.00	0.00	0.02	96.79	5.20	91.61	68	71	0.00	0.00	60.38	0.00	0.00	0.00
119	3.20	3717	2793	0.91	749	0	0	1	8	555	0.00	0.00	0.03	96.77	5.76	91.04	68	71	0.00	0.00	60.44	0.00	0.00	0.00
119	3.19	3729	2793	0.91	699	0	0	0	6	520	0.00	0.00	0.02	96.80	5.57	91.24	69	71	0.00	0.00	60.53	0.00	0.00	0.00
119	3.18	3736	2793	0.91	642	0	0	0	12	451	0.00	0.00	0.02	96.80	5.29	91.53	68	71	0.00	0.00	60.41	0.00	0.00	0.00
119	3.19	3726	2793	0.91	734	0	0	2	13	553	0.00	0.00	0.01	96.80	5.78	91.03	69	71	0.00	0.00	60.51	0.00	0.00	0.00
119	3.20	3721	2794	0.91	804	0	2	1	8	604	0.00	0.00	0.02	96.80	5.97	90.83	68	71	0.00	0.00	60.41	0.00	0.00	0.00
119	3.19	3735	2793	0.91	686	0	0	0	6	501	0.00	0.00	0.02	96.80	5.37	91.45	68	71	0.00	0.00	60.45	0.00	0.00	0.00
119	3.18	3740	2794	0.91	645	0	0	0	5	455	0.00	0.00	0.00	96.82	5.12	91.70	69	71	0.00	0.00	60.46	0.00	0.00	0.00
119	3.19	3724	2793	0.91	791	0	0	1	10	608	0.00	0.00	0.01	96.80	5.96	90.85	68	71	0.00	0.00	60.39	0.00	0.00	0.00
119	3.20	3713	2793	0.91	891	0	0	1	13	690	0.00	0.00	0.02	96.79	6.38	90.42	68	71	0.00	0.00	60.40	0.00	0.00	0.00
119	3.19	3731	2793	0.91	679	0	0	3	10	487	0.00	0.00	0.02	96.80	5.47	91.34	68	70	0.00	0.00	60.53	0.00	0.00	0.00
119	3.23	3693	2793	0.91	824	0	0	0	30	508	0.00	0.00	0.20	96.57	5.88	90.88	68	71	0.00	0.00	60.53	0.00	0.00	0.00
119	3.20	3717	2793	0.91	735	0	0	0	21	566	0.00	0.00	0.12	96.69	5.93	90.86	67	70	0.00	0.00	60.48	0.00	0.00	0.00
119	3.20	3714	2794	0.91	901	0	0	0	15	702	0.00	0.00	0.02	96.79	6.46	90.34	68	71	0.00	0.00	60.45	0.00	0.00	0.00
119	3.19	3731	2793	0.91	694	0	0	1	13	509	0.00	0.00	0.03	96.78	5.65	91.16	68	71	0.00	0.00	60.47	0.00	0.00	0.00
119	3.20	3720	2794	0.91	811	0	1	1	9	625	0.00	0.00	0.01	96.82	6.00	90.81	68	70	0.00	0.00	60.47	0.00	0.00	0.00
119	3.18	3739	2793	0.91	633	0	2	1	14	443	0.00	0.00	0.05	96.76	5.35	91.47	68	71	0.00	0.00	60.35	0.00	0.00	0.00
119	3.20	3724	2793	0.91	800	0	0	0	11	595	0.00	0.00	0.04	96.77	5.92	90.88	68	70	0.00	0.00	60.50	0.00	0.00	0.00
119	3.20	3721	2793	0.91	818	0	0	0	6	631	0.00	0.00	0.03	96.78	6.03	90.78	68	70	0.00	0.00	60.44	0.00	0.00	0.00
119	3.19	3726	2794	0.91	755	0	0	0	9	572	0.00	0.00	0.04	96.78	5.77	91.04	68	70	0.00	0.00	60.16	0.00	0.00	0.00
119	3.19	3730	2793	0.91	703	0	0	0	11	518	0.00	0.00	0.03	96.78	5.61	91.20	68	71	0.00	0.00	60.38	0.00	0.00	0.00
119	3.21	3705	2794	0.91	848	0	0	1	16	657	0.00	0.00	0.05	96.75	6.32	90.47	68	71	0.00	0.00	60.41	0.00	0.00	0.00
119	3.20	3712	2793	0.91	849	0	0	2	11	663	0.00	0.00	0.01	96.79	6.31	90.48	68	71	0.00	0.00	60.57	0.00	0.00	0.00
119	3.19	3729	2794	0.91	716	0	0	0	11	526	0.00	0.00	0.03	96.79	5.65	91.16	68	71	0.00	0.00	60.36	0.00	0.00	0.00
119	3.19	3731	2793	0.91	689	0	0	0	15	499	0.00	0.00	0.04	96.77	5.63	91.18	67	71	0.00	0.00	60.51	0.00	0.00	0.00
119	3.21	3712	2794	0.91	908	0	0	1	13	676	0.00	0.00	0.05	96.77	6.13	90.66	67	70	0.00	0.00	60.48	0.00	0.00	0.00
119	3.18	3737	2793	0.91	639	0	0	0	3	457	0.00	0.00	0.00	96.81	5.28	91.53	68	71	0.00	0.00	60.45	0.00	0.00	0.00
119	3.19	3728	2793	0.91	727	0	0	8	5	534	0.00	0.10	0.00	96.71	5.77	91.03	68	71	0.00	0.00	60.35	0.00	0.00	0.00
119	3.19	3729	2793	0.91	740	0	0	2	11	559	0.00	0.00	0.02	96.79	5.63	91.18	67	71	0.00	0.00	60.41	0.00	0.00	0.00
119	3.20	3717	2794	0.91	823	0	0	2	10	620	0.00	0.01	0.02	96.79	6.23	90.57	68	70	0.00	0.00	60.39	0.00	0.00	0.00
119	3.19	3736	2793	0.91	659	0	0	0	9	472	0.00	0.00	0.02	96.80	5.31	91.51	68	71	0.00	0.00	60.29	0.00	0.00	0.00
119	3.22	3701	2794	0.91	799	0	0	1	20	623	0.00	0.00	0.10	96.71	6.24	90.55	68	70	0.00	0.00	60.36	0.00	0.00	0.00
119	3.19	3730	2793	0.91	684	0	0	1	15	503	0.00	0.00	0.04	96.77	5.58	91.23	68	70	0.00	0.00	60.19	0.00	0.00	0.00
119	3.20	3714	2794	0.91	715	0	0	0	15	554	0.00	0.00	0.04	96.77	6.27	90.53	68	70	0.00	0.00	60.16	0.00	0.00	0.00
