Avg_MHz	Busy%	Bzy_MHz	TSC_MHz	IPC	IRQ	SMI	POLL	C1	C1E	C6	POLL%	C1%	C1E%	C6%	CPU%c1	CPU%c6	CoreTmp	PkgTmp	Pkg%pc2	Pkg%pc6	PkgWatt	RAMWatt	PKG_%	RAM_%
3180	99.29	3183	2818	0.60	8359	0	0	0	0	0	0.00	0.00	0.00	0.00	0.71	0.00	69	69	0.00	0.00	152.38	0.00	0.00	0.00
3153	99.28	3184	2794	0.60	8155	0	0	0	0	0	0.00	0.00	0.00	0.00	0.72	0.00	69	70	0.00	0.00	149.54	0.00	0.00	0.00
3152	99.29	3183	2793	0.60	8181	0	0	0	0	0	0.00	0.00	0.00	0.00	0.71	0.00	70	70	0.00	0.00	149.47	0.00	0.00	0.00
3154	99.29	3184	2793	0.60	8120	0	0	0	0	0	0.00	0.00	0.00	0.00	0.71	0.00	70	70	0.00	0.00	149.56	0.00	0.00	0.00
3153	99.30	3183	2793	0.60	8124	0	0	0	0	0	0.00	0.00	0.00	0.00	0.70	0.00	70	71	0.00	0.00	149.58	0.00	0.00	0.00
3152	99.27	3182	2794	0.59	8180	0	0	1	0	0	0.00	0.01	0.00	0.00	0.73	0.00	71	71	0.00	0.00	149.62	0.00	0.00	0.00
3151	99.29	3181	2794	0.60	8165	0	0	0	0	0	0.00	0.00	0.00	0.00	0.71	0.00	71	71	0.00	0.00	149.60	0.00	0.00	0.00
3152	99.29	3182	2794	0.60	8098	0	0	0	0	0	0.00	0.00	0.00	0.00	0.71	0.00	71	71	0.00	0.00	149.64	0.00	0.00	0.00
3152	99.30	3183	2793	0.60	8126	0	0	0	0	0	0.00	0.00	0.00	0.00	0.70	0.00	72	71	0.00	0.00	149.52	0.00	0.00	0.00
3151	99.30	3181	2793	0.60	8155	0	0	0	0	0	0.00	0.00	0.00	0.00	0.70	0.00	72	72	0.00	0.00	149.49	0.00	0.00	0.00
3152	99.30	3182	2793	0.60	8130	0	0	0	0	0	0.00	0.00	0.00	0.00	0.70	0.00	72	72	0.00	0.00	149.62	0.00	0.00	0.00
3150	99.27	3180	2794	0.59	8132	0	0	0	0	0	0.00	0.00	0.00	0.00	0.73	0.00	72	72	0.00	0.00	149.55	0.00	0.00	0.00
3149	99.29	3180	2793	0.60	8137	0	0	0	0	0	0.00	0.00	0.00	0.00	0.71	0.00	72	72	0.00	0.00	149.56	0.00	0.00	0.00
3150	99.28	3181	2793	0.60	8123	0	0	0	0	0	0.00	0.00	0.00	0.00	0.72	0.00	72	73	0.00	0.00	149.49	0.00	0.00	0.00
3151	99.29	3180	2794	0.60	8127	0	0	0	0	0	0.00	0.00	0.00	0.00	0.71	0.00	73	73	0.00	0.00	149.69	0.00	0.00	0.00
3149	99.32	3179	2793	0.60	8198	0	0	0	0	0	0.00	0.00	0.00	0.00	0.68	0.00	73	73	0.00	0.00	149.52	0.00	0.00	0.00
3150	99.29	3180	2793	0.60	8130	0	0	0	0	0	0.00	0.00	0.00	0.00	0.71	0.00	74	73	0.00	0.00	149.51	0.00	0.00	0.00
3147	99.26	3178	2793	0.60	8138	0	0	0	0	0	0.00	0.00	0.00	0.00	0.74	0.00	74	73	0.00	0.00	149.54	0.00	0.00	0.00
3151	99.29	3180	2794	0.59	8124	0	0	0	0	0	0.00	0.00	0.00	0.00	0.71	0.00	73	74	0.00	0.00	149.61	0.00	0.00	0.00
3148	99.28	3178	2794	0.60	8128	0	0	0	0	0	0.00	0.00	0.00	0.00	0.72	0.00	74	74	0.00	0.00	149.64	0.00	0.00	0.00
3147	99.25	3179	2793	0.60	8121	0	0	0	0	0	0.00	0.00	0.00	0.00	0.75	0.00	74	74	0.00	0.00	149.43	0.00	0.00	0.00
3147	99.26	3177	2794	0.59	8144	0	0	0	0	0	0.00	0.00	0.00	0.00	0.74	0.00	74	75	0.00	0.00	149.66	0.00	0.00	0.00
3147	99.26	3179	2792	0.60	8127	0	0	0	0	0	0.00	0.00	0.00	0.00	0.74	0.00	74	74	0.00	0.00	149.49	0.00	0.00	0.00
3146	99.25	3178	2794	0.60	8136	0	0	0	0	0	0.00	0.00	0.00	0.00	0.75	0.00	74	74	0.00	0.00	149.59	0.00	0.00	0.00
3146	99.23	3177	2793	0.60	8158	0	0	0	0	0	0.00	0.00	0.00	0.00	0.77	0.00	74	75	0.00	0.00	149.55	0.00	0.00	0.00
3147	99.27	3177	2795	0.60	8133	0	0	0	0	0	0.00	0.00	0.00	0.00	0.73	0.00	75	75	0.00	0.00	149.60	0.00	0.00	0.00
3146	99.27	3178	2792	0.60	8114	0	0	0	0	1	0.00	0.00	0.00	0.00	0.73	0.00	75	75	0.00	0.00	149.61	0.00	0.00	0.00
3148	99.25	3178	2794	0.60	8093	0	0	0	0	0	0.00	0.00	0.00	0.00	0.75	0.00	75	75	0.00	0.00	149.55	0.00	0.00	0.00
3145	99.23	3178	2792	0.60	8153	0	0	0	0	0	0.00	0.00	0.00	0.00	0.77	0.00	75	75	0.00	0.00	149.54	0.00	0.00	0.00
3146	99.28	3177	2793	0.60	8133	0	0	0	0	0	0.00	0.00	0.00	0.00	0.72	0.00	76	76	0.00	0.00	149.57	0.00	0.00	0.00
3145	99.27	3176	2793	0.59	8131	0	0	0	0	0	0.00	0.00	0.00	0.00	0.73	0.00	76	75	0.00	0.00	149.42	0.00	0.00	0.00
3146	99.26	3176	2794	0.60	8160	0	0	0	0	0	0.00	0.00	0.00	0.00	0.74	0.00	76	76	0.00	0.00	149.63	0.00	0.00	0.00
3145	99.25	3175	2795	0.60	8164	0	0	0	0	0	0.00	0.00	0.00	0.00	0.75	0.00	76	76	0.00	0.00	149.69	0.00	0.00	0.00
3146	99.30	3177	2792	0.60	8114	0	0	0	0	0	0.00	0.00	0.00	0.00	0.70	0.00	76	76	0.00	0.00	149.49	0.00	0.00	0.00
3144	99.26	3174	2793	0.60	8119	0	0	0	0	0	0.00	0.00	0.00	0.00	0.74	0.00	76	76	0.00	0.00	149.47	0.00	0.00	0.00
3148	99.30	3176	2795	0.60	8132	0	0	0	0	0	0.00	0.00	0.00	0.00	0.70	0.00	77	76	0.00	0.00	149.77	0.00	0.00	0.00
3142	99.23	3174	2792	0.59	8152	0	0	0	0	0	0.00	0.00	0.00	0.00	0.77	0.00	77	77	0.00	0.00	149.41	0.00	0.00	0.00
3145	99.24	3177	2793	0.60	8121	0	0	0	0	0	0.00	0.00	0.00	0.00	0.76	0.00	77	77	0.00	0.00	149.57	0.00	0.00	0.00
3145	99.29	3175	2793	0.60	8128	0	0	0	0	0	0.00	0.00	0.00	0.00	0.71	0.00	77	77	0.00	0.00	149.52	0.00	0.00	0.00
3145	99.24	3176	2794	0.60	8126	0	0	0	0	0	0.00	0.00	0.00	0.00	0.76	0.00	77	77	0.00	0.00	149.60	0.00	0.00	0.00
3143	99.25	3174	2794	0.59	8166	0	0	0	0	0	0.00	0.00	0.00	0.00	0.75	0.00	77	77	0.00	0.00	149.65	0.00	0.00	0.00
3145	99.27	3176	2793	0.60	8108	0	0	0	0	0	0.00	0.00	0.00	0.00	0.73	0.00	77	77	0.00	0.00	149.55	0.00	0.00	0.00
3145	99.25	3175	2794	0.60	8125	0	0	0	0	0	0.00	0.00	0.00	0.00	0.75	0.00	77	77	0.00	0.00	149.57	0.00	0.00	0.00
3142	99.24	3173	2794	0.59	8135	0	0	0	0	0	0.00	0.00	0.00	0.00	0.76	0.00	78	78	0.00	0.00	149.52	0.00	0.00	0.00
3144	99.24	3175	2794	0.60	8150	0	0	0	0	0	0.00	0.00	0.00	0.00	0.76	0.00	77	77	0.00	0.00	149.66	0.00	0.00	0.00
3142	99.26	3174	2792	0.60	8129	0	0	0	0	0	0.00	0.00	0.00	0.00	0.74	0.00	78	78	0.00	0.00	149.50	0.00	0.00	0.00
3145	99.27	3174	2794	0.60	8129	0	0	0	0	0	0.00	0.00	0.00	0.00	0.73	0.00	78	78	0.00	0.00	149.64	0.00	0.00	0.00
3143	99.24	3176	2792	0.60	8103	0	0	0	0	0	0.00	0.00	0.00	0.00	0.76	0.00	78	78	0.00	0.00	149.53	0.00	0.00	0.00
3144	99.26	3175	2794	0.60	8157	0	0	0	0	0	0.00	0.00	0.00	0.00	0.74	0.00	78	78	0.00	0.00	149.44	0.00	0.00	0.00
3141	99.23	3173	2793	0.59	8122	0	0	0	0	0	0.00	0.00	0.00	0.00	0.77	0.00	78	78	0.00	0.00	149.62	0.00	0.00	0.00
3143	99.28	3173	2793	0.60	8130	0	0	0	0	0	0.00	0.00	0.00	0.00	0.72	0.00	78	78	0.00	0.00	149.64	0.00	0.00	0.00
3148	99.27	3177	2794	0.60	8133	0	0	0	0	0	0.00	0.00	0.00	0.00	0.73	0.00	79	79	0.00	0.00	149.54	0.00	0.00	0.00
3144	99.27	3174	2793	0.60	8160	0	0	0	0	0	0.00	0.00	0.00	0.00	0.73	0.00	79	79	0.00	0.00	149.63	0.00	0.00	0.00
3143	99.29	3173	2793	0.60	8138	0	0	0	0	0	0.00	0.00	0.00	0.00	0.71	0.00	78	79	0.00	0.00	149.48	0.00	0.00	0.00
3144	99.29	3174	2793	0.60	8088	0	0	0	0	0	0.00	0.00	0.00	0.00	0.71	0.00	79	79	0.00	0.00	149.51	0.00	0.00	0.00
3142	99.27	3172	2794	0.59	8129	0	0	0	0	0	0.00	0.00	0.00	0.00	0.73	0.00	79	79	0.00	0.00	149.52	0.00	0.00	0.00
3143	99.27	3173	2794	0.60	8154	0	0	0	0	0	0.00	0.00	0.00	0.00	0.73	0.00	79	79	0.00	0.00	149.82	0.00	0.00	0.00
3142	99.27	3174	2793	0.60	8123	0	0	0	0	0	0.00	0.00	0.00	0.00	0.73	0.00	79	79	0.00	0.00	149.45	0.00	0.00	0.00
3142	99.26	3173	2793	0.60	8121	0	0	0	0	0	0.00	0.00	0.00	0.00	0.74	0.00	79	79	0.00	0.00	149.58	0.00	0.00	0.00
3144	99.32	3172	2794	0.60	8200	0	0	0	0	0	0.00	0.00	0.00	0.00	0.68	0.00	79	79	0.00	0.00	149.64	0.00	0.00	0.00
3144	99.31	3173	2793	0.60	8151	0	0	0	0	0	0.00	0.00	0.00	0.00	0.69	0.00	79	80	0.00	0.00	149.39	0.00	0.00	0.00
3142	99.32	3171	2793	0.60	8130	0	0	0	0	0	0.00	0.00	0.00	0.00	0.68	0.00	80	80	0.00	0.00	149.58	0.00	0.00	0.00
3143	99.34	3171	2794	0.60	8116	0	0	0	0	0	0.00	0.00	0.00	0.00	0.66	0.00	80	80	0.00	0.00	149.57	0.00	0.00	0.00
3141	99.33	3170	2793	0.60	8097	0	0	0	0	0	0.00	0.00	0.00	0.00	0.67	0.00	79	80	0.00	0.00	149.59	0.00	0.00	0.00
3144	99.38	3171	2793	0.60	8146	0	0	0	0	0	0.00	0.00	0.00	0.00	0.62	0.00	80	80	0.00	0.00	149.50	0.00	0.00	0.00
3144	99.39	3169	2795	0.59	8132	0	0	0	0	0	0.00	0.00	0.00	0.00	0.61	0.00	80	80	0.00	0.00	149.77	0.00	0.00	0.00
3143	99.36	3172	2793	0.60	8123	0	0	0	0	0	0.00	0.00	0.00	0.00	0.64	0.00	80	80	0.00	0.00	149.46	0.00	0.00	0.00
3142	99.34	3171	2793	0.60	8129	0	0	0	0	0	0.00	0.00	0.00	0.00	0.66	0.00	80	80	0.00	0.00	149.61	0.00	0.00	0.00
3145	99.39	3170	2795	0.60	8163	0	0	0	0	0	0.00	0.00	0.00	0.00	0.61	0.00	80	80	0.00	0.00	149.67	0.00	0.00	0.00
3141	99.37	3170	2792	0.60	8101	0	0	0	0	0	0.00	0.00	0.00	0.00	0.63	0.00	80	80	0.00	0.00	149.46	0.00	0.00	0.00
3143	99.39	3170	2793	0.60	8167	0	0	0	0	0	0.00	0.00	0.00	0.00	0.61	0.00	80	80	0.00	0.00	149.59	0.00	0.00	0.00
3145	99.45	3169	2794	0.60	8137	0	0	0	0	0	0.00	0.00	0.00	0.00	0.55	0.00	80	80	0.00	0.00	149.46	0.00	0.00	0.00
3145	99.45	3170	2793	0.60	8147	0	0	0	0	0	0.00	0.00	0.00	0.00	0.55	0.00	80	81	0.00	0.00	149.61	0.00	0.00	0.00
3144	99.43	3169	2793	0.60	8130	0	0	0	0	1	0.00	0.00	0.00	0.01	0.57	0.00	81	80	0.00	0.00	149.60	0.00	0.00	0.00
3144	99.42	3170	2794	0.59	8128	0	0	0	0	0	0.00	0.00	0.00	0.00	0.58	0.00	81	81	0.00	0.00	149.58	0.00	0.00	0.00
3143	99.43	3168	2794	0.59	8098	0	0	0	0	0	0.00	0.00	0.00	0.00	0.57	0.00	81	81	0.00	0.00	149.53	0.00	0.00	0.00
3142	99.41	3170	2792	0.60	8158	0	0	0	0	0	0.00	0.00	0.00	0.00	0.59	0.00	80	80	0.00	0.00	149.57	0.00	0.00	0.00
3147	99.49	3170	2794	0.60	8141	0	0	0	0	0	0.00	0.00	0.00	0.00	0.51	0.00	80	81	0.00	0.00	149.62	0.00	0.00	0.00
3145	99.50	3167	2794	0.60	8127	0	0	0	0	0	0.00	0.00	0.00	0.00	0.50	0.00	81	81	0.00	0.00	149.63	0.00	0.00	0.00
3143	99.44	3169	2793	0.60	8120	0	0	0	0	0	0.00	0.00	0.00	0.00	0.56	0.00	81	81	0.00	0.00	149.48	0.00	0.00	0.00
3143	99.46	3167	2793	0.59	8183	0	0	0	0	0	0.00	0.00	0.00	0.00	0.54	0.00	81	81	0.00	0.00	149.54	0.00	0.00	0.00
3146	99.52	3168	2794	0.60	8132	0	0	0	0	0	0.00	0.00	0.00	0.00	0.48	0.00	81	81	0.00	0.00	149.62	0.00	0.00	0.00
3145	99.51	3167	2794	0.60	8092	0	0	0	0	0	0.00	0.00	0.00	0.00	0.49	0.00	81	81	0.00	0.00	149.44	0.00	0.00	0.00
3145	99.48	3169	2793	0.59	8126	0	0	0	0	0	0.00	0.00	0.00	0.00	0.52	0.00	82	82	0.00	0.00	149.63	0.00	0.00	0.00
3144	99.50	3168	2793	0.60	8151	0	0	0	0	1	0.00	0.00	0.00	0.00	0.50	0.00	81	81	0.00	0.00	149.65	0.00	0.00	0.00
3147	99.54	3169	2793	0.60	8125	0	0	0	0	0	0.00	0.00	0.00	0.00	0.46	0.00	81	81	0.00	0.00	149.49	0.00	0.00	0.00
3145	99.55	3168	2793	0.60	8128	0	0	0	0	0	0.00	0.00	0.00	0.00	0.45	0.00	81	81	0.00	0.00	149.52	0.00	0.00	0.00
3147	99.56	3167	2795	0.60	8132	0	0	0	0	1	0.00	0.00	0.00	0.00	0.44	0.00	81	82	0.00	0.00	149.65	0.00	0.00	0.00
3145	99.51	3168	2793	0.60	8133	0	0	0	0	0	0.00	0.00	0.00	0.00	0.49	0.00	82	82	0.00	0.00	149.65	0.00	0.00	0.00
3147	99.55	3168	2794	0.60	8131	0	0	0	0	0	0.00	0.00	0.00	0.00	0.45	0.00	82	82	0.00	0.00	149.51	0.00	0.00	0.00
3145	99.58	3166	2793	0.60	8136	0	0	0	0	1	0.00	0.00	0.00	0.01	0.42	0.00	81	81	0.00	0.00	149.56	0.00	0.00	0.00
3148	99.62	3167	2794	0.60	8132	0	0	0	0	1	0.00	0.00	0.00	0.01	0.38	0.00	81	82	0.00	0.00	149.66	0.00	0.00	0.00
3146	99.61	3167	2793	0.60	8122	0	0	0	0	0	0.00	0.00	0.00	0.00	0.39	0.00	81	82	0.00	0.00	149.46	0.00	0.00	0.00
3144	99.58	3166	2793	0.59	8132	0	0	0	0	0	0.00	0.00	0.00	0.00	0.42	0.00	82	82	0.00	0.00	149.49	0.00	0.00	0.00
3145	99.55	3166	2794	0.60	8127	0	0	0	0	0	0.00	0.00	0.00	0.00	0.45	0.00	82	82	0.00	0.00	149.53	0.00	0.00	0.00
3146	99.60	3166	2793	0.60	8146	0	0	0	0	0	0.00	0.00	0.00	0.00	0.40	0.00	82	82	0.00	0.00	149.57	0.00	0.00	0.00
3148	99.64	3166	2794	0.60	8161	0	0	0	0	0	0.00	0.00	0.00	0.00	0.36	0.00	82	82	0.00	0.00	149.74	0.00	0.00	0.00
3146	99.62	3166	2793	0.60	8132	0	0	0	0	0	0.00	0.00	0.00	0.00	0.38	0.00	82	82	0.00	0.00	149.46	0.00	0.00	0.00
3148	99.66	3165	2794	0.60	8118	0	0	0	0	0	0.00	0.00	0.00	0.00	0.34	0.00	82	82	0.00	0.00	149.58	0.00	0.00	0.00
3145	99.60	3166	2793	0.59	8132	0	0	0	0	0	0.00	0.00	0.00	0.00	0.40	0.00	82	82	0.00	0.00	149.51	0.00	0.00	0.00
3146	99.62	3165	2794	0.59	8159	0	0	0	0	0	0.00	0.00	0.00	0.00	0.38	0.00	82	82	0.00	0.00	149.61	0.00	0.00	0.00
3145	99.63	3164	2793	0.60	8132	0	0	0	0	0	0.00	0.00	0.00	0.00	0.37	0.00	82	82	0.00	0.00	149.49	0.00	0.00	0.00
3146	99.64	3165	2793	0.60	8119	0	0	0	0	0	0.00	0.00	0.00	0.00	0.36	0.00	82	82	0.00	0.00	149.57	0.00	0.00	0.00
3146	99.67	3161	2795	0.59	2783	0	0	0	0	0	0.00	0.00	0.00	0.00	0.33	0.00	82	82	0.00	0.00	149.75	0.00	0.00	0.00
