Avg_MHz	Busy%	Bzy_MHz	TSC_MHz	IPC	IRQ	SMI	POLL	C1	C1E	C6	POLL%	C1%	C1E%	C6%	CPU%c1	CPU%c6	CoreTmp	PkgTmp	Pkg%pc2	Pkg%pc6	PkgWatt	RAMWatt	PKG_%	RAM_%
119	3.18	3733	2794	0.32	825	0	0	0	7	505	0.00	0.00	0.01	96.83	5.52	91.29	70	72	0.00	0.00	57.47	0.00	0.00	0.00
118	3.20	3714	2794	0.32	959	0	0	0	13	766	0.00	0.00	0.03	96.80	6.70	90.11	70	72	0.00	0.00	57.50	0.00	0.00	0.00
119	3.20	3711	2793	0.32	948	0	0	0	12	754	0.00	0.00	0.04	96.77	6.67	90.13	70	72	0.00	0.00	57.43	0.00	0.00	0.00
119	3.21	3704	2794	0.32	874	0	0	0	8	707	0.00	0.00	0.02	96.79	6.86	89.94	70	72	0.00	0.00	57.41	0.00	0.00	0.00
119	3.20	3710	2793	0.32	968	0	0	0	6	785	0.00	0.00	0.01	96.78	6.81	89.99	70	72	0.00	0.00	57.41	0.00	0.00	0.00
118	3.20	3713	2793	0.32	910	0	0	2	14	721	0.00	0.00	0.05	96.76	6.71	90.09	70	72	0.00	0.00	57.48	0.00	0.00	0.00
118	3.20	3713	2793	0.32	914	0	0	0	16	727	0.00	0.00	0.06	96.74	6.65	90.15	70	72	0.00	0.00	57.42	0.00	0.00	0.00
119	3.21	3711	2794	0.32	973	0	0	0	12	785	0.00	0.00	0.02	96.79	6.64	90.15	69	71	0.00	0.00	57.49	0.00	0.00	0.00
119	3.19	3721	2793	0.32	831	0	2	0	6	642	0.00	0.00	0.01	96.80	6.14	90.67	69	72	0.00	0.00	57.36	0.00	0.00	0.00
119	3.19	3730	2794	0.32	734	0	0	0	5	547	0.00	0.00	0.02	96.81	5.64	91.17	70	71	0.00	0.00	57.19	0.00	0.00	0.00
119	3.19	3726	2793	0.32	789	0	0	0	6	612	0.00	0.00	0.02	96.80	5.99	90.82	69	72	0.00	0.00	57.30	0.00	0.00	0.00
119	3.19	3722	2793	0.32	844	0	0	0	17	642	0.00	0.00	0.05	96.75	6.26	90.55	68	71	0.00	0.00	57.29	0.00	0.00	0.00
118	3.20	3712	2794	0.32	924	0	0	0	12	739	0.00	0.00	0.03	96.79	6.54	90.26	68	71	0.00	0.00	57.33	0.00	0.00	0.00
118	3.20	3712	2793	0.32	928	0	0	0	10	745	0.00	0.00	0.01	96.80	6.61	90.19	69	71	0.00	0.00	57.15	0.00	0.00	0.00
118	3.20	3716	2793	0.32	861	0	2	0	9	676	0.00	0.00	0.02	96.79	6.42	90.39	69	71	0.00	0.00	57.01	0.00	0.00	0.00
119	3.20	3711	2794	0.32	936	0	0	0	9	745	0.00	0.00	0.05	96.77	6.77	90.02	68	70	0.00	0.00	57.14	0.00	0.00	0.00
119	3.19	3722	2793	0.32	855	0	0	0	11	658	0.00	0.00	0.02	96.79	6.23	90.58	69	71	0.00	0.00	57.04	0.00	0.00	0.00
119	3.21	3708	2793	0.32	995	0	0	0	15	810	0.00	0.00	0.05	96.75	6.88	89.91	68	71	0.00	0.00	56.92	0.00	0.00	0.00
119	3.20	3715	2793	0.32	906	0	0	0	7	714	0.00	0.00	0.01	96.80	6.43	90.37	68	71	0.00	0.00	56.79	0.00	0.00	0.00
118	3.19	3718	2793	0.32	871	0	0	2	6	678	0.00	0.01	0.02	96.78	6.48	90.33	68	70	0.00	0.00	57.17	0.00	0.00	0.00
119	3.19	3721	2793	0.32	855	0	0	0	7	670	0.00	0.00	0.01	96.81	6.19	90.62	68	71	0.00	0.00	56.96	0.00	0.00	0.00
119	3.19	3722	2793	0.32	850	0	0	0	12	659	0.00	0.00	0.04	96.78	6.23	90.58	68	71	0.00	0.00	56.81	0.00	0.00	0.00
119	3.19	3721	2793	0.32	857	0	0	1	13	662	0.00	0.00	0.07	96.75	6.11	90.70	68	70	0.00	0.00	56.74	0.00	0.00	0.00
119	3.21	3707	2793	0.32	1006	0	0	2	9	813	0.00	0.00	0.02	96.78	6.84	89.95	68	70	0.00	0.00	56.72	0.00	0.00	0.00
119	3.19	3734	2794	0.32	753	0	0	0	5	556	0.00	0.00	0.01	96.82	5.67	91.14	67	70	0.00	0.00	56.48	0.00	0.00	0.00
119	3.19	3731	2793	0.32	783	0	0	1	5	591	0.00	0.00	0.01	96.81	5.69	91.12	68	69	0.00	0.00	56.43	0.00	0.00	0.00
119	3.19	3728	2793	0.32	782	0	0	0	10	593	0.00	0.00	0.05	96.77	5.74	91.07	68	70	0.00	0.00	56.36	0.00	0.00	0.00
119	3.20	3716	2794	0.32	906	0	0	2	9	716	0.00	0.01	0.03	96.76	6.46	90.34	68	70	0.00	0.00	56.62	0.00	0.00	0.00
118	3.21	3702	2793	0.32	1029	0	0	1	7	851	0.00	0.00	0.02	96.78	7.02	89.77	67	70	0.00	0.00	56.84	0.00	0.00	0.00
119	3.20	3717	2794	0.32	879	0	0	2	11	687	0.00	0.00	0.04	96.78	6.49	90.31	67	70	0.00	0.00	56.65	0.00	0.00	0.00
119	3.20	3718	2793	0.32	888	0	0	1	12	697	0.00	0.00	0.05	96.76	6.34	90.46	68	70	0.00	0.00	56.17	0.00	0.00	0.00
119	3.20	3718	2793	0.32	891	0	0	0	13	701	0.00	0.00	0.04	96.77	6.34	90.47	67	69	0.00	0.00	56.34	0.00	0.00	0.00
119	3.20	3719	2793	0.32	881	0	0	0	8	691	0.00	0.00	0.02	96.80	6.19	90.62	67	69	0.00	0.00	56.45	0.00	0.00	0.00
119	3.21	3707	2793	0.32	1031	0	0	0	6	842	0.00	0.00	0.02	96.79	6.86	89.94	67	69	0.00	0.00	56.29	0.00	0.00	0.00
119	3.19	3722	2794	0.32	821	0	1	0	9	640	0.00	0.00	0.06	96.76	6.13	90.68	67	69	0.00	0.00	56.23	0.00	0.00	0.00
119	3.20	3712	2793	0.32	938	0	6	2	8	745	0.00	0.00	0.02	96.78	6.59	90.21	67	69	0.00	0.00	56.26	0.00	0.00	0.00
119	3.19	3732	2793	0.32	725	0	0	0	9	539	0.00	0.00	0.02	96.81	5.67	91.15	67	69	0.00	0.00	56.56	0.00	0.00	0.00
119	3.20	3719	2793	0.32	915	0	0	0	5	726	0.00	0.00	0.01	96.80	6.41	90.39	67	69	0.00	0.00	56.38	0.00	0.00	0.00
119	3.19	3722	2794	0.32	827	0	0	1	10	643	0.00	0.00	0.05	96.77	6.07	90.74	67	69	0.00	0.00	56.53	0.00	0.00	0.00
118	3.20	3714	2793	0.32	951	0	0	1	11	747	0.00	0.00	0.09	96.72	6.64	90.17	67	69	0.00	0.00	56.53	0.00	0.00	0.00
119	3.20	3718	2793	0.32	858	0	0	1	12	671	0.00	0.00	0.01	96.80	6.31	90.50	67	68	0.00	0.00	56.52	0.00	0.00	0.00
118	3.20	3713	2793	0.32	958	0	0	3	11	761	0.00	0.00	0.03	96.78	6.60	90.20	67	69	0.00	0.00	56.45	0.00	0.00	0.00
119	3.20	3714	2794	0.32	907	0	0	0	11	726	0.00	0.00	0.05	96.77	6.51	90.30	67	69	0.00	0.00	56.31	0.00	0.00	0.00
118	3.19	3720	2793	0.32	819	0	0	0	7	640	0.00	0.00	0.02	96.79	6.39	90.42	67	69	0.00	0.00	56.35	0.00	0.00	0.00
119	3.19	3721	2794	0.32	834	0	0	2	11	648	0.00	0.00	0.04	96.78	6.15	90.65	67	69	0.00	0.00	56.40	0.00	0.00	0.00
119	3.20	3717	2793	0.32	908	0	0	0	14	714	0.00	0.00	0.05	96.76	6.43	90.38	66	69	0.00	0.00	56.45	0.00	0.00	0.00
119	3.20	3718	2794	0.32	874	0	0	2	5	691	0.00	0.00	0.00	96.81	6.26	90.54	66	68	0.00	0.00	56.28	0.00	0.00	0.00
119	3.20	3725	2793	0.32	803	0	0	1	4	620	0.00	0.00	0.03	96.78	6.14	90.66	66	69	0.00	0.00	56.33	0.00	0.00	0.00
119	3.20	3715	2793	0.32	890	0	0	1	6	711	0.00	0.00	0.01	96.80	6.37	90.43	66	68	0.00	0.00	56.35	0.00	0.00	0.00
119	3.19	3723	2793	0.32	778	0	0	0	9	596	0.00	0.00	0.04	96.78	5.97	90.84	66	68	0.00	0.00	56.33	0.00	0.00	0.00
118	3.19	3718	2793	0.32	842	0	0	0	12	658	0.00	0.00	0.05	96.77	6.26	90.54	66	69	0.00	0.00	56.28	0.00	0.00	0.00
118	3.20	3708	2793	0.32	978	0	0	0	6	786	0.00	0.00	0.04	96.77	6.76	90.04	66	68	0.00	0.00	56.25	0.00	0.00	0.00
118	3.19	3721	2793	0.32	805	0	0	1	6	631	0.00	0.00	0.01	96.81	6.21	90.59	66	69	0.00	0.00	56.18	0.00	0.00	0.00
118	3.20	3711	2793	0.32	926	0	0	1	9	739	0.00	0.00	0.02	96.79	6.58	90.22	66	68	0.00	0.00	56.27	0.00	0.00	0.00
119	3.20	3716	2793	0.32	904	0	0	2	11	719	0.00	0.01	0.04	96.77	6.37	90.43	66	68	0.00	0.00	56.30	0.00	0.00	0.00
119	3.20	3712	2793	0.32	956	0	0	0	9	768	0.00	0.00	0.03	96.78	6.72	90.08	66	68	0.00	0.00	56.28	0.00	0.00	0.00
119	3.19	3729	2793	0.32	774	0	0	1	5	585	0.00	0.00	0.01	96.81	5.83	90.98	66	68	0.00	0.00	56.15	0.00	0.00	0.00
119	3.20	3717	2793	0.32	855	0	0	1	5	685	0.00	0.00	0.04	96.77	6.41	90.39	66	68	0.00	0.00	56.39	0.00	0.00	0.00
119	3.20	3718	2794	0.32	859	0	0	3	7	675	0.00	0.00	0.03	96.79	6.42	90.39	66	67	0.00	0.00	56.25	0.00	0.00	0.00
118	3.20	3715	2793	0.32	883	0	0	0	10	689	0.00	0.00	0.03	96.78	6.62	90.18	66	68	0.00	0.00	56.27	0.00	0.00	0.00
119	3.20	3708	2793	0.32	960	0	0	0	10	785	0.00	0.00	0.01	96.80	6.79	90.01	65	68	0.00	0.00	56.23	0.00	0.00	0.00
119	3.19	3725	2794	0.32	785	0	0	0	9	594	0.00	0.00	0.04	96.78	5.94	90.87	65	68	0.00	0.00	56.24	0.00	0.00	0.00
118	3.19	3719	2793	0.32	848	0	0	0	9	659	0.00	0.00	0.05	96.76	6.38	90.43	65	67	0.00	0.00	56.31	0.00	0.00	0.00
118	3.20	3706	2793	0.32	955	0	0	1	8	770	0.00	0.00	0.03	96.77	6.80	90.00	65	68	0.00	0.00	56.31	0.00	0.00	0.00
119	3.20	3719	2794	0.32	851	0	0	2	10	663	0.00	0.00	0.01	96.81	6.27	90.53	65	67	0.00	0.00	56.25	0.00	0.00	0.00
119	3.21	3710	2793	0.32	736	0	0	8	9	553	0.00	0.09	0.03	96.67	6.21	90.57	65	68	0.00	0.00	56.33	0.00	0.00	0.00
119	3.19	3720	2793	0.32	837	0	0	0	5	654	0.00	0.00	0.02	96.80	6.27	90.54	65	67	0.00	0.00	56.20	0.00	0.00	0.00
119	3.20	3719	2793	0.32	859	0	0	0	12	681	0.00	0.00	0.04	96.76	6.58	90.22	65	67	0.00	0.00	56.33	0.00	0.00	0.00
119	3.20	3716	2793	0.32	893	0	0	0	13	706	0.00	0.00	0.03	96.78	6.32	90.48	65	67	0.00	0.00	56.26	0.00	0.00	0.00
119	3.19	3721	2794	0.32	859	0	0	1	5	662	0.00	0.00	0.04	96.78	6.26	90.55	65	68	0.00	0.00	56.40	0.00	0.00	0.00
119	3.19	3729	2793	0.32	780	0	0	2	9	581	0.00	0.00	0.06	96.76	5.86	90.95	65	68	0.00	0.00	56.23	0.00	0.00	0.00
118	3.21	3698	2793	0.32	934	0	0	0	14	766	0.00	0.00	0.06	96.74	7.08	89.71	65	67	0.00	0.00	56.45	0.00	0.00	0.00
119	3.20	3717	2793	0.32	878	0	0	1	10	690	0.00	0.00	0.03	96.77	6.33	90.47	65	67	0.00	0.00	56.29	0.00	0.00	0.00
119	3.20	3714	2794	0.32	930	0	0	0	9	738	0.00	0.00	0.02	96.79	6.60	90.20	65	67	0.00	0.00	56.27	0.00	0.00	0.00
119	3.19	3724	2793	0.32	822	0	0	0	9	629	0.00	0.00	0.04	96.77	6.10	90.70	65	67	0.00	0.00	56.33	0.00	0.00	0.00
118	3.20	3714	2794	0.32	871	0	0	0	9	678	0.00	0.00	0.06	96.76	6.62	90.18	64	66	0.00	0.00	56.37	0.00	0.00	0.00
119	3.19	3723	2793	0.32	847	0	0	2	12	657	0.00	0.00	0.03	96.77	6.25	90.56	65	67	0.00	0.00	56.22	0.00	0.00	0.00
119	3.21	3707	2794	0.32	1031	0	0	0	7	850	0.00	0.00	0.01	96.80	6.93	89.85	64	66	0.00	0.00	56.30	0.00	0.00	0.00
119	3.20	3714	2793	0.32	926	0	0	1	6	736	0.00	0.00	0.02	96.80	6.49	90.31	65	67	0.00	0.00	56.19	0.00	0.00	0.00
119	3.19	3722	2793	0.32	813	0	0	0	7	622	0.00	0.00	0.03	96.78	6.21	90.60	64	67	0.00	0.00	56.22	0.00	0.00	0.00
119	3.19	3724	2793	0.32	809	0	0	0	7	632	0.00	0.00	0.01	96.80	6.16	90.65	65	67	0.00	0.00	56.20	0.00	0.00	0.00
119	3.20	3720	2793	0.32	865	0	0	1	10	675	0.00	0.00	0.03	96.78	6.19	90.61	64	66	0.00	0.00	56.22	0.00	0.00	0.00
119	3.20	3716	2794	0.32	894	0	0	2	7	711	0.00	0.00	0.02	96.80	6.40	90.40	64	67	0.00	0.00	56.29	0.00	0.00	0.00
119	3.19	3729	2793	0.32	738	0	0	1	7	544	0.00	0.00	0.04	96.77	5.93	90.89	64	66	0.00	0.00	56.18	0.00	0.00	0.00
119	3.19	3726	2793	0.32	777	0	0	0	6	597	0.00	0.00	0.01	96.80	5.96	90.85	64	67	0.00	0.00	56.23	0.00	0.00	0.00
118	3.19	3723	2793	0.32	786	0	0	1	7	598	0.00	0.00	0.02	96.80	6.09	90.72	64	67	0.00	0.00	56.21	0.00	0.00	0.00
119	3.20	3711	2794	0.32	967	0	0	0	11	782	0.00	0.00	0.02	96.79	6.61	90.19	64	66	0.00	0.00	56.24	0.00	0.00	0.00
119	3.19	3728	2793	0.32	738	0	0	0	9	548	0.00	0.00	0.06	96.76	5.95	90.86	64	66	0.00	0.00	56.21	0.00	0.00	0.00
119	3.20	3716	2793	0.32	879	0	0	2	12	691	0.00	0.00	0.03	96.78	6.40	90.40	64	66	0.00	0.00	56.22	0.00	0.00	0.00
119	3.19	3724	2793	0.32	795	0	0	0	10	601	0.00	0.00	0.06	96.76	6.15	90.66	64	66	0.00	0.00	56.21	0.00	0.00	0.00
119	3.20	3710	2794	0.32	989	0	0	0	8	800	0.00	0.00	0.02	96.80	6.68	90.12	64	67	0.00	0.00	56.27	0.00	0.00	0.00
119	3.18	3738	2793	0.32	653	0	0	2	7	458	0.00	0.01	0.04	96.78	5.49	91.32	64	66	0.00	0.00	56.21	0.00	0.00	0.00
119	3.18	3740	2793	0.32	652	0	0	1	4	466	0.00	0.00	0.00	96.82	5.34	91.48	64	66	0.00	0.00	56.21	0.00	0.00	0.00
119	3.19	3724	2793	0.32	836	0	0	0	7	641	0.00	0.00	0.01	96.81	6.07	90.74	64	66	0.00	0.00	56.20	0.00	0.00	0.00
119	3.20	3715	2793	0.32	944	0	0	2	8	752	0.00	0.00	0.03	96.78	6.57	90.23	64	66	0.00	0.00	56.21	0.00	0.00	0.00
119	3.20	3709	2793	0.32	921	0	0	0	8	734	0.00	0.00	0.03	96.77	6.53	90.26	64	66	0.00	0.00	56.12	0.00	0.00	0.00
119	3.19	3733	2793	0.32	752	0	0	0	6	562	0.00	0.00	0.04	96.78	5.70	91.11	64	66	0.00	0.00	56.18	0.00	0.00	0.00
119	3.20	3731	2793	0.32	774	0	0	1	10	584	0.00	0.00	0.03	96.78	5.75	91.06	64	66	0.00	0.00	56.22	0.00	0.00	0.00
118	3.20	3712	2794	0.32	936	0	0	0	8	747	0.00	0.00	0.02	96.80	6.66	90.14	64	66	0.00	0.00	56.23	0.00	0.00	0.00
119	3.21	3707	2793	0.32	1027	0	0	1	5	838	0.00	0.00	0.00	96.80	6.80	90.00	64	66	0.00	0.00	56.18	0.00	0.00	0.00
119	3.20	3719	2793	0.32	883	0	1	0	13	694	0.00	0.00	0.05	96.77	6.22	90.59	64	66	0.00	0.00	56.20	0.00	0.00	0.00
119	3.19	3730	2793	0.32	783	0	0	0	10	599	0.00	0.00	0.03	96.78	5.76	91.05	64	66	0.00	0.00	56.19	0.00	0.00	0.00
119	3.20	3708	2794	0.32	925	0	0	0	10	744	0.00	0.00	0.03	96.78	6.49	90.31	63	66	0.00	0.00	56.26	0.00	0.00	0.00
119	3.19	3722	2793	0.32	865	0	0	1	5	671	0.00	0.00	0.00	96.81	6.32	90.49	63	66	0.00	0.00	56.24	0.00	0.00	0.00
119	3.18	3735	2794	0.32	725	0	0	2	4	536	0.00	0.01	0.02	96.80	5.62	91.20	64	66	0.00	0.00	56.17	0.00	0.00	0.00
119	3.19	3722	2793	0.32	828	0	0	0	3	641	0.00	0.00	0.00	96.81	6.14	90.67	63	65	0.00	0.00	56.24	0.00	0.00	0.00
119	3.19	3725	2793	0.32	848	0	0	0	12	657	0.00	0.00	0.04	96.78	6.09	90.71	64	66	0.00	0.00	56.15	0.00	0.00	0.00
119	3.21	3713	2793	0.32	1023	0	0	0	7	830	0.00	0.00	0.01	96.80	6.50	90.28	64	66	0.00	0.00	56.21	0.00	0.00	0.00
119	3.20	3716	2794	0.32	957	0	0	0	6	758	0.00	0.00	0.03	96.78	6.46	90.34	64	66	0.00	0.00	56.17	0.00	0.00	0.00
119	3.19	3736	2793	0.32	715	0	0	0	7	518	0.00	0.00	0.04	96.78	5.55	91.26	63	66	0.00	0.00	56.16	0.00	0.00	0.00
119	3.20	3718	2793	0.32	936	0	0	0	7	745	0.00	0.00	0.02	96.78	6.34	90.46	64	65	0.00	0.00	56.23	0.00	0.00	0.00
119	3.20	3723	2793	0.32	889	0	0	0	7	696	0.00	0.00	0.02	96.80	6.11	90.70	63	66	0.00	0.00	56.19	0.00	0.00	0.00
119	3.20	3717	2793	0.32	928	0	0	1	13	727	0.00	0.00	0.03	96.78	6.48	90.33	63	65	0.00	0.00	56.24	0.00	0.00	0.00
119	3.19	3731	2793	0.32	782	0	0	0	7	593	0.00	0.00	0.02	96.80	5.86	90.95	64	66	0.00	0.00	56.19	0.00	0.00	0.00
119	3.20	3720	2794	0.32	868	0	0	0	8	679	0.00	0.00	0.02	96.79	6.41	90.39	63	65	0.00	0.00	56.25	0.00	0.00	0.00
119	3.19	3728	2793	0.32	845	0	0	0	8	651	0.00	0.00	0.02	96.79	6.21	90.60	63	66	0.00	0.00	56.15	0.00	0.00	0.00
116	3.18	3661	2793	0.32	857	0	0	0	10	665	0.00	0.00	0.04	96.79	6.33	90.49	58	58	0.00	0.00	55.95	0.00	0.00	0.00
119	3.21	3707	2793	0.32	815	0	0	0	13	632	0.00	0.00	0.06	96.72	6.04	90.75	59	59	0.00	0.00	56.07	0.00	0.00	0.00
119	3.22	3688	2793	0.32	1004	0	0	1	11	830	0.00	0.00	0.04	96.75	7.02	89.76	59	59	0.00	0.00	56.07	0.00	0.00	0.00
118	3.20	3715	2793	0.32	829	0	0	1	6	646	0.00	0.00	0.01	96.80	6.08	90.72	59	59	0.00	0.00	56.09	0.00	0.00	0.00
119	3.23	3678	2794	0.32	882	0	0	0	12	742	0.00	0.00	0.06	96.74	7.45	89.32	59	59	0.00	0.00	55.99	0.00	0.00	0.00
