Avg_MHz	Busy%	Bzy_MHz	TSC_MHz	IPC	IRQ	SMI	POLL	C1	C1E	C6	POLL%	C1%	C1E%	C6%	CPU%c1	CPU%c6	CoreTmp	PkgTmp	Pkg%pc2	Pkg%pc6	PkgWatt	RAMWatt	PKG_%	RAM_%
1551	49.86	3112	2800	0.21	10229	0	915	381	56	698	0.01	0.05	0.04	50.16	50.06	0.09	62	62	0.00	0.00	124.72	0.00	0.00	0.00
1556	49.87	3109	2809	0.21	10026	0	867	342	106	650	0.02	0.03	0.05	50.33	50.05	0.08	63	62	0.00	0.00	124.88	0.00	0.00	0.00
1552	49.88	3110	2801	0.21	9918	0	951	312	66	702	0.01	0.04	0.07	50.15	50.04	0.08	63	62	0.00	0.00	124.27	0.00	0.00	0.00
1552	49.89	3111	2800	0.21	10015	0	892	347	78	691	0.02	0.05	0.04	50.15	50.04	0.08	63	62	0.00	0.00	124.33	0.00	0.00	0.00
1544	49.94	3106	2787	0.21	10119	0	1003	314	73	722	0.02	0.04	0.04	49.86	50.03	0.02	64	63	0.00	0.00	124.08	0.00	0.00	0.00
1545	49.93	3110	2785	0.21	10020	0	888	389	84	666	0.02	0.06	0.02	49.85	50.04	0.03	64	63	0.00	0.00	123.00	0.00	0.00	0.00
1552	49.88	3109	2803	0.21	9958	0	991	365	73	685	0.02	0.04	0.05	50.20	50.05	0.07	64	63	0.00	0.00	124.78	0.00	0.00	0.00
1546	49.87	3108	2794	0.21	9968	0	811	379	92	653	0.02	0.03	0.06	50.04	50.07	0.07	64	64	0.00	0.00	124.30	0.00	0.00	0.00
1542	49.90	3108	2785	0.21	9998	0	924	302	109	739	0.02	0.04	0.10	49.81	50.08	0.03	65	64	0.00	0.00	124.00	0.00	0.00	0.00
1554	49.90	3109	2804	0.21	10166	0	977	303	71	689	0.02	0.06	0.05	50.19	50.09	0.01	66	64	0.00	0.00	124.77	0.00	0.00	0.00
1540	49.91	3109	2778	0.21	10030	0	912	259	90	700	0.01	0.02	0.04	49.75	50.02	0.07	65	64	0.00	0.00	123.29	0.00	0.00	0.00
1546	49.86	3109	2792	0.21	9871	0	941	278	127	652	0.02	0.04	0.10	49.97	50.14	0.00	65	65	0.00	0.00	124.45	0.00	0.00	0.00
1548	49.87	3112	2793	0.21	10028	0	942	374	110	660	0.02	0.05	0.07	50.01	50.08	0.06	66	65	0.00	0.00	124.43	0.00	0.00	0.00
1557	49.87	3107	2813	0.21	9906	0	852	351	62	577	0.01	0.03	0.05	50.40	50.04	0.09	66	65	0.00	0.00	125.79	0.00	0.00	0.00
1540	49.94	3107	2779	0.21	10152	0	820	319	100	751	0.02	0.04	0.06	49.70	50.04	0.02	66	66	0.00	0.00	123.26	0.00	0.00	0.00
1548	49.88	3110	2794	0.21	9916	0	963	288	79	686	0.02	0.05	0.04	50.05	50.05	0.07	67	65	0.00	0.00	125.09	0.00	0.00	0.00
1550	49.88	3110	2797	0.21	9937	0	977	368	84	645	0.02	0.05	0.05	50.08	50.06	0.06	66	66	0.00	0.00	125.06	0.00	0.00	0.00
1540	49.90	3108	2781	0.21	10072	0	899	309	97	703	0.02	0.03	0.09	49.75	50.06	0.03	67	66	0.00	0.00	123.98	0.00	0.00	0.00
1550	49.87	3112	2797	0.21	10037	0	906	312	114	668	0.02	0.06	0.04	50.09	50.08	0.05	67	66	0.00	0.00	124.53	0.00	0.00	0.00
1546	49.89	3109	2791	0.21	10073	0	832	478	74	646	0.02	0.05	0.05	49.96	50.05	0.07	67	67	0.00	0.00	125.10	0.00	0.00	0.00
1562	49.92	3108	2819	0.21	10009	0	792	368	54	647	0.01	0.05	0.02	50.46	50.03	0.04	68	67	0.00	0.00	125.99	0.00	0.00	0.00
1532	49.92	3107	2767	0.21	9946	0	914	353	80	650	0.02	0.06	0.05	49.49	50.06	0.02	68	67	0.00	0.00	123.20	0.00	0.00	0.00
1546	49.88	3110	2791	0.21	10010	0	847	374	107	597	0.01	0.07	0.10	49.92	50.09	0.04	68	67	0.00	0.00	125.46	0.00	0.00	0.00
1559	49.90	3111	2811	0.21	10112	0	970	383	86	747	0.02	0.03	0.17	50.22	50.08	0.02	68	67	0.00	0.00	125.42	0.00	0.00	0.00
1543	49.82	3111	2789	0.21	9910	0	802	340	101	700	0.01	0.03	0.07	49.99	50.06	0.13	68	67	0.00	0.00	124.52	0.00	0.00	0.00
1546	49.88	3108	2792	0.21	9870	0	1006	372	118	611	0.02	0.05	0.10	49.94	50.09	0.03	69	68	0.00	0.00	125.87	0.00	0.00	0.00
1553	49.89	3109	2803	0.21	9915	0	968	310	96	623	0.02	0.04	0.08	50.16	50.08	0.02	69	68	0.00	0.00	125.64	0.00	0.00	0.00
1551	49.86	3111	2800	0.21	9815	0	861	382	107	626	0.01	0.03	0.09	50.13	50.06	0.08	69	68	0.00	0.00	125.12	0.00	0.00	0.00
1540	49.93	3106	2781	0.21	10344	0	874	342	71	702	0.02	0.03	0.05	49.77	50.04	0.03	69	69	0.00	0.00	124.80	0.00	0.00	0.00
1542	49.93	3109	2781	0.21	10443	0	913	316	99	793	0.02	0.07	0.14	49.65	50.04	0.03	70	69	0.00	0.00	124.43	0.00	0.00	0.00
1556	49.84	3114	2807	0.21	10366	0	959	365	83	652	0.01	0.05	0.05	50.31	50.04	0.13	70	69	0.00	0.00	126.17	0.00	0.00	0.00
1540	49.82	3112	2782	0.21	10188	0	1006	276	104	684	0.02	0.05	0.06	49.86	50.05	0.13	70	69	0.00	0.00	124.56	0.00	0.00	0.00
1554	49.85	3110	2807	0.21	10146	0	882	363	99	700	0.02	0.04	0.04	50.32	50.03	0.12	70	69	0.00	0.00	126.31	0.00	0.00	0.00
1541	49.95	3107	2779	0.21	10230	0	840	398	71	771	0.01	0.04	0.02	49.73	50.01	0.04	70	69	0.00	0.00	124.65	0.00	0.00	0.00
1550	49.84	3112	2797	0.21	10276	0	869	396	95	708	0.02	0.05	0.08	50.11	50.08	0.09	70	70	0.00	0.00	125.75	0.00	0.00	0.00
1549	49.90	3110	2794	0.21	10150	0	799	383	74	703	0.02	0.04	0.08	50.00	50.06	0.04	71	70	0.00	0.00	125.91	0.00	0.00	0.00
1554	49.91	3109	2804	0.21	10115	0	822	382	84	712	0.02	0.04	0.04	50.20	50.04	0.05	71	70	0.00	0.00	125.54	0.00	0.00	0.00
1540	49.91	3107	2782	0.21	10086	0	839	336	109	737	0.02	0.05	0.10	49.74	50.08	0.01	71	70	0.00	0.00	125.43	0.00	0.00	0.00
1559	49.84	3112	2814	0.21	9984	0	817	395	107	676	0.01	0.02	0.11	50.40	50.09	0.07	71	70	0.00	0.00	126.51	0.00	0.00	0.00
1539	49.92	3106	2780	0.21	9961	0	702	343	95	645	0.01	0.04	0.08	49.72	50.07	0.02	71	70	0.00	0.00	125.41	0.00	0.00	0.00
1542	49.84	3111	2784	0.21	9795	0	804	323	122	644	0.02	0.04	0.06	49.89	50.08	0.08	71	70	0.00	0.00	125.03	0.00	0.00	0.00
1548	49.87	3114	2792	0.21	9936	0	884	329	86	619	0.01	0.03	0.11	49.96	50.02	0.11	72	70	0.00	0.00	125.29	0.00	0.00	0.00
1548	49.82	3117	2791	0.21	10020	0	835	455	42	657	0.02	0.07	0.03	50.04	50.06	0.12	71	70	0.00	0.00	125.39	0.00	0.00	0.00
1546	49.85	3113	2790	0.21	9925	0	865	355	112	654	0.02	0.04	0.10	49.94	50.04	0.11	72	71	0.00	0.00	125.72	0.00	0.00	0.00
1550	49.88	3111	2796	0.21	10136	0	885	345	68	702	0.02	0.06	0.04	50.08	50.05	0.08	72	71	0.00	0.00	125.79	0.00	0.00	0.00
1553	49.85	3111	2804	0.21	10021	0	903	467	91	626	0.02	0.05	0.09	50.20	50.10	0.06	72	71	0.00	0.00	126.77	0.00	0.00	0.00
1556	49.84	3111	2811	0.21	10033	0	1031	263	104	692	0.02	0.08	0.03	50.37	50.09	0.07	72	71	0.00	0.00	126.48	0.00	0.00	0.00
1530	49.92	3108	2761	0.21	10004	0	818	353	81	662	0.01	0.11	0.04	49.35	50.01	0.06	72	71	0.00	0.00	124.26	0.00	0.00	0.00
1565	49.85	3111	2825	0.21	9960	0	876	322	81	641	0.01	0.07	0.05	50.60	50.08	0.07	73	71	0.00	0.00	127.93	0.00	0.00	0.00
1538	49.94	3107	2775	0.21	9968	0	873	331	69	669	0.02	0.03	0.03	49.68	50.03	0.03	72	72	0.00	0.00	124.37	0.00	0.00	0.00
1553	49.91	3108	2804	0.21	10098	0	879	394	82	645	0.02	0.04	0.07	50.18	50.08	0.01	73	72	0.00	0.00	127.17	0.00	0.00	0.00
1547	49.90	3108	2792	0.21	9990	0	824	445	94	669	0.02	0.03	0.05	49.98	50.04	0.05	73	72	0.00	0.00	125.37	0.00	0.00	0.00
1536	49.89	3111	2770	0.21	10011	0	946	329	84	645	0.01	0.02	0.06	49.60	50.03	0.08	73	72	0.00	0.00	124.22	0.00	0.00	0.00
1557	49.79	3112	2815	0.21	9946	0	810	380	106	614	0.01	0.08	0.08	50.43	50.12	0.09	73	72	0.00	0.00	127.33	0.00	0.00	0.00
1544	49.88	3108	2788	0.21	9979	0	858	333	100	677	0.01	0.05	0.07	49.90	50.09	0.03	73	72	0.00	0.00	126.04	0.00	0.00	0.00
1549	49.89	3108	2798	0.21	9785	0	942	279	112	695	0.02	0.04	0.06	50.09	50.08	0.03	73	72	0.00	0.00	126.80	0.00	0.00	0.00
1566	49.92	3105	2829	0.21	10006	0	794	292	117	809	0.02	0.06	0.27	50.40	50.05	0.03	72	72	0.00	0.00	128.97	0.00	0.00	0.00
1548	50.04	3100	2794	0.21	9805	0	893	314	8	581	0.01	0.00	0.03	49.94	49.96	0.00	73	73	0.00	0.00	126.39	0.00	0.00	0.00
1548	50.05	3100	2793	0.21	9964	0	890	327	12	734	0.01	0.00	0.00	49.95	49.95	0.00	73	73	0.00	0.00	126.49	0.00	0.00	0.00
1548	50.05	3100	2794	0.21	10012	0	942	332	13	660	0.01	0.00	0.00	49.95	49.95	0.00	73	73	0.00	0.00	126.46	0.00	0.00	0.00
1548	50.04	3100	2793	0.21	9904	0	853	362	7	626	0.01	0.00	0.04	49.92	49.96	0.00	73	73	0.00	0.00	126.62	0.00	0.00	0.00
1548	50.05	3100	2793	0.21	10193	0	889	307	14	771	0.01	0.00	0.01	49.95	49.95	0.00	73	73	0.00	0.00	126.47	0.00	0.00	0.00
1548	50.06	3100	2793	0.21	10192	0	885	361	15	678	0.01	0.01	0.05	49.89	49.94	0.00	73	73	0.00	0.00	126.65	0.00	0.00	0.00
1548	50.05	3100	2794	0.21	10198	0	886	292	8	676	0.01	0.00	0.00	49.95	49.95	0.00	73	74	0.00	0.00	126.59	0.00	0.00	0.00
1548	50.05	3100	2793	0.21	10131	0	881	296	5	628	0.01	0.00	0.00	49.95	49.95	0.00	73	73	0.00	0.00	126.81	0.00	0.00	0.00
1548	50.04	3100	2794	0.21	10131	0	742	378	15	700	0.01	0.02	0.01	49.93	49.96	0.00	73	73	0.00	0.00	126.80	0.00	0.00	0.00
1548	50.05	3100	2793	0.21	10027	0	836	296	10	646	0.01	0.00	0.05	49.90	49.95	0.00	73	74	0.00	0.00	126.94	0.00	0.00	0.00
1548	50.04	3100	2793	0.21	9957	0	939	279	14	637	0.01	0.00	0.01	49.95	49.96	0.00	74	74	0.00	0.00	126.83	0.00	0.00	0.00
1548	50.05	3100	2793	0.21	10122	0	963	273	12	736	0.01	0.00	0.00	49.95	49.95	0.00	74	74	0.00	0.00	126.83	0.00	0.00	0.00
1548	50.04	3100	2793	0.21	9989	0	784	344	14	650	0.01	0.01	0.03	49.93	49.96	0.00	74	74	0.00	0.00	127.05	0.00	0.00	0.00
1548	50.05	3100	2794	0.21	9907	0	845	252	9	613	0.01	0.02	0.03	49.92	49.95	0.00	74	74	0.00	0.00	127.01	0.00	0.00	0.00
1548	50.04	3100	2793	0.21	10031	0	950	341	12	705	0.02	0.02	0.00	49.94	49.96	0.00	74	74	0.00	0.00	126.99	0.00	0.00	0.00
1548	50.05	3100	2793	0.21	9981	0	887	340	11	680	0.01	0.01	0.01	49.93	49.95	0.00	74	74	0.00	0.00	127.18	0.00	0.00	0.00
1548	50.05	3100	2793	0.21	9962	0	910	329	13	665	0.01	0.00	0.04	49.92	49.95	0.00	75	75	0.00	0.00	127.12	0.00	0.00	0.00
1548	50.05	3100	2793	0.21	9970	0	874	298	8	684	0.01	0.00	0.00	49.95	49.95	0.00	74	75	0.00	0.00	127.05	0.00	0.00	0.00
1548	50.04	3100	2793	0.21	9917	0	889	338	12	679	0.01	0.00	0.00	49.95	49.96	0.00	74	75	0.00	0.00	127.20	0.00	0.00	0.00
1548	50.05	3100	2793	0.21	9918	0	891	368	8	655	0.01	0.00	0.03	49.92	49.95	0.00	75	75	0.00	0.00	127.14	0.00	0.00	0.00
1548	50.05	3100	2793	0.21	10037	0	905	360	18	765	0.02	0.01	0.01	49.95	49.95	0.00	75	75	0.00	0.00	127.31	0.00	0.00	0.00
1548	50.06	3100	2794	0.21	10132	0	850	352	11	842	0.01	0.03	0.00	49.92	49.94	0.00	75	75	0.00	0.00	127.22	0.00	0.00	0.00
1548	50.04	3100	2793	0.21	10013	0	940	283	15	708	0.01	0.01	0.10	49.85	49.96	0.00	75	75	0.00	0.00	127.43	0.00	0.00	0.00
1548	50.05	3100	2793	0.21	10021	0	822	319	7	667	0.01	0.02	0.02	49.92	49.95	0.00	75	75	0.00	0.00	127.29	0.00	0.00	0.00
1548	50.04	3100	2793	0.21	10016	0	896	311	4	766	0.01	0.00	0.00	49.96	49.96	0.00	75	75	0.00	0.00	127.45	0.00	0.00	0.00
1548	50.05	3100	2793	0.21	9754	0	869	344	18	627	0.01	0.00	0.12	49.82	49.95	0.00	75	75	0.00	0.00	127.34	0.00	0.00	0.00
1548	50.04	3100	2794	0.21	9932	0	753	338	13	690	0.01	0.01	0.00	49.95	49.96	0.00	76	75	0.00	0.00	127.41	0.00	0.00	0.00
1548	50.04	3100	2793	0.21	9935	0	874	338	14	619	0.01	0.00	0.10	49.85	49.96	0.00	76	76	0.00	0.00	127.48	0.00	0.00	0.00
1548	50.04	3100	2793	0.21	10152	0	881	328	12	736	0.01	0.00	0.03	49.93	49.96	0.00	76	76	0.00	0.00	127.45	0.00	0.00	0.00
1548	50.04	3100	2793	0.21	9732	0	883	388	20	631	0.02	0.01	0.05	49.90	49.96	0.00	76	76	0.00	0.00	127.58	0.00	0.00	0.00
1548	50.04	3100	2793	0.21	9899	0	848	310	6	621	0.01	0.00	0.01	49.95	49.96	0.00	76	77	0.00	0.00	127.55	0.00	0.00	0.00
1548	50.04	3100	2793	0.21	9914	0	876	342	9	660	0.01	0.01	0.02	49.94	49.96	0.00	76	76	0.00	0.00	127.60	0.00	0.00	0.00
1548	50.04	3100	2794	0.21	9896	0	923	311	13	612	0.01	0.01	0.04	49.93	49.96	0.00	76	76	0.00	0.00	127.61	0.00	0.00	0.00
1547	50.03	3101	2792	0.21	9803	0	983	257	9	588	0.01	0.01	0.02	49.93	49.97	0.00	76	76	0.00	0.00	127.55	0.00	0.00	0.00
1547	50.03	3100	2793	0.21	9901	0	899	294	39	737	0.02	0.01	0.01	49.95	49.97	0.00	76	76	0.00	0.00	127.75	0.00	0.00	0.00
1548	50.05	3100	2793	0.21	9834	0	892	311	15	647	0.01	0.01	0.03	49.92	49.95	0.00	76	76	0.00	0.00	127.75	0.00	0.00	0.00
1548	50.04	3100	2794	0.21	10016	0	889	354	26	684	0.01	0.01	0.03	49.93	49.96	0.00	76	76	0.00	0.00	127.80	0.00	0.00	0.00
1548	50.05	3100	2793	0.21	10037	0	947	308	14	692	0.01	0.01	0.00	49.95	49.95	0.00	77	76	0.00	0.00	127.70	0.00	0.00	0.00
1548	50.04	3100	2793	0.21	9885	0	873	341	9	646	0.01	0.01	0.01	49.95	49.96	0.00	76	76	0.00	0.00	127.74	0.00	0.00	0.00
1548	50.04	3100	2794	0.21	9755	0	998	344	19	623	0.02	0.00	0.03	49.94	49.96	0.00	76	77	0.00	0.00	127.88	0.00	0.00	0.00
1547	50.04	3100	2793	0.21	9908	0	894	305	8	555	0.01	0.00	0.00	49.96	49.96	0.00	77	77	0.00	0.00	127.82	0.00	0.00	0.00
1548	50.04	3100	2793	0.21	9809	0	895	286	17	613	0.01	0.00	0.03	49.93	49.96	0.00	77	77	0.00	0.00	127.86	0.00	0.00	0.00
1548	50.04	3100	2793	0.21	9941	0	950	331	16	711	0.02	0.00	0.08	49.88	49.96	0.00	76	77	0.00	0.00	127.99	0.00	0.00	0.00
1548	50.04	3100	2793	0.21	9790	0	997	306	4	507	0.01	0.00	0.00	49.96	49.96	0.00	77	77	0.00	0.00	127.81	0.00	0.00	0.00
1548	50.04	3100	2793	0.21	9954	0	1027	293	7	642	0.01	0.00	0.03	49.93	49.96	0.00	76	77	0.00	0.00	127.97	0.00	0.00	0.00
1548	50.05	3100	2793	0.21	10015	0	938	320	10	665	0.01	0.00	0.04	49.91	49.95	0.00	77	77	0.00	0.00	127.89	0.00	0.00	0.00
1548	50.04	3100	2794	0.21	9821	0	853	305	10	584	0.01	0.00	0.00	49.96	49.96	0.00	77	77	0.00	0.00	128.08	0.00	0.00	0.00
1548	50.04	3100	2793	0.21	9814	0	762	371	10	677	0.01	0.01	0.01	49.94	49.96	0.00	77	77	0.00	0.00	127.98	0.00	0.00	0.00
1548	50.05	3100	2793	0.21	10044	0	817	373	5	723	0.01	0.03	0.02	49.90	49.95	0.00	77	77	0.00	0.00	128.02	0.00	0.00	0.00
1548	50.05	3100	2793	0.21	9928	0	844	338	11	708	0.01	0.00	0.02	49.94	49.95	0.00	77	77	0.00	0.00	128.13	0.00	0.00	0.00
1548	50.04	3100	2793	0.21	10017	0	804	345	5	674	0.01	0.01	0.01	49.95	49.96	0.00	77	78	0.00	0.00	128.04	0.00	0.00	0.00
1548	50.04	3100	2793	0.21	9841	0	863	365	8	689	0.01	0.01	0.02	49.94	49.96	0.00	77	77	0.00	0.00	128.12	0.00	0.00	0.00
1563	50.44	3100	2799	0.22	703	0	64	5	6	218	0.01	0.00	0.56	49.13	49.56	0.00	77	78	0.00	0.00	128.25	0.00	0.00	0.00
