Avg_MHz	Busy%	Bzy_MHz	TSC_MHz	IPC	IRQ	SMI	POLL	C1	C1E	C6	POLL%	C1%	C1E%	C6%	CPU%c1	CPU%c6	CoreTmp	PkgTmp	Pkg%pc2	Pkg%pc6	PkgWatt	RAMWatt	PKG_%	RAM_%
1548	50.04	3100	2794	0.23	5486	0	0	10	44	757	0.00	0.00	0.01	49.96	49.96	0.00	70	71	0.00	0.00	127.92	0.00	0.00	0.00
1548	50.04	3100	2793	0.23	5052	0	0	12	46	678	0.00	0.00	0.03	49.94	49.96	0.00	71	71	0.00	0.00	127.86	0.00	0.00	0.00
1547	50.03	3100	2793	0.23	5239	0	0	12	54	729	0.00	0.00	0.11	49.86	49.97	0.00	71	71	0.00	0.00	127.88	0.00	0.00	0.00
1548	50.05	3100	2793	0.23	5445	0	0	20	72	854	0.00	0.02	0.01	49.92	49.95	0.00	72	72	0.00	0.00	127.87	0.00	0.00	0.00
1547	50.02	3100	2793	0.23	5110	0	0	4	63	695	0.00	0.00	0.05	49.93	49.98	0.00	72	72	0.00	0.00	127.74	0.00	0.00	0.00
1547	50.03	3100	2793	0.23	5124	0	0	14	53	763	0.00	0.00	0.06	49.91	49.97	0.00	72	72	0.00	0.00	127.97	0.00	0.00	0.00
1548	50.04	3100	2793	0.23	5284	0	0	9	54	637	0.00	0.00	0.01	49.95	49.96	0.00	72	72	0.00	0.00	127.94	0.00	0.00	0.00
1548	50.05	3100	2793	0.22	5405	0	4	11	53	775	0.00	0.00	0.01	49.95	49.95	0.00	72	72	0.00	0.00	127.90	0.00	0.00	0.00
1548	50.04	3100	2793	0.23	5328	0	2	11	69	678	0.00	0.00	0.04	49.93	49.96	0.00	72	72	0.00	0.00	128.05	0.00	0.00	0.00
1548	50.05	3100	2794	0.23	5333	0	0	5	61	779	0.00	0.00	0.05	49.90	49.95	0.00	72	72	0.00	0.00	128.01	0.00	0.00	0.00
1548	50.04	3100	2793	0.23	5349	0	0	18	62	729	0.00	0.00	0.01	49.95	49.96	0.00	72	72	0.00	0.00	128.25	0.00	0.00	0.00
1547	50.02	3100	2793	0.23	5043	0	0	9	55	615	0.00	0.01	0.03	49.95	49.98	0.00	73	73	0.00	0.00	128.16	0.00	0.00	0.00
1547	50.03	3100	2793	0.23	5128	0	2	1	71	648	0.00	0.00	0.05	49.93	49.97	0.00	73	73	0.00	0.00	128.28	0.00	0.00	0.00
1547	50.04	3100	2793	0.23	5127	0	1	7	70	598	0.00	0.00	0.05	49.91	49.96	0.00	73	73	0.00	0.00	128.31	0.00	0.00	0.00
1548	50.04	3100	2793	0.23	5243	0	2	13	58	704	0.00	0.00	0.01	49.95	49.96	0.00	73	73	0.00	0.00	128.27	0.00	0.00	0.00
1547	50.03	3100	2793	0.23	5101	0	1	6	74	709	0.00	0.00	0.04	49.94	49.97	0.00	73	73	0.00	0.00	128.46	0.00	0.00	0.00
1547	50.04	3100	2793	0.23	5151	0	0	3	66	614	0.00	0.00	0.05	49.91	49.96	0.00	74	74	0.00	0.00	128.24	0.00	0.00	0.00
1548	50.04	3100	2793	0.23	5244	0	0	14	76	642	0.00	0.09	0.03	49.85	49.96	0.00	74	74	0.00	0.00	128.43	0.00	0.00	0.00
1547	50.03	3100	2794	0.23	5041	0	0	6	67	633	0.00	0.00	0.03	49.95	49.97	0.00	74	74	0.00	0.00	128.51	0.00	0.00	0.00
1547	50.03	3100	2793	0.23	5023	0	0	6	64	634	0.00	0.00	0.04	49.93	49.97	0.00	74	74	0.00	0.00	128.40	0.00	0.00	0.00
1547	50.01	3100	2793	0.23	5013	0	0	3	75	602	0.00	0.00	0.09	49.90	49.99	0.00	74	74	0.00	0.00	128.57	0.00	0.00	0.00
1547	50.04	3100	2793	0.23	5102	0	0	1	77	676	0.00	0.00	0.04	49.93	49.96	0.00	74	74	0.00	0.00	128.63	0.00	0.00	0.00
1547	50.03	3100	2794	0.23	5063	0	0	4	91	710	0.00	0.00	0.02	49.96	49.97	0.00	74	74	0.00	0.00	128.79	0.00	0.00	0.00
1547	50.03	3100	2793	0.23	5270	0	0	3	53	729	0.00	0.00	0.06	49.92	49.97	0.00	74	75	0.00	0.00	128.78	0.00	0.00	0.00
1547	50.02	3100	2793	0.23	5068	0	2	3	70	704	0.00	0.00	0.06	49.93	49.98	0.00	75	75	0.00	0.00	128.65	0.00	0.00	0.00
1547	50.03	3100	2793	0.23	5221	0	1	5	77	704	0.00	0.00	0.03	49.94	49.97	0.00	75	75	0.00	0.00	128.89	0.00	0.00	0.00
1547	50.03	3100	2793	0.23	5083	0	2	9	61	723	0.00	0.00	0.02	49.95	49.97	0.00	75	75	0.00	0.00	128.77	0.00	0.00	0.00
1547	50.02	3100	2793	0.23	5040	0	2	9	73	663	0.00	0.00	0.04	49.94	49.98	0.00	75	75	0.00	0.00	129.00	0.00	0.00	0.00
1548	50.05	3100	2793	0.23	5301	0	4	8	72	690	0.00	0.00	0.05	49.91	49.95	0.00	75	75	0.00	0.00	128.79	0.00	0.00	0.00
1548	50.05	3100	2793	0.23	5330	0	2	8	85	929	0.00	0.00	0.03	49.93	49.95	0.00	75	75	0.00	0.00	128.92	0.00	0.00	0.00
1547	50.02	3100	2793	0.23	5095	0	2	4	76	739	0.00	0.00	0.04	49.95	49.98	0.00	75	75	0.00	0.00	128.94	0.00	0.00	0.00
1548	50.04	3100	2794	0.23	5188	0	3	2	61	735	0.00	0.00	0.08	49.89	49.96	0.00	75	75	0.00	0.00	128.84	0.00	0.00	0.00
1548	50.04	3100	2793	0.23	5114	0	2	1	75	638	0.00	0.00	0.04	49.92	49.96	0.00	75	75	0.00	0.00	128.90	0.00	0.00	0.00
1547	50.03	3100	2793	0.23	5150	0	3	9	68	768	0.00	0.00	0.02	49.95	49.97	0.00	75	75	0.00	0.00	128.86	0.00	0.00	0.00
1548	50.05	3100	2793	0.23	5448	0	8	8	66	805	0.00	0.00	0.01	49.95	49.95	0.00	76	76	0.00	0.00	128.99	0.00	0.00	0.00
1548	50.04	3100	2793	0.23	5228	0	0	10	67	720	0.00	0.00	0.06	49.90	49.96	0.00	76	76	0.00	0.00	129.01	0.00	0.00	0.00
1548	50.05	3100	2793	0.23	5396	0	0	7	66	750	0.00	0.00	0.05	49.91	49.95	0.00	76	76	0.00	0.00	129.09	0.00	0.00	0.00
1547	50.04	3100	2793	0.23	5262	0	1	10	59	848	0.00	0.00	0.02	49.95	49.96	0.00	76	76	0.00	0.00	128.98	0.00	0.00	0.00
1547	50.04	3100	2793	0.23	5276	0	2	0	70	791	0.00	0.00	0.02	49.95	49.96	0.00	76	76	0.00	0.00	129.12	0.00	0.00	0.00
1548	50.06	3100	2793	0.23	5431	0	5	8	62	860	0.00	0.00	0.05	49.90	49.94	0.00	76	76	0.00	0.00	129.04	0.00	0.00	0.00
1548	50.04	3100	2793	0.23	5382	0	1	4	75	697	0.00	0.00	0.03	49.94	49.96	0.00	76	76	0.00	0.00	129.15	0.00	0.00	0.00
1548	50.05	3100	2793	0.23	5324	0	2	6	65	824	0.00	0.01	0.02	49.92	49.95	0.00	76	77	0.00	0.00	129.10	0.00	0.00	0.00
1547	50.02	3100	2793	0.23	5177	0	2	2	89	718	0.00	0.00	0.04	49.95	49.98	0.00	76	77	0.00	0.00	129.26	0.00	0.00	0.00
1547	50.03	3100	2794	0.23	5063	0	0	0	75	695	0.00	0.00	0.07	49.91	49.97	0.00	76	77	0.00	0.00	129.39	0.00	0.00	0.00
1547	50.02	3100	2793	0.23	5237	0	0	3	75	755	0.00	0.00	0.03	49.95	49.98	0.00	76	77	0.00	0.00	129.26	0.00	0.00	0.00
1548	50.04	3100	2793	0.23	5269	0	0	3	67	813	0.00	0.01	0.03	49.92	49.96	0.00	77	77	0.00	0.00	129.45	0.00	0.00	0.00
1547	50.03	3100	2793	0.23	5301	0	4	12	84	736	0.00	0.10	0.03	49.85	49.97	0.00	77	77	0.00	0.00	129.28	0.00	0.00	0.00
1547	50.03	3100	2793	0.23	5155	0	4	2	81	689	0.00	0.00	0.05	49.92	49.97	0.00	77	77	0.00	0.00	129.47	0.00	0.00	0.00
1548	50.04	3100	2793	0.23	5368	0	2	2	97	771	0.00	0.00	0.02	49.95	49.96	0.00	77	77	0.00	0.00	129.40	0.00	0.00	0.00
1548	50.06	3100	2793	0.23	5362	0	2	0	82	801	0.00	0.00	0.05	49.89	49.94	0.00	77	77	0.00	0.00	129.49	0.00	0.00	0.00
1548	50.04	3100	2793	0.23	5288	0	4	5	83	766	0.00	0.00	0.02	49.95	49.96	0.00	77	77	0.00	0.00	129.28	0.00	0.00	0.00
1548	50.04	3100	2793	0.23	5329	0	2	19	62	784	0.00	0.10	0.03	49.83	49.96	0.00	77	77	0.00	0.00	129.52	0.00	0.00	0.00
1547	50.01	3100	2793	0.23	5047	0	2	8	71	725	0.00	0.00	0.05	49.94	49.99	0.00	77	77	0.00	0.00	129.48	0.00	0.00	0.00
1548	50.05	3100	2793	0.23	5203	0	0	2	64	731	0.00	0.00	0.05	49.91	49.95	0.00	78	78	0.00	0.00	129.44	0.00	0.00	0.00
1547	50.03	3100	2793	0.23	5030	0	0	12	71	625	0.00	0.00	0.02	49.95	49.97	0.00	78	78	0.00	0.00	129.58	0.00	0.00	0.00
1548	50.05	3100	2793	0.23	5447	0	0	12	51	811	0.00	0.00	0.01	49.95	49.95	0.00	78	78	0.00	0.00	129.41	0.00	0.00	0.00
1547	50.04	3100	2793	0.23	5187	0	0	7	79	761	0.00	0.00	0.04	49.93	49.96	0.00	78	78	0.00	0.00	129.52	0.00	0.00	0.00
1547	50.03	3100	2793	0.23	5247	0	2	11	69	718	0.00	0.00	0.05	49.92	49.97	0.00	78	78	0.00	0.00	129.61	0.00	0.00	0.00
1547	50.02	3100	2793	0.23	5029	0	0	6	66	653	0.00	0.00	0.03	49.96	49.98	0.00	78	78	0.00	0.00	129.48	0.00	0.00	0.00
1548	50.06	3100	2793	0.23	5428	0	0	2	61	767	0.00	0.00	0.01	49.93	49.94	0.00	78	78	0.00	0.00	129.78	0.00	0.00	0.00
1547	50.01	3100	2793	0.23	5016	0	4	9	80	728	0.00	0.00	0.07	49.92	49.99	0.00	78	78	0.00	0.00	129.50	0.00	0.00	0.00
1548	50.04	3100	2793	0.23	5232	0	0	2	70	740	0.00	0.00	0.06	49.91	49.96	0.00	78	78	0.00	0.00	129.81	0.00	0.00	0.00
1547	50.03	3100	2793	0.23	5009	0	0	4	59	617	0.00	0.00	0.02	49.95	49.97	0.00	78	78	0.00	0.00	129.64	0.00	0.00	0.00
1547	50.03	3100	2793	0.23	5164	0	0	0	76	743	0.00	0.00	0.03	49.95	49.97	0.00	78	79	0.00	0.00	129.90	0.00	0.00	0.00
1548	50.04	3100	2793	0.23	5257	0	2	4	75	761	0.00	0.00	0.06	49.91	49.96	0.00	78	79	0.00	0.00	129.76	0.00	0.00	0.00
1548	50.04	3100	2793	0.23	5105	0	0	2	70	701	0.00	0.00	0.06	49.91	49.96	0.00	79	78	0.00	0.00	129.99	0.00	0.00	0.00
1547	50.03	3100	2793	0.23	5160	0	2	4	77	654	0.00	0.00	0.02	49.95	49.97	0.00	79	78	0.00	0.00	129.91	0.00	0.00	0.00
1548	50.05	3100	2793	0.23	5485	0	0	11	63	801	0.00	0.00	0.02	49.93	49.95	0.00	78	78	0.00	0.00	129.80	0.00	0.00	0.00
1548	50.04	3100	2793	0.23	5365	0	3	11	63	676	0.00	0.00	0.04	49.93	49.96	0.00	79	79	0.00	0.00	129.93	0.00	0.00	0.00
1548	50.05	3100	2793	0.23	5317	0	0	13	69	661	0.00	0.00	0.04	49.91	49.95	0.00	79	79	0.00	0.00	129.76	0.00	0.00	0.00
1548	50.04	3100	2793	0.23	5376	0	4	14	57	870	0.00	0.00	0.02	49.95	49.96	0.00	79	79	0.00	0.00	129.85	0.00	0.00	0.00
1548	50.05	3100	2793	0.23	5457	0	2	7	68	793	0.00	0.00	0.04	49.92	49.95	0.00	79	79	0.00	0.00	129.87	0.00	0.00	0.00
1547	50.02	3100	2793	0.23	5211	0	2	5	102	692	0.00	0.01	0.05	49.91	49.98	0.00	79	79	0.00	0.00	129.66	0.00	0.00	0.00
1547	50.02	3100	2793	0.23	5005	0	4	5	78	644	0.00	0.00	0.05	49.94	49.98	0.00	79	79	0.00	0.00	129.83	0.00	0.00	0.00
1547	50.03	3100	2793	0.23	5265	0	0	0	80	758	0.00	0.00	0.03	49.95	49.97	0.00	79	79	0.00	0.00	129.77	0.00	0.00	0.00
1547	50.02	3100	2793	0.23	5142	0	0	2	69	715	0.00	0.00	0.06	49.93	49.98	0.00	79	79	0.00	0.00	129.73	0.00	0.00	0.00
1547	50.03	3100	2793	0.23	5158	0	2	5	86	674	0.00	0.00	0.06	49.91	49.97	0.00	79	79	0.00	0.00	129.96	0.00	0.00	0.00
1547	50.03	3100	2793	0.23	4953	0	0	1	66	646	0.00	0.00	0.03	49.95	49.97	0.00	79	80	0.00	0.00	129.82	0.00	0.00	0.00
1548	50.04	3100	2793	0.23	5363	0	0	9	82	710	0.00	0.00	0.01	49.95	49.96	0.00	79	79	0.00	0.00	129.90	0.00	0.00	0.00
1548	50.04	3100	2793	0.23	5165	0	1	8	83	695	0.00	0.00	0.05	49.92	49.96	0.00	79	79	0.00	0.00	129.83	0.00	0.00	0.00
1548	50.04	3100	2793	0.23	5304	0	0	9	76	663	0.00	0.00	0.05	49.92	49.96	0.00	79	80	0.00	0.00	130.00	0.00	0.00	0.00
1547	50.02	3100	2793	0.23	5177	0	0	11	69	669	0.00	0.01	0.03	49.95	49.98	0.00	80	80	0.00	0.00	129.86	0.00	0.00	0.00
1548	50.04	3100	2793	0.23	5172	0	2	15	64	698	0.00	0.00	0.02	49.95	49.96	0.00	80	80	0.00	0.00	129.94	0.00	0.00	0.00
1548	50.04	3100	2793	0.23	5333	0	0	9	74	669	0.00	0.00	0.06	49.90	49.96	0.00	80	79	0.00	0.00	130.01	0.00	0.00	0.00
1547	50.02	3100	2793	0.23	5021	0	0	9	74	646	0.00	0.00	0.04	49.95	49.98	0.00	79	80	0.00	0.00	129.80	0.00	0.00	0.00
1548	50.05	3100	2793	0.23	5373	0	0	1	61	736	0.00	0.00	0.01	49.95	49.95	0.00	80	80	0.00	0.00	130.00	0.00	0.00	0.00
1547	50.03	3100	2793	0.23	5260	0	0	1	73	719	0.00	0.00	0.02	49.95	49.97	0.00	80	80	0.00	0.00	129.96	0.00	0.00	0.00
1548	50.04	3100	2793	0.23	5323	0	5	0	88	721	0.00	0.00	0.07	49.90	49.96	0.00	80	80	0.00	0.00	129.91	0.00	0.00	0.00
1547	50.03	3100	2793	0.23	5157	0	0	7	72	637	0.00	0.00	0.02	49.95	49.97	0.00	80	80	0.00	0.00	129.99	0.00	0.00	0.00
1548	50.05	3100	2793	0.23	5253	0	4	6	69	723	0.00	0.00	0.02	49.94	49.95	0.00	80	80	0.00	0.00	130.13	0.00	0.00	0.00
1547	50.03	3100	2794	0.23	5230	0	3	15	55	687	0.00	0.01	0.02	49.96	49.97	0.00	80	80	0.00	0.00	130.11	0.00	0.00	0.00
1547	50.03	3100	2793	0.23	5209	0	1	6	85	729	0.00	0.00	0.07	49.90	49.97	0.00	80	80	0.00	0.00	130.01	0.00	0.00	0.00
1548	50.04	3100	2793	0.23	5299	0	2	7	68	698	0.00	0.00	0.01	49.95	49.96	0.00	80	80	0.00	0.00	130.10	0.00	0.00	0.00
1548	50.04	3100	2793	0.23	5217	0	0	12	67	728	0.00	0.00	0.03	49.93	49.96	0.00	80	80	0.00	0.00	130.18	0.00	0.00	0.00
1547	50.02	3100	2793	0.23	5039	0	4	7	58	726	0.00	0.00	0.07	49.92	49.98	0.00	80	80	0.00	0.00	129.99	0.00	0.00	0.00
1548	50.04	3100	2793	0.23	5277	0	0	5	85	652	0.00	0.01	0.03	49.92	49.96	0.00	80	80	0.00	0.00	130.18	0.00	0.00	0.00
1547	50.03	3100	2794	0.23	5178	0	0	10	73	748	0.00	0.00	0.03	49.95	49.97	0.00	80	80	0.00	0.00	130.09	0.00	0.00	0.00
1548	50.04	3100	2793	0.23	5290	0	2	7	78	767	0.00	0.00	0.05	49.92	49.96	0.00	80	80	0.00	0.00	130.23	0.00	0.00	0.00
1547	50.03	3100	2793	0.23	5277	0	3	2	86	690	0.00	0.00	0.05	49.93	49.97	0.00	80	80	0.00	0.00	130.15	0.00	0.00	0.00
1548	50.06	3100	2793	0.23	5305	0	2	3	79	768	0.00	0.00	0.05	49.90	49.94	0.00	80	80	0.00	0.00	130.12	0.00	0.00	0.00
1548	50.05	3100	2793	0.23	5426	0	4	7	74	739	0.00	0.00	0.01	49.95	49.95	0.00	80	80	0.00	0.00	130.25	0.00	0.00	0.00
1547	50.03	3100	2793	0.23	5288	0	0	13	93	792	0.00	0.00	0.03	49.94	49.97	0.00	80	81	0.00	0.00	130.15	0.00	0.00	0.00
1547	50.03	3100	2793	0.23	5196	0	0	4	74	678	0.00	0.00	0.05	49.93	49.97	0.00	80	80	0.00	0.00	130.25	0.00	0.00	0.00
1547	50.02	3100	2793	0.23	5050	0	2	10	80	672	0.00	0.00	0.06	49.93	49.98	0.00	80	81	0.00	0.00	130.17	0.00	0.00	0.00
1548	50.05	3100	2793	0.23	5367	0	3	3	64	780	0.00	0.00	0.01	49.95	49.95	0.00	80	80	0.00	0.00	130.29	0.00	0.00	0.00
1547	50.03	3100	2793	0.23	5234	0	2	8	71	732	0.00	0.00	0.02	49.95	49.97	0.00	80	80	0.00	0.00	130.41	0.00	0.00	0.00
1548	50.04	3100	2793	0.23	5212	0	2	14	57	707	0.00	0.00	0.04	49.93	49.96	0.00	80	80	0.00	0.00	130.19	0.00	0.00	0.00
1548	50.04	3100	2793	0.23	5252	0	2	6	66	760	0.00	0.00	0.02	49.95	49.96	0.00	80	80	0.00	0.00	130.40	0.00	0.00	0.00
1547	50.02	3100	2793	0.23	5145	0	0	7	72	738	0.00	0.00	0.05	49.94	49.98	0.00	80	81	0.00	0.00	130.30	0.00	0.00	0.00
1548	50.05	3100	2794	0.23	5335	0	0	5	62	719	0.00	0.00	0.01	49.94	49.95	0.00	81	81	0.00	0.00	130.31	0.00	0.00	0.00
1548	50.03	3100	2794	0.23	5261	0	0	6	79	729	0.00	0.00	0.05	49.93	49.97	0.00	80	80	0.00	0.00	130.38	0.00	0.00	0.00
1547	50.01	3100	2793	0.23	5119	0	2	5	68	770	0.00	0.00	0.04	49.95	49.99	0.00	81	81	0.00	0.00	130.27	0.00	0.00	0.00
1548	50.04	3100	2793	0.23	5168	0	0	2	72	714	0.00	0.00	0.05	49.92	49.96	0.00	81	80	0.00	0.00	130.45	0.00	0.00	0.00
1548	50.04	3100	2794	0.23	5263	0	0	6	61	716	0.00	0.00	0.02	49.95	49.96	0.00	81	81	0.00	0.00	130.34	0.00	0.00	0.00
1547	50.03	3100	2793	0.23	5238	0	0	9	56	718	0.00	0.00	0.03	49.94	49.97	0.00	81	81	0.00	0.00	130.42	0.00	0.00	0.00
1548	50.04	3100	2793	0.23	5383	0	0	8	72	757	0.00	0.00	0.01	49.95	49.96	0.00	81	81	0.00	0.00	130.38	0.00	0.00	0.00
1548	50.04	3100	2793	0.23	5357	0	0	8	63	678	0.00	0.00	0.04	49.93	49.96	0.00	80	81	0.00	0.00	130.48	0.00	0.00	0.00
1547	50.03	3100	2793	0.23	5180	0	0	10	80	663	0.00	0.00	0.02	49.94	49.97	0.00	80	81	0.00	0.00	130.39	0.00	0.00	0.00
1547	50.03	3100	2794	0.23	5238	0	0	10	66	694	0.00	0.00	0.03	49.94	49.97	0.00	81	81	0.00	0.00	130.55	0.00	0.00	0.00
1548	50.05	3100	2793	0.23	5249	0	0	3	66	708	0.00	0.00	0.02	49.94	49.95	0.00	81	81	0.00	0.00	130.58	0.00	0.00	0.00
1547	50.03	3100	2794	0.23	5071	0	0	4	69	590	0.00	0.00	0.05	49.93	49.97	0.00	81	81	0.00	0.00	130.50	0.00	0.00	0.00
1547	50.03	3100	2793	0.23	5154	0	0	7	62	763	0.00	0.00	0.02	49.95	49.97	0.00	81	81	0.00	0.00	130.58	0.00	0.00	0.00
1547	50.02	3100	2793	0.23	5027	0	0	4	67	638	0.00	0.00	0.03	49.95	49.98	0.00	81	81	0.00	0.00	130.42	0.00	0.00	0.00
1548	50.04	3100	2794	0.23	5278	0	2	5	71	772	0.00	0.00	0.04	49.93	49.96	0.00	81	81	0.00	0.00	130.34	0.00	0.00	0.00
1548	50.04	3100	2793	0.23	5270	0	3	3	69	739	0.00	0.00	0.05	49.91	49.96	0.00	81	81	0.00	0.00	130.46	0.00	0.00	0.00
1548	50.04	3100	2793	0.23	5193	0	0	3	64	676	0.00	0.00	0.02	49.95	49.96	0.00	81	81	0.00	0.00	130.39	0.00	0.00	0.00
1547	50.03	3100	2793	0.23	5125	0	7	4	49	812	0.00	0.00	0.03	49.95	49.97	0.00	81	81	0.00	0.00	130.35	0.00	0.00	0.00
1548	50.04	3100	2793	0.23	5384	0	4	5	69	779	0.00	0.00	0.03	49.94	49.96	0.00	81	81	0.00	0.00	130.63	0.00	0.00	0.00
1547	50.03	3100	2793	0.23	5185	0	0	3	85	641	0.00	0.00	0.06	49.92	49.97	0.00	81	81	0.00	0.00	130.39	0.00	0.00	0.00
1548	50.04	3100	2793	0.23	5162	0	0	1	63	699	0.00	0.00	0.02	49.94	49.96	0.00	81	81	0.00	0.00	130.47	0.00	0.00	0.00
1548	50.04	3100	2793	0.23	5283	0	0	12	82	886	0.00	0.01	0.12	49.83	49.96	0.00	81	81	0.00	0.00	130.42	0.00	0.00	0.00
1547	50.04	3100	2793	0.23	5183	0	4	3	60	828	0.00	0.00	0.03	49.94	49.96	0.00	81	81	0.00	0.00	130.34	0.00	0.00	0.00
1547	50.03	3100	2793	0.23	5367	0	0	11	82	849	0.00	0.01	0.05	49.92	49.97	0.00	81	81	0.00	0.00	130.50	0.00	0.00	0.00
1548	50.05	3100	2793	0.23	3622	0	2	10	39	710	0.00	0.03	0.02	49.91	49.95	0.00	81	81	0.00	0.00	130.50	0.00	0.00	0.00
