Avg_MHz	Busy%	Bzy_MHz	TSC_MHz	IPC	IRQ	SMI	POLL	C1	C1E	C6	POLL%	C1%	C1E%	C6%	CPU%c1	CPU%c6	CoreTmp	PkgTmp	Pkg%pc2	Pkg%pc6	PkgWatt	RAMWatt	PKG_%	RAM_%
119	3.19	3742	2784	0.90	644	0	0	1	8	432	0.00	0.00	0.01	96.47	5.34	91.47	68	70	0.00	0.00	59.22	0.00	0.00	0.00
118	3.17	3718	2812	0.90	856	0	0	0	10	661	0.00	0.00	0.02	97.47	6.18	90.65	68	70	0.00	0.00	59.80	0.00	0.00	0.00
119	3.23	3690	2793	0.90	824	0	0	14	13	709	0.00	0.11	0.06	96.60	6.78	89.99	68	71	0.00	0.00	59.38	0.00	0.00	0.00
119	3.21	3711	2794	0.90	919	0	0	0	6	728	0.00	0.00	0.01	96.81	6.34	90.45	68	71	0.00	0.00	59.35	0.00	0.00	0.00
119	3.20	3720	2793	0.90	777	0	0	0	6	588	0.00	0.00	0.03	96.77	6.04	90.76	68	70	0.00	0.00	59.35	0.00	0.00	0.00
119	3.20	3722	2793	0.90	796	0	0	1	11	604	0.00	0.00	0.03	96.78	6.02	90.79	68	70	0.00	0.00	59.43	0.00	0.00	0.00
119	3.20	3712	2793	0.90	858	0	0	1	8	657	0.00	0.00	0.03	96.77	6.28	90.51	67	70	0.00	0.00	59.38	0.00	0.00	0.00
119	3.20	3721	2793	0.90	773	0	0	0	4	582	0.00	0.00	0.00	96.81	6.01	90.79	68	70	0.00	0.00	59.39	0.00	0.00	0.00
119	3.19	3733	2793	0.90	691	0	0	0	8	502	0.00	0.00	0.03	96.79	5.57	91.24	68	69	0.00	0.00	59.39	0.00	0.00	0.00
119	3.20	3716	2793	0.90	830	0	0	0	12	650	0.00	0.00	0.06	96.75	6.10	90.70	67	70	0.00	0.00	59.34	0.00	0.00	0.00
119	3.20	3717	2793	0.90	828	0	0	0	6	627	0.00	0.00	0.02	96.79	6.16	90.64	67	70	0.00	0.00	59.38	0.00	0.00	0.00
119	3.20	3718	2793	0.90	830	0	0	10	6	632	0.00	0.10	0.02	96.69	6.13	90.67	67	69	0.00	0.00	59.35	0.00	0.00	0.00
119	3.21	3713	2793	0.90	769	0	0	0	7	596	0.00	0.00	0.02	96.78	5.85	90.94	67	70	0.00	0.00	59.32	0.00	0.00	0.00
119	3.20	3713	2794	0.90	867	0	0	1	9	682	0.00	0.00	0.04	96.77	6.27	90.52	67	70	0.00	0.00	59.40	0.00	0.00	0.00
119	3.20	3720	2793	0.90	821	0	0	0	5	628	0.00	0.00	0.02	96.79	6.09	90.71	67	70	0.00	0.00	59.30	0.00	0.00	0.00
119	3.19	3730	2793	0.90	699	0	0	0	6	516	0.00	0.00	0.02	96.79	5.54	91.27	67	70	0.00	0.00	59.36	0.00	0.00	0.00
119	3.20	3722	2794	0.90	782	0	0	0	9	596	0.00	0.00	0.01	96.80	5.69	91.11	67	70	0.00	0.00	59.36	0.00	0.00	0.00
119	3.21	3710	2793	0.90	888	0	0	2	12	693	0.00	0.00	0.06	96.75	6.49	90.30	66	69	0.00	0.00	59.31	0.00	0.00	0.00
119	3.21	3707	2793	0.90	958	0	0	1	6	769	0.00	0.00	0.01	96.79	6.50	90.29	67	70	0.00	0.00	59.35	0.00	0.00	0.00
119	3.20	3723	2793	0.90	788	0	0	0	9	600	0.00	0.00	0.05	96.76	5.89	90.92	67	69	0.00	0.00	59.30	0.00	0.00	0.00
119	3.19	3729	2793	0.90	739	0	0	0	8	548	0.00	0.00	0.03	96.78	5.60	91.21	67	69	0.00	0.00	59.33	0.00	0.00	0.00
119	3.20	3710	2793	0.90	879	0	0	3	7	682	0.00	0.01	0.04	96.75	6.39	90.41	66	70	0.00	0.00	59.39	0.00	0.00	0.00
119	3.22	3693	2793	0.90	944	0	0	1	4	763	0.00	0.00	0.00	96.78	6.72	90.06	67	70	0.00	0.00	59.31	0.00	0.00	0.00
119	3.20	3723	2794	0.90	764	0	0	0	7	581	0.00	0.00	0.02	96.80	5.75	91.05	67	69	0.00	0.00	59.37	0.00	0.00	0.00
119	3.19	3733	2793	0.90	720	0	0	0	9	520	0.00	0.00	0.02	96.79	5.37	91.44	67	69	0.00	0.00	59.31	0.00	0.00	0.00
119	3.20	3717	2794	0.90	802	0	0	0	8	608	0.00	0.00	0.03	96.78	6.16	90.65	67	70	0.00	0.00	59.34	0.00	0.00	0.00
119	3.19	3731	2793	0.90	692	0	0	0	4	507	0.00	0.00	0.02	96.80	5.45	91.36	67	69	0.00	0.00	59.33	0.00	0.00	0.00
122	3.29	3700	2794	0.89	931	0	1	0	7	742	0.00	0.00	0.01	96.72	6.67	90.04	67	69	0.00	0.00	59.42	0.00	0.00	0.00
119	3.20	3711	2793	0.90	885	0	0	0	15	693	0.00	0.00	0.07	96.73	6.40	90.39	66	69	0.00	0.00	59.34	0.00	0.00	0.00
119	3.21	3705	2793	0.90	951	0	0	2	9	758	0.00	0.00	0.03	96.77	6.67	90.13	67	69	0.00	0.00	59.35	0.00	0.00	0.00
119	3.21	3708	2793	0.90	889	0	0	0	5	705	0.00	0.00	0.00	96.80	6.41	90.39	66	69	0.00	0.00	59.33	0.00	0.00	0.00
119	3.20	3720	2793	0.90	751	0	0	0	8	572	0.00	0.00	0.03	96.78	6.04	90.76	67	69	0.00	0.00	59.31	0.00	0.00	0.00
119	3.20	3714	2793	0.90	743	0	0	3	11	554	0.00	0.01	0.05	96.75	5.84	90.96	66	68	0.00	0.00	59.39	0.00	0.00	0.00
119	3.21	3710	2794	0.90	853	0	0	0	10	661	0.00	0.00	0.04	96.77	6.34	90.45	66	69	0.00	0.00	59.31	0.00	0.00	0.00
119	3.19	3727	2793	0.90	736	0	0	0	7	546	0.00	0.00	0.02	96.79	5.71	91.09	66	69	0.00	0.00	59.37	0.00	0.00	0.00
119	3.20	3717	2793	0.90	833	0	0	2	8	648	0.00	0.00	0.01	96.80	6.04	90.76	67	69	0.00	0.00	59.36	0.00	0.00	0.00
119	3.20	3718	2794	0.90	789	0	0	1	9	598	0.00	0.00	0.02	96.79	6.08	90.73	66	69	0.00	0.00	59.36	0.00	0.00	0.00
119	3.21	3706	2794	0.90	970	0	0	0	7	771	0.00	0.00	0.02	96.79	6.74	90.06	66	69	0.00	0.00	59.33	0.00	0.00	0.00
119	3.19	3729	2793	0.90	703	0	0	0	6	519	0.00	0.00	0.02	96.79	5.71	91.10	67	69	0.00	0.00	59.36	0.00	0.00	0.00
119	3.20	3717	2793	0.90	814	0	0	0	9	629	0.00	0.00	0.01	96.79	6.04	90.76	66	69	0.00	0.00	59.30	0.00	0.00	0.00
119	3.20	3721	2794	0.90	775	0	0	0	11	585	0.00	0.00	0.06	96.76	5.97	90.83	66	69	0.00	0.00	59.33	0.00	0.00	0.00
119	3.23	3691	2793	0.90	998	0	0	2	10	806	0.00	0.00	0.05	96.74	6.96	89.81	66	69	0.00	0.00	59.38	0.00	0.00	0.00
119	3.19	3727	2793	0.90	722	0	0	6	5	535	0.00	0.07	0.01	96.74	5.88	90.92	66	68	0.00	0.00	59.36	0.00	0.00	0.00
119	3.20	3717	2793	0.90	791	0	0	0	10	602	0.00	0.00	0.02	96.79	6.11	90.69	66	69	0.00	0.00	59.38	0.00	0.00	0.00
119	3.20	3713	2793	0.90	863	0	0	0	12	670	0.00	0.00	0.05	96.76	6.32	90.48	67	69	0.00	0.00	59.28	0.00	0.00	0.00
119	3.20	3715	2794	0.90	864	0	0	0	6	664	0.00	0.00	0.03	96.78	6.25	90.55	66	69	0.00	0.00	59.38	0.00	0.00	0.00
119	3.19	3729	2793	0.90	739	0	0	1	4	552	0.00	0.00	0.01	96.81	5.73	91.08	66	69	0.00	0.00	59.34	0.00	0.00	0.00
119	3.20	3719	2793	0.90	814	0	1	2	10	619	0.00	0.00	0.04	96.76	5.94	90.86	66	69	0.00	0.00	59.28	0.00	0.00	0.00
119	3.19	3722	2793	0.90	736	0	0	3	12	543	0.00	0.02	0.07	96.71	5.88	90.93	66	69	0.00	0.00	59.33	0.00	0.00	0.00
119	3.21	3710	2794	0.90	780	0	0	4	7	610	0.00	0.00	0.01	96.80	6.09	90.70	66	69	0.00	0.00	59.36	0.00	0.00	0.00
119	3.20	3714	2793	0.90	852	0	0	0	5	671	0.00	0.00	0.01	96.80	6.16	90.63	67	69	0.00	0.00	59.28	0.00	0.00	0.00
119	3.21	3715	2794	0.90	781	0	0	0	9	594	0.00	0.00	0.03	96.77	5.82	90.97	66	69	0.00	0.00	59.34	0.00	0.00	0.00
119	3.20	3721	2793	0.90	803	0	0	0	8	606	0.00	0.00	0.02	96.79	5.95	90.85	66	69	0.00	0.00	59.34	0.00	0.00	0.00
119	3.21	3704	2794	0.90	949	0	0	2	3	760	0.00	0.00	0.00	96.80	6.63	90.16	66	69	0.00	0.00	59.36	0.00	0.00	0.00
119	3.19	3729	2793	0.90	720	0	0	0	3	527	0.00	0.00	0.00	96.80	5.68	91.13	67	69	0.00	0.00	59.29	0.00	0.00	0.00
119	3.19	3728	2794	0.90	758	0	0	0	7	566	0.00	0.00	0.02	96.81	5.67	91.13	67	69	0.00	0.00	59.36	0.00	0.00	0.00
119	3.19	3734	2793	0.90	718	0	1	0	8	513	0.00	0.00	0.03	96.78	5.42	91.39	66	68	0.00	0.00	59.27	0.00	0.00	0.00
119	3.20	3720	2794	0.90	802	0	0	0	4	607	0.00	0.00	0.02	96.80	5.83	90.97	66	69	0.00	0.00	59.34	0.00	0.00	0.00
119	3.20	3724	2793	0.90	794	0	0	0	5	603	0.00	0.00	0.01	96.80	5.82	90.98	66	69	0.00	0.00	59.34	0.00	0.00	0.00
122	3.28	3723	2794	0.89	759	0	0	4	9	572	0.00	0.01	0.02	96.70	5.99	90.73	66	69	0.00	0.00	59.46	0.00	0.00	0.00
119	3.21	3709	2793	0.90	898	0	0	0	7	707	0.00	0.00	0.02	96.78	6.43	90.37	66	68	0.00	0.00	59.33	0.00	0.00	0.00
119	3.21	3710	2793	0.90	811	0	0	0	5	626	0.00	0.00	0.02	96.78	6.29	90.50	66	69	0.00	0.00	59.37	0.00	0.00	0.00
119	3.20	3722	2793	0.90	801	0	0	0	5	614	0.00	0.00	0.01	96.80	5.94	90.86	66	69	0.00	0.00	59.28	0.00	0.00	0.00
119	3.20	3720	2793	0.90	790	0	0	8	11	594	0.00	0.10	0.06	96.66	6.04	90.77	66	68	0.00	0.00	59.33	0.00	0.00	0.00
122	3.34	3656	2794	0.90	3280	0	0	0	4	719	0.00	0.00	0.01	96.67	6.61	90.05	66	69	0.00	0.00	59.47	0.00	0.00	0.00
118	3.20	3714	2793	0.90	825	0	2	0	7	640	0.00	0.00	0.04	96.76	6.30	90.50	66	68	0.00	0.00	59.33	0.00	0.00	0.00
119	3.23	3682	2794	0.90	876	0	0	9	24	664	0.00	0.10	0.21	96.48	6.82	89.94	66	68	0.00	0.00	59.32	0.00	0.00	0.00
119	3.21	3711	2794	0.90	860	0	0	0	11	677	0.00	0.00	0.06	96.75	6.17	90.62	66	69	0.00	0.00	59.35	0.00	0.00	0.00
119	3.20	3717	2793	0.90	841	0	0	0	5	653	0.00	0.00	0.03	96.78	6.09	90.71	66	68	0.00	0.00	59.26	0.00	0.00	0.00
119	3.20	3716	2794	0.90	821	0	0	0	6	640	0.00	0.00	0.03	96.78	6.25	90.55	66	68	0.00	0.00	59.37	0.00	0.00	0.00
119	3.20	3724	2793	0.90	761	0	0	0	8	571	0.00	0.00	0.02	96.79	5.80	91.00	66	68	0.00	0.00	59.34	0.00	0.00	0.00
119	3.22	3697	2794	0.90	903	0	0	2	9	722	0.00	0.00	0.03	96.76	6.49	90.29	66	69	0.00	0.00	59.30	0.00	0.00	0.00
119	3.19	3731	2793	0.90	695	0	0	0	7	505	0.00	0.00	0.04	96.77	5.57	91.24	66	69	0.00	0.00	59.36	0.00	0.00	0.00
119	3.20	3711	2793	0.90	859	0	0	0	6	681	0.00	0.00	0.01	96.80	6.32	90.47	66	69	0.00	0.00	59.33	0.00	0.00	0.00
119	3.19	3723	2793	0.90	768	0	0	0	7	579	0.00	0.00	0.01	96.81	5.90	90.91	66	68	0.00	0.00	59.37	0.00	0.00	0.00
119	3.20	3713	2794	0.90	886	0	0	0	8	689	0.00	0.00	0.02	96.80	6.27	90.52	66	68	0.00	0.00	59.31	0.00	0.00	0.00
119	3.21	3714	2793	0.90	768	0	0	4	22	592	0.00	0.01	0.13	96.65	6.23	90.56	65	67	0.00	0.00	59.33	0.00	0.00	0.00
119	3.20	3709	2793	0.90	888	0	0	2	9	696	0.00	0.01	0.03	96.77	6.44	90.36	66	69	0.00	0.00	59.36	0.00	0.00	0.00
119	3.20	3715	2793	0.90	824	0	0	0	9	636	0.00	0.00	0.02	96.79	6.21	90.59	66	68	0.00	0.00	59.27	0.00	0.00	0.00
119	3.20	3718	2794	0.90	811	0	0	0	9	615	0.00	0.00	0.04	96.77	5.90	90.90	66	68	0.00	0.00	59.33	0.00	0.00	0.00
119	3.20	3724	2793	0.90	774	0	0	0	5	595	0.00	0.00	0.02	96.79	5.91	90.90	66	69	0.00	0.00	59.35	0.00	0.00	0.00
119	3.22	3700	2793	0.90	889	0	0	1	7	702	0.00	0.00	0.02	96.77	6.62	90.16	66	69	0.00	0.00	59.29	0.00	0.00	0.00
119	3.21	3706	2793	0.90	855	0	0	2	7	679	0.00	0.00	0.01	96.79	6.36	90.43	66	68	0.00	0.00	59.33	0.00	0.00	0.00
119	3.21	3707	2794	0.90	942	0	0	8	8	750	0.00	0.10	0.03	96.68	6.68	90.11	66	68	0.00	0.00	59.35	0.00	0.00	0.00
119	3.19	3726	2793	0.90	731	0	0	0	6	545	0.00	0.00	0.04	96.77	5.73	91.07	66	69	0.00	0.00	59.30	0.00	0.00	0.00
119	3.20	3709	2794	0.90	857	0	0	0	9	675	0.00	0.00	0.03	96.78	6.37	90.42	65	69	0.00	0.00	59.23	0.00	0.00	0.00
119	3.21	3702	2793	0.90	899	0	0	4	8	727	0.00	0.01	0.01	96.78	6.52	90.26	66	68	0.00	0.00	59.35	0.00	0.00	0.00
119	3.19	3725	2793	0.90	763	0	0	0	7	583	0.00	0.00	0.04	96.77	5.85	90.95	66	68	0.00	0.00	59.33	0.00	0.00	0.00
119	3.20	3719	2793	0.90	783	0	0	2	6	586	0.00	0.00	0.01	96.80	6.11	90.69	66	68	0.00	0.00	59.30	0.00	0.00	0.00
119	3.20	3714	2794	0.90	861	0	0	0	12	663	0.00	0.00	0.03	96.78	6.30	90.50	66	69	0.00	0.00	59.24	0.00	0.00	0.00
119	3.21	3711	2793	0.90	907	0	0	0	6	723	0.00	0.00	0.01	96.80	6.41	90.38	65	68	0.00	0.00	59.36	0.00	0.00	0.00
119	3.21	3706	2793	0.90	845	0	0	0	8	666	0.00	0.00	0.04	96.76	6.27	90.51	66	68	0.00	0.00	59.36	0.00	0.00	0.00
119	3.19	3726	2793	0.90	757	0	0	0	13	553	0.00	0.00	0.06	96.75	5.86	90.95	66	68	0.00	0.00	59.31	0.00	0.00	0.00
119	3.21	3701	2793	0.90	963	0	0	0	20	770	0.00	0.00	0.15	96.65	6.98	89.80	66	68	0.00	0.00	59.29	0.00	0.00	0.00
119	3.19	3725	2793	0.90	730	0	0	2	8	549	0.00	0.00	0.02	96.79	5.84	90.97	66	68	0.00	0.00	59.34	0.00	0.00	0.00
119	3.20	3721	2793	0.90	796	0	0	0	8	615	0.00	0.00	0.01	96.80	5.80	91.00	66	68	0.00	0.00	59.37	0.00	0.00	0.00
119	3.21	3709	2793	0.90	852	0	0	6	21	661	0.00	0.02	0.14	96.63	6.59	90.20	65	68	0.00	0.00	59.37	0.00	0.00	0.00
119	3.21	3699	2794	0.90	990	0	0	0	7	802	0.00	0.00	0.01	96.79	6.88	89.90	65	68	0.00	0.00	59.37	0.00	0.00	0.00
121	3.30	3674	2793	0.90	1368	0	1	5	7	641	0.00	0.01	0.01	96.69	6.36	90.34	65	68	0.00	0.00	59.38	0.00	0.00	0.00
119	3.20	3713	2793	0.90	803	0	0	0	9	642	0.00	0.00	0.03	96.78	6.36	90.44	66	68	0.00	0.00	59.33	0.00	0.00	0.00
119	3.21	3707	2793	0.90	864	0	0	2	11	695	0.00	0.00	0.02	96.77	6.49	90.30	66	68	0.00	0.00	59.36	0.00	0.00	0.00
119	3.21	3705	2793	0.90	841	0	0	0	8	651	0.00	0.00	0.02	96.78	6.30	90.49	66	68	0.00	0.00	59.30	0.00	0.00	0.00
119	3.18	3736	2794	0.90	650	0	0	1	4	464	0.00	0.00	0.00	96.82	5.32	91.49	66	68	0.00	0.00	59.36	0.00	0.00	0.00
125	4.14	3027	2799	0.91	335	0	0	0	8	358	0.00	0.00	0.62	95.57	31.19	64.67	64	66	0.00	0.00	60.37	0.00	0.00	0.00
