Avg_MHz	Busy%	Bzy_MHz	TSC_MHz	IPC	IRQ	SMI	POLL	C1	C1E	C6	POLL%	C1%	C1E%	C6%	CPU%c1	CPU%c6	CoreTmp	PkgTmp	Pkg%pc2	Pkg%pc6	PkgWatt	RAMWatt	PKG_%	RAM_%
1551	50.01	3104	2799	0.21	10130	0	699	361	69	670	0.01	0.01	0.01	50.07	49.96	0.03	66	66	0.00	0.00	126.55	0.00	0.00	0.00
1548	50.05	3100	2793	0.21	10297	0	873	301	9	791	0.01	0.01	0.00	49.95	49.95	0.00	67	67	0.00	0.00	126.37	0.00	0.00	0.00
1548	50.04	3100	2793	0.21	10107	0	860	408	10	657	0.01	0.01	0.04	49.92	49.96	0.00	66	67	0.00	0.00	126.58	0.00	0.00	0.00
1548	50.04	3100	2793	0.21	10118	0	879	351	14	696	0.01	0.01	0.03	49.93	49.96	0.00	67	67	0.00	0.00	126.55	0.00	0.00	0.00
1548	50.05	3100	2794	0.21	10193	0	971	333	12	746	0.02	0.02	0.01	49.94	49.95	0.00	67	67	0.00	0.00	126.73	0.00	0.00	0.00
1548	50.04	3100	2793	0.21	10156	0	813	323	20	686	0.01	0.01	0.01	49.95	49.96	0.00	67	67	0.00	0.00	126.64	0.00	0.00	0.00
1548	50.04	3100	2793	0.21	10236	0	783	294	20	699	0.01	0.01	0.04	49.91	49.96	0.00	67	67	0.00	0.00	126.70	0.00	0.00	0.00
1548	50.04	3100	2794	0.21	9957	0	762	356	7	642	0.01	0.01	0.02	49.94	49.96	0.00	67	68	0.00	0.00	126.87	0.00	0.00	0.00
1548	50.05	3100	2793	0.21	10139	0	886	348	12	697	0.01	0.00	0.02	49.94	49.95	0.00	68	68	0.00	0.00	126.92	0.00	0.00	0.00
1548	50.04	3100	2794	0.21	10002	0	816	257	14	664	0.01	0.00	0.00	49.96	49.96	0.00	68	68	0.00	0.00	126.83	0.00	0.00	0.00
1548	50.06	3100	2793	0.21	10177	0	843	366	13	717	0.01	0.01	0.02	49.93	49.94	0.00	68	68	0.00	0.00	126.92	0.00	0.00	0.00
1548	50.04	3100	2793	0.21	9871	0	870	367	7	617	0.01	0.00	0.00	49.96	49.96	0.00	68	68	0.00	0.00	127.05	0.00	0.00	0.00
1548	50.04	3100	2793	0.21	10002	0	803	378	19	701	0.01	0.01	0.04	49.92	49.96	0.00	69	69	0.00	0.00	127.00	0.00	0.00	0.00
1548	50.04	3100	2793	0.21	9941	0	727	385	17	574	0.01	0.01	0.10	49.86	49.96	0.00	69	69	0.00	0.00	127.17	0.00	0.00	0.00
1548	50.04	3100	2793	0.21	10055	0	768	412	9	713	0.01	0.01	0.01	49.95	49.96	0.00	69	69	0.00	0.00	127.06	0.00	0.00	0.00
1548	50.04	3100	2793	0.21	10011	0	882	369	12	606	0.01	0.01	0.03	49.93	49.96	0.00	69	69	0.00	0.00	127.26	0.00	0.00	0.00
1548	50.04	3100	2793	0.21	9959	0	890	328	16	643	0.01	0.00	0.04	49.92	49.96	0.00	69	69	0.00	0.00	127.12	0.00	0.00	0.00
1548	50.04	3100	2794	0.21	9889	0	902	271	13	576	0.01	0.01	0.00	49.96	49.96	0.00	69	69	0.00	0.00	127.26	0.00	0.00	0.00
1548	50.04	3100	2793	0.21	10179	0	889	356	15	623	0.01	0.01	0.03	49.93	49.96	0.00	70	70	0.00	0.00	127.16	0.00	0.00	0.00
1548	50.04	3100	2793	0.21	10056	0	864	370	18	635	0.01	0.01	0.03	49.93	49.96	0.00	70	70	0.00	0.00	127.36	0.00	0.00	0.00
1548	50.05	3100	2793	0.21	10024	0	860	342	9	577	0.01	0.00	0.03	49.92	49.95	0.00	70	70	0.00	0.00	127.19	0.00	0.00	0.00
1548	50.04	3100	2793	0.21	10125	0	935	294	9	642	0.01	0.01	0.00	49.96	49.96	0.00	70	71	0.00	0.00	127.25	0.00	0.00	0.00
1548	50.04	3100	2794	0.21	10014	0	897	331	18	610	0.01	0.01	0.03	49.93	49.96	0.00	70	71	0.00	0.00	127.45	0.00	0.00	0.00
1547	50.03	3100	2793	0.21	10056	0	898	407	15	635	0.02	0.01	0.04	49.92	49.97	0.00	70	70	0.00	0.00	127.34	0.00	0.00	0.00
1548	50.05	3100	2793	0.21	10221	0	843	378	5	748	0.01	0.01	0.01	49.95	49.95	0.00	71	71	0.00	0.00	127.50	0.00	0.00	0.00
1548	50.04	3100	2793	0.21	10032	0	786	418	9	647	0.01	0.01	0.00	49.96	49.96	0.00	70	71	0.00	0.00	127.39	0.00	0.00	0.00
1548	50.04	3100	2793	0.21	9891	0	820	363	17	593	0.01	0.01	0.03	49.93	49.96	0.00	71	71	0.00	0.00	127.53	0.00	0.00	0.00
1548	50.04	3100	2793	0.21	10011	0	890	354	13	568	0.01	0.01	0.02	49.94	49.96	0.00	71	71	0.00	0.00	127.51	0.00	0.00	0.00
1548	50.05	3100	2793	0.21	10318	0	810	374	11	667	0.01	0.00	0.02	49.93	49.95	0.00	71	71	0.00	0.00	127.66	0.00	0.00	0.00
1548	50.04	3100	2793	0.21	10150	0	816	393	13	647	0.01	0.01	0.00	49.95	49.96	0.00	71	71	0.00	0.00	127.49	0.00	0.00	0.00
1548	50.06	3100	2793	0.21	10307	0	796	400	14	679	0.01	0.01	0.03	49.91	49.94	0.00	71	72	0.00	0.00	127.58	0.00	0.00	0.00
1548	50.05	3100	2794	0.21	10324	0	962	357	13	654	0.02	0.01	0.00	49.96	49.95	0.00	72	72	0.00	0.00	127.57	0.00	0.00	0.00
1548	50.05	3100	2793	0.21	10232	0	952	262	10	634	0.01	0.00	0.05	49.90	49.95	0.00	72	72	0.00	0.00	127.55	0.00	0.00	0.00
1548	50.05	3100	2793	0.21	10226	0	826	394	14	646	0.01	0.01	0.00	49.94	49.95	0.00	72	72	0.00	0.00	127.55	0.00	0.00	0.00
1548	50.05	3100	2793	0.21	10326	0	881	425	14	776	0.02	0.01	0.00	49.95	49.95	0.00	72	72	0.00	0.00	127.67	0.00	0.00	0.00
1548	50.05	3100	2793	0.21	10244	0	850	332	16	703	0.01	0.00	0.03	49.92	49.95	0.00	72	72	0.00	0.00	127.64	0.00	0.00	0.00
1548	50.04	3100	2794	0.21	10084	0	881	369	18	685	0.02	0.01	0.02	49.94	49.96	0.00	72	72	0.00	0.00	127.40	0.00	0.00	0.00
1548	50.04	3100	2793	0.21	10402	0	927	307	14	681	0.01	0.01	0.00	49.95	49.96	0.00	72	73	0.00	0.00	127.73	0.00	0.00	0.00
1548	50.05	3100	2793	0.21	10223	0	909	403	8	735	0.01	0.01	0.03	49.93	49.95	0.00	73	73	0.00	0.00	127.78	0.00	0.00	0.00
1548	50.05	3100	2793	0.21	10211	0	740	380	18	725	0.01	0.01	0.03	49.92	49.95	0.00	73	73	0.00	0.00	127.67	0.00	0.00	0.00
1549	50.07	3100	2793	0.21	10299	0	858	295	21	796	0.01	0.01	0.01	49.92	49.93	0.00	73	73	0.00	0.00	127.84	0.00	0.00	0.00
1548	50.05	3100	2793	0.21	10357	0	925	276	25	740	0.01	0.00	0.20	49.76	49.95	0.00	73	73	0.00	0.00	127.77	0.00	0.00	0.00
1548	50.04	3100	2793	0.21	10148	0	805	340	23	665	0.01	0.01	0.04	49.92	49.96	0.00	73	73	0.00	0.00	128.01	0.00	0.00	0.00
1548	50.04	3100	2793	0.21	10023	0	828	386	15	614	0.01	0.01	0.05	49.90	49.96	0.00	73	74	0.00	0.00	127.94	0.00	0.00	0.00
1548	50.05	3100	2793	0.21	10272	0	779	411	21	725	0.01	0.01	0.09	49.86	49.95	0.00	73	73	0.00	0.00	128.06	0.00	0.00	0.00
1548	50.04	3100	2793	0.21	10197	0	814	260	16	672	0.01	0.01	0.00	49.95	49.96	0.00	73	74	0.00	0.00	127.95	0.00	0.00	0.00
1548	50.05	3100	2794	0.21	10156	0	925	354	8	672	0.02	0.00	0.02	49.95	49.95	0.00	74	74	0.00	0.00	128.05	0.00	0.00	0.00
1548	50.05	3101	2793	0.21	10053	0	931	405	12	678	0.02	0.01	0.00	49.92	49.95	0.00	74	74	0.00	0.00	128.04	0.00	0.00	0.00
1549	50.05	3100	2795	0.21	10060	0	856	344	12	744	0.01	0.20	0.02	49.75	49.95	0.00	74	74	0.00	0.00	128.24	0.00	0.00	0.00
1548	50.06	3101	2792	0.21	10136	0	866	353	11	719	0.01	0.01	0.01	49.91	49.93	0.01	74	74	0.00	0.00	128.08	0.00	0.00	0.00
1548	50.07	3100	2793	0.21	10321	0	841	392	11	844	0.01	0.01	0.01	49.92	49.93	0.00	74	74	0.00	0.00	128.14	0.00	0.00	0.00
1548	50.05	3100	2793	0.21	10096	0	872	463	9	660	0.02	0.01	0.03	49.92	49.95	0.00	74	74	0.00	0.00	128.38	0.00	0.00	0.00
1549	50.08	3100	2793	0.21	10376	0	926	382	17	858	0.02	0.01	0.02	49.90	49.92	0.00	74	74	0.00	0.00	128.25	0.00	0.00	0.00
1573	50.86	3100	2793	0.21	10645	0	857	380	398	899	0.02	0.01	0.50	48.63	49.14	0.00	75	75	0.00	0.00	128.25	0.00	0.00	0.00
1624	52.48	3102	2793	0.22	13603	0	1224	425	1273	874	0.04	0.03	0.66	46.84	47.52	0.00	74	75	0.00	0.00	128.05	0.00	0.00	0.00
1556	50.30	3101	2793	0.21	10474	0	923	421	57	842	0.02	0.01	0.01	49.68	49.70	0.00	75	75	0.00	0.00	128.21	0.00	0.00	0.00
1549	50.09	3100	2794	0.21	10387	0	866	365	14	1021	0.01	0.01	0.00	49.91	49.91	0.00	75	75	0.00	0.00	128.47	0.00	0.00	0.00
1548	50.06	3100	2793	0.21	10009	0	988	387	12	764	0.02	0.01	0.00	49.94	49.94	0.00	75	75	0.00	0.00	128.41	0.00	0.00	0.00
1548	50.06	3100	2793	0.21	10140	0	825	336	19	656	0.01	0.01	0.04	49.90	49.94	0.00	75	75	0.00	0.00	128.49	0.00	0.00	0.00
1548	50.04	3100	2793	0.21	9983	0	854	335	9	542	0.01	0.00	0.02	49.95	49.96	0.00	75	75	0.00	0.00	128.43	0.00	0.00	0.00
1548	50.06	3100	2793	0.21	10142	0	798	367	3	747	0.01	0.01	0.00	49.94	49.94	0.00	75	75	0.00	0.00	128.59	0.00	0.00	0.00
1548	50.04	3100	2793	0.21	9984	0	815	423	5	712	0.01	0.01	0.00	49.95	49.96	0.00	75	75	0.00	0.00	128.47	0.00	0.00	0.00
1548	50.04	3100	2794	0.21	9882	0	909	299	16	530	0.01	0.00	0.04	49.93	49.96	0.00	75	75	0.00	0.00	128.67	0.00	0.00	0.00
1548	50.06	3100	2793	0.21	10321	0	942	369	9	786	0.02	0.05	0.01	49.87	49.94	0.00	75	75	0.00	0.00	128.54	0.00	0.00	0.00
1548	50.04	3100	2794	0.21	10068	0	876	321	10	686	0.01	0.01	0.02	49.95	49.96	0.00	75	75	0.00	0.00	128.70	0.00	0.00	0.00
1548	50.00	3103	2793	0.21	9950	0	851	372	16	696	0.01	0.01	0.00	49.98	49.96	0.04	75	76	0.00	0.00	128.48	0.00	0.00	0.00
1548	50.02	3102	2793	0.21	9997	0	839	369	27	647	0.01	0.01	0.00	49.96	49.97	0.01	76	76	0.00	0.00	128.70	0.00	0.00	0.00
1548	50.04	3100	2793	0.21	9919	0	823	417	10	652	0.02	0.02	0.03	49.92	49.96	0.00	76	76	0.00	0.00	128.71	0.00	0.00	0.00
1549	50.07	3100	2793	0.21	10064	0	794	362	15	626	0.01	0.00	0.03	49.90	49.93	0.00	76	76	0.00	0.00	128.69	0.00	0.00	0.00
1548	50.04	3100	2793	0.21	10120	0	846	379	7	662	0.01	0.01	0.01	49.95	49.96	0.00	76	76	0.00	0.00	128.89	0.00	0.00	0.00
1548	50.05	3100	2793	0.21	10032	0	790	362	17	724	0.02	0.01	0.04	49.91	49.95	0.00	76	76	0.00	0.00	128.78	0.00	0.00	0.00
1548	50.04	3100	2794	0.21	9927	0	778	363	17	601	0.01	0.01	0.02	49.95	49.96	0.00	76	76	0.00	0.00	128.94	0.00	0.00	0.00
1548	50.04	3100	2793	0.21	10277	0	814	354	12	759	0.01	0.01	0.00	49.95	49.96	0.00	76	76	0.00	0.00	128.84	0.00	0.00	0.00
1548	50.04	3100	2793	0.21	10156	0	809	427	13	620	0.01	0.01	0.00	49.95	49.96	0.00	76	76	0.00	0.00	128.91	0.00	0.00	0.00
1548	50.04	3100	2793	0.21	9848	0	769	323	16	607	0.01	0.00	0.03	49.93	49.96	0.00	76	76	0.00	0.00	128.84	0.00	0.00	0.00
1548	50.04	3100	2794	0.21	9991	0	874	336	17	648	0.02	0.01	0.00	49.96	49.96	0.00	76	76	0.00	0.00	128.93	0.00	0.00	0.00
1547	50.01	3101	2793	0.21	10079	0	883	373	33	669	0.02	0.02	0.03	49.94	49.98	0.01	77	77	0.00	0.00	128.99	0.00	0.00	0.00
1548	50.04	3100	2794	0.21	9922	0	778	395	4	661	0.01	0.01	0.00	49.96	49.96	0.00	77	77	0.00	0.00	128.99	0.00	0.00	0.00
1548	50.04	3100	2793	0.21	9891	0	817	293	10	643	0.01	0.00	0.02	49.95	49.96	0.00	76	77	0.00	0.00	129.12	0.00	0.00	0.00
1548	50.04	3100	2793	0.21	10114	0	891	323	15	699	0.01	0.01	0.02	49.94	49.96	0.00	77	77	0.00	0.00	129.03	0.00	0.00	0.00
1548	50.06	3100	2793	0.21	10343	0	892	321	18	799	0.01	0.01	0.03	49.91	49.94	0.00	77	77	0.00	0.00	129.18	0.00	0.00	0.00
1549	50.08	3100	2794	0.21	10422	0	806	350	23	888	0.01	0.01	0.02	49.91	49.92	0.00	77	77	0.00	0.00	129.10	0.00	0.00	0.00
1548	50.05	3100	2794	0.21	10240	0	858	345	11	740	0.01	0.01	0.00	49.94	49.95	0.00	77	77	0.00	0.00	129.22	0.00	0.00	0.00
1548	50.06	3100	2793	0.21	10259	0	872	383	17	724	0.02	0.01	0.03	49.91	49.94	0.00	77	77	0.00	0.00	129.13	0.00	0.00	0.00
1548	50.05	3100	2794	0.21	10206	0	826	358	11	726	0.01	0.01	0.00	49.95	49.95	0.00	77	77	0.00	0.00	129.20	0.00	0.00	0.00
1548	50.05	3100	2793	0.21	10318	0	855	282	14	731	0.01	0.00	0.10	49.86	49.95	0.00	77	77	0.00	0.00	129.12	0.00	0.00	0.00
1548	50.04	3100	2793	0.21	10198	0	757	357	11	701	0.01	0.01	0.04	49.92	49.96	0.00	77	77	0.00	0.00	129.20	0.00	0.00	0.00
1549	50.09	3100	2793	0.21	10229	0	879	304	20	1039	0.01	0.00	0.04	49.88	49.91	0.00	77	77	0.00	0.00	129.18	0.00	0.00	0.00
1549	50.08	3100	2793	0.21	10243	0	869	310	9	924	0.01	0.00	0.02	49.90	49.92	0.00	77	77	0.00	0.00	129.26	0.00	0.00	0.00
1549	50.07	3100	2793	0.21	10200	0	836	373	14	1018	0.01	0.01	0.01	49.92	49.93	0.00	77	77	0.00	0.00	129.23	0.00	0.00	0.00
1548	50.05	3100	2793	0.21	10272	0	807	333	9	740	0.01	0.01	0.02	49.93	49.95	0.00	77	78	0.00	0.00	129.22	0.00	0.00	0.00
1548	50.04	3100	2793	0.21	10300	0	905	299	11	745	0.01	0.01	0.00	49.96	49.96	0.00	77	77	0.00	0.00	129.27	0.00	0.00	0.00
1548	50.05	3100	2794	0.21	10090	0	856	349	16	771	0.02	0.02	0.04	49.89	49.95	0.00	77	78	0.00	0.00	129.16	0.00	0.00	0.00
1548	50.04	3100	2793	0.21	10099	0	821	356	11	639	0.01	0.00	0.01	49.95	49.96	0.00	78	78	0.00	0.00	129.37	0.00	0.00	0.00
1548	50.04	3100	2793	0.21	10130	0	878	323	6	643	0.01	0.00	0.00	49.95	49.96	0.00	77	78	0.00	0.00	129.21	0.00	0.00	0.00
1548	50.06	3100	2794	0.21	10239	0	896	359	11	748	0.01	0.02	0.03	49.90	49.94	0.00	77	78	0.00	0.00	129.30	0.00	0.00	0.00
1548	50.04	3100	2793	0.21	10226	0	860	328	10	612	0.01	0.01	0.01	49.94	49.96	0.00	78	78	0.00	0.00	129.44	0.00	0.00	0.00
1548	50.04	3100	2794	0.21	10146	0	852	343	9	648	0.01	0.01	0.00	49.96	49.96	0.00	78	78	0.00	0.00	129.35	0.00	0.00	0.00
1548	50.06	3100	2793	0.21	10375	0	842	406	10	835	0.01	0.01	0.02	49.92	49.94	0.00	77	77	0.00	0.00	129.32	0.00	0.00	0.00
1548	50.05	3100	2794	0.21	10284	0	915	372	18	800	0.02	0.01	0.03	49.91	49.95	0.00	78	78	0.00	0.00	129.28	0.00	0.00	0.00
1548	50.05	3100	2793	0.21	9898	0	824	368	16	606	0.01	0.01	0.03	49.92	49.95	0.00	78	78	0.00	0.00	129.37	0.00	0.00	0.00
1548	50.07	3100	2793	0.21	5767	0	540	154	4	551	0.01	0.00	0.00	49.93	49.93	0.00	78	78	0.00	0.00	129.14	0.00	0.00	0.00
