Avg_MHz	Busy%	Bzy_MHz	TSC_MHz	IPC	IRQ	SMI	POLL	C1	C1E	C6	POLL%	C1%	C1E%	C6%	CPU%c1	CPU%c6	CoreTmp	PkgTmp	Pkg%pc2	Pkg%pc6	PkgWatt	RAMWatt	PKG_%	RAM_%
1748	50.04	3500	2794	0.36	5043	0	0	1	4	730	0.00	0.00	0.00	49.97	49.96	0.00	75	76	0.00	0.00	139.77	0.00	0.00	0.00
1747	50.04	3500	2793	0.36	4965	0	0	1	0	801	0.00	0.00	0.00	49.96	49.96	0.00	75	76	0.00	0.00	139.93	0.00	0.00	0.00
1747	50.04	3500	2793	0.36	4793	0	4	1	3	643	0.00	0.00	0.00	49.96	49.96	0.00	76	76	0.00	0.00	139.97	0.00	0.00	0.00
1748	50.05	3500	2793	0.36	4871	0	2	0	2	759	0.00	0.00	0.00	49.96	49.95	0.00	76	76	0.00	0.00	139.82	0.00	0.00	0.00
1747	50.04	3500	2793	0.36	4840	0	2	0	6	664	0.00	0.00	0.03	49.93	49.96	0.00	76	76	0.00	0.00	139.89	0.00	0.00	0.00
1747	50.04	3500	2793	0.36	4975	0	2	2	1	801	0.00	0.00	0.00	49.96	49.96	0.00	76	76	0.00	0.00	139.76	0.00	0.00	0.00
1747	50.04	3500	2793	0.36	4844	0	0	1	7	681	0.00	0.00	0.01	49.95	49.96	0.00	76	76	0.00	0.00	139.84	0.00	0.00	0.00
1747	50.04	3500	2793	0.36	4930	0	3	1	5	761	0.00	0.00	0.03	49.93	49.96	0.00	76	77	0.00	0.00	140.03	0.00	0.00	0.00
1747	50.04	3500	2793	0.36	4938	0	0	0	4	775	0.00	0.00	0.02	49.94	49.96	0.00	76	76	0.00	0.00	140.07	0.00	0.00	0.00
1747	50.04	3500	2793	0.36	4936	0	2	0	6	755	0.00	0.00	0.03	49.93	49.96	0.00	76	77	0.00	0.00	140.12	0.00	0.00	0.00
1747	50.04	3500	2793	0.36	4808	0	0	0	2	666	0.00	0.00	0.00	49.96	49.96	0.00	76	77	0.00	0.00	140.17	0.00	0.00	0.00
1747	50.04	3500	2793	0.36	4919	0	0	2	6	712	0.00	0.00	0.02	49.94	49.96	0.00	76	77	0.00	0.00	139.91	0.00	0.00	0.00
1747	50.04	3500	2793	0.36	4847	0	0	1	1	728	0.00	0.00	0.00	49.96	49.96	0.00	76	76	0.00	0.00	139.99	0.00	0.00	0.00
1748	50.05	3500	2793	0.36	4897	0	0	3	5	742	0.00	0.01	0.03	49.92	49.95	0.00	77	77	0.00	0.00	139.91	0.00	0.00	0.00
1747	50.04	3500	2793	0.36	4799	0	2	0	0	642	0.00	0.00	0.00	49.96	49.96	0.00	77	77	0.00	0.00	140.16	0.00	0.00	0.00
1747	50.04	3500	2794	0.36	4802	0	2	0	6	691	0.00	0.00	0.02	49.95	49.96	0.00	77	77	0.00	0.00	140.27	0.00	0.00	0.00
1747	50.04	3500	2793	0.36	4847	0	0	1	1	701	0.00	0.00	0.01	49.95	49.96	0.00	76	77	0.00	0.00	140.21	0.00	0.00	0.00
1747	50.04	3500	2793	0.36	4821	0	2	2	6	670	0.00	0.00	0.03	49.93	49.96	0.00	77	77	0.00	0.00	140.09	0.00	0.00	0.00
1747	50.05	3500	2793	0.36	4984	0	0	0	3	806	0.00	0.00	0.01	49.95	49.95	0.00	77	77	0.00	0.00	140.07	0.00	0.00	0.00
1747	50.04	3500	2793	0.36	4805	0	0	0	8	619	0.00	0.00	0.05	49.91	49.96	0.00	77	77	0.00	0.00	140.33	0.00	0.00	0.00
1747	50.04	3500	2793	0.36	4930	0	0	1	4	765	0.00	0.00	0.02	49.95	49.96	0.00	77	77	0.00	0.00	140.26	0.00	0.00	0.00
1747	50.04	3500	2793	0.36	4857	0	0	0	6	719	0.00	0.00	0.03	49.93	49.96	0.00	77	77	0.00	0.00	140.10	0.00	0.00	0.00
1747	50.04	3500	2793	0.36	4932	0	0	1	3	725	0.00	0.00	0.00	49.96	49.96	0.00	77	77	0.00	0.00	140.31	0.00	0.00	0.00
1748	50.05	3500	2793	0.36	4829	0	4	2	5	656	0.00	0.00	0.02	49.94	49.95	0.00	77	77	0.00	0.00	140.28	0.00	0.00	0.00
1747	50.04	3500	2793	0.36	4891	0	0	0	5	721	0.00	0.00	0.02	49.95	49.96	0.00	77	78	0.00	0.00	140.52	0.00	0.00	0.00
1747	50.04	3500	2793	0.36	4918	0	0	0	2	761	0.00	0.00	0.01	49.95	49.96	0.00	77	77	0.00	0.00	140.30	0.00	0.00	0.00
1747	50.04	3500	2793	0.36	4819	0	0	6	4	710	0.00	0.00	0.00	49.96	49.96	0.00	77	78	0.00	0.00	140.37	0.00	0.00	0.00
1747	50.04	3500	2793	0.36	4819	0	4	0	0	640	0.00	0.00	0.00	49.96	49.96	0.00	78	78	0.00	0.00	140.45	0.00	0.00	0.00
1747	50.04	3500	2793	0.36	4808	0	1	0	6	662	0.00	0.00	0.03	49.93	49.96	0.00	77	78	0.00	0.00	140.57	0.00	0.00	0.00
1747	50.04	3500	2794	0.36	4939	0	2	2	1	779	0.00	0.00	0.01	49.95	49.96	0.00	77	78	0.00	0.00	140.44	0.00	0.00	0.00
1747	50.04	3500	2793	0.36	4817	0	0	1	4	674	0.00	0.00	0.00	49.96	49.96	0.00	78	78	0.00	0.00	140.44	0.00	0.00	0.00
1747	50.04	3500	2793	0.36	4911	0	2	0	1	777	0.00	0.00	0.00	49.96	49.96	0.00	78	78	0.00	0.00	140.59	0.00	0.00	0.00
1747	50.04	3500	2793	0.36	4802	0	2	1	6	681	0.00	0.00	0.04	49.92	49.96	0.00	78	78	0.00	0.00	140.33	0.00	0.00	0.00
1748	50.05	3500	2793	0.36	4955	0	2	1	4	786	0.00	0.00	0.02	49.94	49.95	0.00	78	78	0.00	0.00	140.36	0.00	0.00	0.00
1747	50.05	3500	2793	0.36	4864	0	0	0	3	740	0.00	0.00	0.00	49.95	49.95	0.00	77	78	0.00	0.00	140.61	0.00	0.00	0.00
1747	50.04	3500	2793	0.36	4843	0	2	2	7	698	0.00	0.00	0.04	49.92	49.96	0.00	78	78	0.00	0.00	140.52	0.00	0.00	0.00
1747	50.04	3500	2793	0.36	4857	0	0	3	2	662	0.00	0.00	0.00	49.96	49.96	0.00	78	78	0.00	0.00	140.52	0.00	0.00	0.00
1747	50.04	3500	2793	0.36	4874	0	0	0	7	692	0.00	0.00	0.04	49.92	49.96	0.00	78	78	0.00	0.00	140.63	0.00	0.00	0.00
1747	50.04	3500	2794	0.36	4805	0	0	0	2	641	0.00	0.00	0.01	49.95	49.96	0.00	78	79	0.00	0.00	140.62	0.00	0.00	0.00
1747	50.04	3500	2793	0.36	4840	0	0	0	7	678	0.00	0.00	0.04	49.92	49.96	0.00	78	79	0.00	0.00	140.52	0.00	0.00	0.00
1747	50.04	3500	2793	0.36	4922	0	0	0	2	749	0.00	0.00	0.00	49.96	49.96	0.00	78	78	0.00	0.00	140.59	0.00	0.00	0.00
1747	50.04	3500	2793	0.36	4896	0	0	0	6	727	0.00	0.00	0.03	49.93	49.96	0.00	78	78	0.00	0.00	140.77	0.00	0.00	0.00
1747	50.04	3500	2794	0.36	4942	0	0	1	0	768	0.00	0.00	0.00	49.96	49.96	0.00	78	79	0.00	0.00	140.61	0.00	0.00	0.00
1747	50.05	3500	2793	0.36	4797	0	0	0	7	649	0.00	0.00	0.04	49.92	49.95	0.00	78	78	0.00	0.00	140.78	0.00	0.00	0.00
1748	50.04	3500	2794	0.36	4952	0	0	1	1	772	0.00	0.00	0.00	49.96	49.96	0.00	78	78	0.00	0.00	140.71	0.00	0.00	0.00
1747	50.04	3500	2793	0.36	4712	0	6	2	6	652	0.00	0.00	0.03	49.94	49.96	0.00	78	79	0.00	0.00	140.68	0.00	0.00	0.00
1747	50.04	3500	2793	0.36	4847	0	2	1	3	751	0.00	0.00	0.00	49.96	49.96	0.00	78	79	0.00	0.00	140.79	0.00	0.00	0.00
1747	50.04	3500	2793	0.36	4834	0	5	1	7	734	0.00	0.00	0.05	49.91	49.96	0.00	79	78	0.00	0.00	140.89	0.00	0.00	0.00
1747	50.04	3500	2793	0.36	4762	0	2	0	4	711	0.00	0.00	0.02	49.95	49.96	0.00	78	79	0.00	0.00	140.55	0.00	0.00	0.00
1747	50.04	3500	2793	0.36	4766	0	2	0	5	685	0.00	0.00	0.02	49.95	49.96	0.00	78	79	0.00	0.00	140.57	0.00	0.00	0.00
1747	50.04	3500	2793	0.36	4811	0	2	1	3	726	0.00	0.00	0.00	49.96	49.96	0.00	78	79	0.00	0.00	140.86	0.00	0.00	0.00
1747	50.04	3500	2794	0.36	4677	0	0	2	4	628	0.00	0.00	0.02	49.96	49.96	0.00	78	79	0.00	0.00	141.02	0.00	0.00	0.00
1747	50.04	3500	2793	0.36	4778	0	0	0	6	701	0.00	0.00	0.02	49.94	49.96	0.00	78	79	0.00	0.00	140.74	0.00	0.00	0.00
1748	50.05	3500	2793	0.36	4757	0	2	0	1	721	0.00	0.00	0.00	49.95	49.95	0.00	78	79	0.00	0.00	140.73	0.00	0.00	0.00
1747	50.04	3500	2793	0.36	4830	0	0	0	4	708	0.00	0.00	0.00	49.96	49.96	0.00	79	79	0.00	0.00	140.70	0.00	0.00	0.00
1747	50.04	3500	2793	0.36	4715	0	1	1	0	630	0.00	0.00	0.00	49.96	49.96	0.00	79	79	0.00	0.00	140.81	0.00	0.00	0.00
1747	50.04	3500	2793	0.36	4733	0	4	2	5	668	0.00	0.00	0.02	49.95	49.96	0.00	79	79	0.00	0.00	141.11	0.00	0.00	0.00
1747	50.04	3500	2794	0.36	4781	0	0	1	2	701	0.00	0.00	0.01	49.95	49.96	0.00	79	79	0.00	0.00	140.75	0.00	0.00	0.00
1747	50.04	3500	2793	0.36	4727	0	2	0	5	660	0.00	0.00	0.01	49.95	49.96	0.00	79	79	0.00	0.00	140.84	0.00	0.00	0.00
1747	50.04	3500	2793	0.36	4692	0	0	0	1	611	0.00	0.00	0.00	49.97	49.96	0.00	79	79	0.00	0.00	140.99	0.00	0.00	0.00
1747	50.04	3500	2793	0.36	4745	0	2	2	8	667	0.00	0.01	0.06	49.89	49.96	0.00	79	79	0.00	0.00	140.89	0.00	0.00	0.00
1747	50.04	3500	2793	0.36	4821	0	0	0	2	726	0.00	0.00	0.00	49.96	49.96	0.00	79	79	0.00	0.00	140.91	0.00	0.00	0.00
1747	50.04	3500	2794	0.36	4755	0	2	0	4	669	0.00	0.00	0.00	49.96	49.96	0.00	79	80	0.00	0.00	140.84	0.00	0.00	0.00
1747	50.05	3500	2793	0.36	4763	0	0	2	4	690	0.00	0.00	0.01	49.94	49.95	0.00	79	79	0.00	0.00	140.90	0.00	0.00	0.00
1747	50.04	3500	2793	0.36	4800	0	0	0	6	738	0.00	0.00	0.04	49.92	49.96	0.00	79	80	0.00	0.00	140.87	0.00	0.00	0.00
1747	50.04	3500	2793	0.36	4795	0	0	0	7	693	0.00	0.00	0.04	49.92	49.96	0.00	79	79	0.00	0.00	140.93	0.00	0.00	0.00
1747	50.04	3500	2793	0.36	4840	0	2	0	4	754	0.00	0.00	0.00	49.96	49.96	0.00	79	79	0.00	0.00	141.16	0.00	0.00	0.00
1748	50.05	3500	2793	0.36	4891	0	2	7	7	794	0.00	0.01	0.04	49.90	49.95	0.00	79	79	0.00	0.00	141.04	0.00	0.00	0.00
1747	50.04	3500	2793	0.36	4731	0	0	7	4	654	0.00	0.00	0.03	49.94	49.96	0.00	79	79	0.00	0.00	141.23	0.00	0.00	0.00
1747	50.04	3500	2794	0.36	4858	0	0	2	7	746	0.00	0.00	0.04	49.92	49.96	0.00	79	80	0.00	0.00	140.93	0.00	0.00	0.00
1747	50.04	3500	2793	0.36	4788	0	0	0	1	681	0.00	0.00	0.00	49.96	49.96	0.00	79	79	0.00	0.00	141.21	0.00	0.00	0.00
1747	50.04	3500	2793	0.36	4746	0	3	2	6	667	0.00	0.00	0.04	49.93	49.96	0.00	79	80	0.00	0.00	141.27	0.00	0.00	0.00
1747	50.04	3500	2793	0.36	4697	0	0	9	3	622	0.00	0.10	0.01	49.86	49.96	0.00	79	80	0.00	0.00	140.98	0.00	0.00	0.00
1748	50.05	3500	2793	0.36	4730	0	3	0	14	691	0.00	0.00	0.13	49.83	49.95	0.00	79	79	0.00	0.00	141.23	0.00	0.00	0.00
1747	50.04	3500	2793	0.36	4721	0	2	1	1	646	0.00	0.00	0.01	49.95	49.96	0.00	79	79	0.00	0.00	141.07	0.00	0.00	0.00
1747	50.04	3500	2793	0.36	4714	0	0	4	5	658	0.00	0.00	0.02	49.95	49.96	0.00	79	79	0.00	0.00	141.05	0.00	0.00	0.00
1747	50.04	3500	2793	0.36	4829	0	1	0	1	775	0.00	0.00	0.00	49.96	49.96	0.00	80	79	0.00	0.00	141.25	0.00	0.00	0.00
1747	50.04	3500	2793	0.36	4767	0	2	0	6	705	0.00	0.00	0.02	49.95	49.96	0.00	80	80	0.00	0.00	141.23	0.00	0.00	0.00
1747	50.04	3500	2793	0.36	4775	0	0	0	3	713	0.00	0.00	0.00	49.96	49.96	0.00	79	80	0.00	0.00	141.25	0.00	0.00	0.00
1747	50.04	3500	2793	0.36	4725	0	2	1	7	651	0.00	0.00	0.03	49.94	49.96	0.00	79	80	0.00	0.00	141.32	0.00	0.00	0.00
1747	50.04	3500	2793	0.36	4808	0	0	0	9	732	0.00	0.00	0.05	49.92	49.96	0.00	79	80	0.00	0.00	141.21	0.00	0.00	0.00
1747	50.04	3500	2793	0.36	4708	0	2	2	8	613	0.00	0.00	0.04	49.92	49.96	0.00	80	80	0.00	0.00	141.18	0.00	0.00	0.00
1747	50.04	3500	2793	0.36	4814	0	0	2	4	699	0.00	0.00	0.00	49.96	49.96	0.00	79	80	0.00	0.00	141.21	0.00	0.00	0.00
1748	50.05	3500	2794	0.36	4801	0	2	1	6	753	0.00	0.00	0.03	49.93	49.95	0.00	79	80	0.00	0.00	141.45	0.00	0.00	0.00
1747	50.04	3500	2793	0.36	4811	0	2	0	9	716	0.00	0.00	0.06	49.90	49.96	0.00	79	80	0.00	0.00	141.43	0.00	0.00	0.00
1747	50.04	3500	2793	0.36	4750	0	2	0	4	653	0.00	0.00	0.01	49.95	49.96	0.00	79	80	0.00	0.00	141.10	0.00	0.00	0.00
1747	50.04	3500	2793	0.36	4749	0	3	0	4	672	0.00	0.00	0.00	49.96	49.96	0.00	79	80	0.00	0.00	141.30	0.00	0.00	0.00
1747	50.04	3500	2793	0.36	4672	0	1	2	1	597	0.00	0.00	0.00	49.96	49.96	0.00	80	80	0.00	0.00	141.06	0.00	0.00	0.00
1747	50.04	3500	2794	0.36	4744	0	0	1	6	684	0.00	0.00	0.03	49.93	49.96	0.00	79	80	0.00	0.00	141.28	0.00	0.00	0.00
1747	50.04	3500	2793	0.36	4708	0	0	0	0	614	0.00	0.00	0.00	49.97	49.96	0.00	80	80	0.00	0.00	141.32	0.00	0.00	0.00
1747	50.04	3500	2793	0.36	4703	0	2	0	3	660	0.00	0.00	0.00	49.96	49.96	0.00	80	80	0.00	0.00	141.54	0.00	0.00	0.00
1747	50.04	3500	2793	0.36	4806	0	0	0	1	756	0.00	0.00	0.00	49.97	49.96	0.00	80	80	0.00	0.00	141.51	0.00	0.00	0.00
1747	50.04	3500	2793	0.36	4722	0	0	0	8	658	0.00	0.00	0.05	49.91	49.96	0.00	80	80	0.00	0.00	141.50	0.00	0.00	0.00
1748	50.05	3500	2793	0.36	4829	0	2	2	2	759	0.00	0.00	0.00	49.95	49.95	0.00	80	80	0.00	0.00	141.47	0.00	0.00	0.00
1747	50.04	3500	2793	0.36	4825	0	2	1	4	752	0.00	0.00	0.00	49.96	49.96	0.00	80	80	0.00	0.00	141.40	0.00	0.00	0.00
1747	50.04	3500	2793	0.36	4806	0	0	0	5	707	0.00	0.00	0.02	49.95	49.96	0.00	80	80	0.00	0.00	141.35	0.00	0.00	0.00
1747	50.04	3500	2793	0.36	4656	0	0	1	5	584	0.00	0.00	0.04	49.93	49.96	0.00	80	80	0.00	0.00	141.62	0.00	0.00	0.00
1747	50.04	3500	2793	0.36	4764	0	0	0	4	683	0.00	0.00	0.02	49.95	49.96	0.00	80	80	0.00	0.00	141.27	0.00	0.00	0.00
1747	50.04	3500	2793	0.36	4702	0	7	2	2	639	0.00	0.00	0.00	49.96	49.96	0.00	80	80	0.00	0.00	141.54	0.00	0.00	0.00
1747	50.04	3500	2793	0.36	4783	0	3	3	5	716	0.00	0.00	0.03	49.94	49.96	0.00	80	80	0.00	0.00	141.69	0.00	0.00	0.00
1747	50.04	3500	2793	0.36	4707	0	0	0	2	637	0.00	0.00	0.01	49.95	49.96	0.00	80	80	0.00	0.00	141.30	0.00	0.00	0.00
1747	50.04	3500	2794	0.36	4845	0	3	2	6	772	0.00	0.01	0.04	49.91	49.96	0.00	80	80	0.00	0.00	141.62	0.00	0.00	0.00
1747	50.04	3500	2793	0.36	4740	0	2	0	1	682	0.00	0.00	0.01	49.95	49.96	0.00	80	81	0.00	0.00	141.75	0.00	0.00	0.00
1748	50.05	3500	2793	0.36	4754	0	0	1	8	702	0.00	0.00	0.04	49.91	49.95	0.00	80	80	0.00	0.00	141.64	0.00	0.00	0.00
1747	50.04	3500	2793	0.36	4871	0	0	0	0	743	0.00	0.00	0.00	49.96	49.96	0.00	80	81	0.00	0.00	141.86	0.00	0.00	0.00
1747	50.04	3500	2793	0.36	4761	0	0	2	9	683	0.00	0.00	0.05	49.91	49.96	0.00	81	80	0.00	0.00	141.54	0.00	0.00	0.00
1749	50.08	3500	2793	0.36	4847	0	8	0	2	785	0.00	0.00	0.00	49.93	49.92	0.00	80	81	0.00	0.00	141.48	0.00	0.00	0.00
1747	50.04	3500	2794	0.36	4687	0	0	1	6	600	0.00	0.00	0.04	49.93	49.96	0.00	81	81	0.00	0.00	141.47	0.00	0.00	0.00
1747	50.04	3500	2793	0.36	4786	0	0	0	3	725	0.00	0.00	0.00	49.96	49.96	0.00	80	81	0.00	0.00	141.72	0.00	0.00	0.00
1747	50.04	3500	2793	0.36	4702	0	2	0	7	630	0.00	0.00	0.04	49.93	49.96	0.00	80	80	0.00	0.00	141.50	0.00	0.00	0.00
1747	50.04	3500	2793	0.36	4811	0	0	0	3	724	0.00	0.00	0.00	49.96	49.96	0.00	80	81	0.00	0.00	141.62	0.00	0.00	0.00
1747	50.04	3500	2793	0.36	4700	0	0	3	6	609	0.00	0.00	0.03	49.93	49.96	0.00	80	80	0.00	0.00	141.64	0.00	0.00	0.00
1747	50.04	3500	2793	0.36	4791	0	4	1	6	695	0.00	0.00	0.03	49.93	49.96	0.00	80	80	0.00	0.00	141.60	0.00	0.00	0.00
1748	50.06	3500	2793	0.36	4793	0	0	8	1	765	0.00	0.01	0.00	49.93	49.94	0.00	81	81	0.00	0.00	141.30	0.00	0.00	0.00
1747	50.04	3500	2794	0.36	4762	0	1	0	3	678	0.00	0.00	0.00	49.96	49.96	0.00	81	81	0.00	0.00	141.44	0.00	0.00	0.00
1747	50.04	3500	2793	0.36	4701	0	0	0	0	650	0.00	0.00	0.00	49.96	49.96	0.00	81	81	0.00	0.00	141.69	0.00	0.00	0.00
1749	50.09	3500	2794	0.36	2395	0	2	1	8	648	0.00	0.00	0.11	49.80	49.91	0.00	80	81	0.00	0.00	141.18	0.00	0.00	0.00
