Avg_MHz	Busy%	Bzy_MHz	TSC_MHz	IPC	IRQ	SMI	POLL	C1	C1E	C6	POLL%	C1%	C1E%	C6%	CPU%c1	CPU%c6	CoreTmp	PkgTmp	Pkg%pc2	Pkg%pc6	PkgWatt	RAMWatt	PKG_%	RAM_%
122	3.18	3836	2794	0.53	680	0	0	0	4	470	0.00	0.00	0.00	96.82	5.34	91.48	65	65	0.00	0.00	56.32	0.00	0.00	0.00
122	3.19	3826	2793	0.53	786	0	0	1	5	600	0.00	0.00	0.01	96.80	5.85	90.96	65	65	0.00	0.00	56.27	0.00	0.00	0.00
122	3.21	3807	2794	0.53	824	0	0	4	4	669	0.00	0.01	0.00	96.80	6.27	90.52	65	65	0.00	0.00	56.34	0.00	0.00	0.00
122	3.20	3819	2793	0.53	820	0	0	0	7	629	0.00	0.00	0.01	96.79	6.02	90.78	65	65	0.00	0.00	56.30	0.00	0.00	0.00
122	3.19	3825	2793	0.53	752	0	0	0	7	566	0.00	0.00	0.01	96.81	5.74	91.07	65	65	0.00	0.00	56.21	0.00	0.00	0.00
122	3.20	3816	2793	0.53	869	0	0	2	6	682	0.00	0.00	0.01	96.80	6.19	90.61	65	65	0.00	0.00	56.26	0.00	0.00	0.00
122	3.19	3825	2793	0.53	724	0	0	0	8	538	0.00	0.00	0.01	96.81	5.65	91.16	65	65	0.00	0.00	56.29	0.00	0.00	0.00
122	3.21	3805	2793	0.53	832	0	0	0	10	642	0.00	0.00	0.00	96.79	6.31	90.48	65	65	0.00	0.00	56.22	0.00	0.00	0.00
122	3.20	3813	2793	0.53	809	0	0	0	9	627	0.00	0.00	0.02	96.79	6.18	90.62	65	65	0.00	0.00	56.12	0.00	0.00	0.00
122	3.19	3818	2794	0.53	822	0	0	0	7	644	0.00	0.00	0.01	96.81	6.12	90.69	64	64	0.00	0.00	56.28	0.00	0.00	0.00
122	3.19	3819	2793	0.53	762	0	0	0	9	584	0.00	0.00	0.02	96.79	5.96	90.85	65	65	0.00	0.00	56.23	0.00	0.00	0.00
122	3.20	3813	2794	0.53	852	0	1	2	11	661	0.00	0.00	0.01	96.80	6.37	90.43	64	64	0.00	0.00	56.17	0.00	0.00	0.00
122	3.19	3821	2793	0.53	728	0	0	2	5	551	0.00	0.00	0.00	96.81	5.73	91.08	64	64	0.00	0.00	56.21	0.00	0.00	0.00
122	3.19	3827	2794	0.53	750	0	0	0	6	563	0.00	0.00	0.00	96.82	5.66	91.15	64	64	0.00	0.00	56.19	0.00	0.00	0.00
122	3.20	3818	2793	0.53	871	0	2	0	6	683	0.00	0.00	0.00	96.80	6.01	90.79	64	64	0.00	0.00	56.22	0.00	0.00	0.00
122	3.20	3811	2793	0.53	944	0	0	0	6	747	0.00	0.00	0.03	96.78	6.54	90.25	63	63	0.00	0.00	56.27	0.00	0.00	0.00
122	3.19	3827	2794	0.53	709	0	0	0	6	529	0.00	0.00	0.01	96.81	5.62	91.19	64	64	0.00	0.00	56.10	0.00	0.00	0.00
122	3.21	3803	2793	0.53	884	0	0	5	5	695	0.00	0.01	0.00	96.78	6.41	90.38	64	64	0.00	0.00	56.20	0.00	0.00	0.00
122	3.19	3824	2794	0.53	740	0	1	1	7	557	0.00	0.00	0.02	96.81	5.70	91.11	63	63	0.00	0.00	56.34	0.00	0.00	0.00
122	3.20	3817	2794	0.53	849	0	0	0	8	655	0.00	0.00	0.03	96.79	6.12	90.68	64	64	0.00	0.00	56.27	0.00	0.00	0.00
122	3.20	3814	2793	0.53	865	0	0	0	6	681	0.00	0.00	0.01	96.79	6.44	90.36	64	64	0.00	0.00	56.32	0.00	0.00	0.00
122	3.19	3820	2794	0.53	798	0	0	2	7	605	0.00	0.00	0.00	96.81	5.90	90.90	63	63	0.00	0.00	56.24	0.00	0.00	0.00
122	3.19	3827	2793	0.53	683	0	0	0	9	500	0.00	0.00	0.01	96.81	5.68	91.14	64	64	0.00	0.00	56.30	0.00	0.00	0.00
122	3.19	3820	2793	0.53	735	0	0	2	9	548	0.00	0.00	0.01	96.80	5.89	90.92	64	64	0.00	0.00	56.33	0.00	0.00	0.00
122	3.19	3823	2793	0.53	729	0	0	1	10	544	0.00	0.00	0.01	96.81	5.75	91.06	63	63	0.00	0.00	56.25	0.00	0.00	0.00
122	3.19	3828	2794	0.53	713	0	0	1	4	527	0.00	0.00	0.00	96.82	5.57	91.24	63	63	0.00	0.00	56.35	0.00	0.00	0.00
122	3.20	3818	2793	0.53	854	0	0	0	7	660	0.00	0.00	0.01	96.80	6.04	90.76	64	64	0.00	0.00	56.27	0.00	0.00	0.00
122	3.21	3807	2794	0.53	792	0	0	1	9	614	0.00	0.00	0.04	96.76	6.09	90.70	63	63	0.00	0.00	56.24	0.00	0.00	0.00
122	3.19	3829	2793	0.53	692	0	0	0	10	504	0.00	0.00	0.00	96.81	5.42	91.39	63	63	0.00	0.00	56.32	0.00	0.00	0.00
122	3.20	3819	2793	0.53	788	0	0	3	7	604	0.00	0.00	0.01	96.80	6.09	90.72	63	63	0.00	0.00	56.22	0.00	0.00	0.00
122	3.19	3829	2793	0.53	669	0	0	0	8	483	0.00	0.00	0.02	96.80	5.45	91.37	63	63	0.00	0.00	56.21	0.00	0.00	0.00
122	3.19	3827	2793	0.53	689	0	0	0	8	497	0.00	0.00	0.01	96.81	5.62	91.19	63	63	0.00	0.00	56.29	0.00	0.00	0.00
122	3.19	3825	2793	0.53	735	0	0	0	8	551	0.00	0.00	0.01	96.81	5.63	91.18	63	63	0.00	0.00	56.31	0.00	0.00	0.00
122	3.19	3826	2793	0.53	738	0	0	0	9	552	0.00	0.00	0.00	96.81	5.64	91.17	63	63	0.00	0.00	56.19	0.00	0.00	0.00
122	3.19	3826	2794	0.53	739	0	0	1	5	550	0.00	0.00	0.00	96.82	5.55	91.25	63	63	0.00	0.00	56.28	0.00	0.00	0.00
122	3.19	3829	2793	0.53	649	0	0	4	5	463	0.00	0.01	0.00	96.79	5.51	91.30	63	63	0.00	0.00	56.21	0.00	0.00	0.00
122	3.19	3832	2793	0.53	673	0	0	0	6	489	0.00	0.00	0.00	96.81	5.31	91.51	63	63	0.00	0.00	56.23	0.00	0.00	0.00
122	3.20	3819	2793	0.53	676	0	0	0	5	495	0.00	0.00	0.00	96.81	5.49	91.31	63	63	0.00	0.00	56.21	0.00	0.00	0.00
122	3.20	3818	2794	0.53	820	0	0	0	6	632	0.00	0.00	0.02	96.80	6.06	90.74	62	62	0.00	0.00	56.20	0.00	0.00	0.00
122	3.19	3828	2793	0.53	682	0	0	1	7	492	0.00	0.00	0.00	96.81	5.64	91.17	62	62	0.00	0.00	56.22	0.00	0.00	0.00
122	3.19	3817	2793	0.53	777	0	0	1	13	593	0.00	0.00	0.01	96.80	5.92	90.89	62	62	0.00	0.00	56.20	0.00	0.00	0.00
122	3.20	3813	2793	0.53	866	0	0	1	10	670	0.00	0.00	0.01	96.81	6.18	90.62	63	63	0.00	0.00	56.21	0.00	0.00	0.00
122	3.20	3811	2793	0.53	926	0	0	0	8	730	0.00	0.00	0.01	96.80	6.52	90.28	62	62	0.00	0.00	56.22	0.00	0.00	0.00
122	3.20	3813	2794	0.53	858	0	0	0	7	672	0.00	0.00	0.00	96.81	6.28	90.52	62	62	0.00	0.00	56.20	0.00	0.00	0.00
122	3.20	3817	2793	0.53	880	0	0	1	8	687	0.00	0.00	0.00	96.80	6.15	90.65	62	62	0.00	0.00	56.22	0.00	0.00	0.00
122	3.23	3787	2793	0.53	1009	0	0	2	35	768	0.00	0.00	0.29	96.49	7.16	89.61	62	62	0.00	0.00	56.21	0.00	0.00	0.00
122	3.19	3820	2793	0.53	780	0	0	2	9	587	0.00	0.00	0.02	96.79	5.89	90.91	62	62	0.00	0.00	56.17	0.00	0.00	0.00
122	3.20	3813	2794	0.53	752	0	0	1	8	573	0.00	0.00	0.00	96.81	5.81	90.99	62	62	0.00	0.00	56.25	0.00	0.00	0.00
122	3.19	3823	2793	0.53	749	0	0	0	6	558	0.00	0.00	0.00	96.81	5.81	91.00	62	62	0.00	0.00	56.12	0.00	0.00	0.00
122	3.20	3815	2794	0.53	852	0	0	0	7	674	0.00	0.00	0.00	96.82	6.15	90.65	62	62	0.00	0.00	56.23	0.00	0.00	0.00
122	3.20	3817	2793	0.53	815	0	0	0	8	625	0.00	0.00	0.00	96.79	6.06	90.74	62	62	0.00	0.00	56.13	0.00	0.00	0.00
122	3.19	3825	2793	0.53	775	0	0	0	6	583	0.00	0.00	0.00	96.81	5.63	91.18	62	62	0.00	0.00	56.25	0.00	0.00	0.00
122	3.20	3818	2794	0.53	803	0	0	3	6	614	0.00	0.00	0.00	96.81	6.03	90.78	62	62	0.00	0.00	56.22	0.00	0.00	0.00
122	3.19	3826	2794	0.53	730	0	0	0	8	549	0.00	0.00	0.02	96.81	5.80	91.01	62	62	0.00	0.00	56.16	0.00	0.00	0.00
122	3.19	3819	2793	0.53	797	0	0	1	8	605	0.00	0.00	0.01	96.80	6.01	90.79	62	62	0.00	0.00	56.17	0.00	0.00	0.00
122	3.19	3825	2794	0.53	740	0	0	1	10	546	0.00	0.00	0.01	96.81	5.73	91.08	62	62	0.00	0.00	56.21	0.00	0.00	0.00
122	3.20	3814	2793	0.53	757	0	0	0	9	568	0.00	0.00	0.01	96.79	5.88	90.92	61	61	0.00	0.00	56.15	0.00	0.00	0.00
122	3.20	3809	2793	0.53	956	0	0	0	7	769	0.00	0.00	0.02	96.78	6.54	90.25	62	62	0.00	0.00	56.26	0.00	0.00	0.00
122	3.20	3812	2793	0.53	864	0	0	2	5	674	0.00	0.00	0.00	96.80	6.30	90.49	61	61	0.00	0.00	56.17	0.00	0.00	0.00
122	3.19	3826	2794	0.53	728	0	0	0	7	543	0.00	0.00	0.00	96.82	5.68	91.13	61	61	0.00	0.00	56.18	0.00	0.00	0.00
122	3.19	3822	2793	0.53	734	0	0	0	7	554	0.00	0.00	0.01	96.81	5.74	91.07	62	62	0.00	0.00	56.20	0.00	0.00	0.00
122	3.19	3827	2793	0.53	752	0	0	1	7	561	0.00	0.00	0.00	96.81	5.59	91.22	61	61	0.00	0.00	56.16	0.00	0.00	0.00
122	3.20	3816	2794	0.53	823	0	0	1	8	628	0.00	0.00	0.01	96.81	6.11	90.69	61	61	0.00	0.00	56.21	0.00	0.00	0.00
122	3.19	3824	2793	0.53	762	0	0	0	7	575	0.00	0.00	0.02	96.79	5.78	91.03	61	61	0.00	0.00	56.10	0.00	0.00	0.00
122	3.19	3828	2793	0.53	687	0	0	3	6	495	0.00	0.00	0.00	96.81	5.36	91.45	61	61	0.00	0.00	56.18	0.00	0.00	0.00
122	3.19	3831	2794	0.53	680	0	0	0	6	492	0.00	0.00	0.01	96.82	5.35	91.46	61	61	0.00	0.00	56.20	0.00	0.00	0.00
122	3.20	3809	2793	0.53	783	0	0	0	9	592	0.00	0.00	0.01	96.78	5.99	90.81	61	61	0.00	0.00	56.22	0.00	0.00	0.00
122	3.20	3817	2793	0.53	782	0	1	0	7	598	0.00	0.00	0.01	96.80	6.05	90.75	61	61	0.00	0.00	56.19	0.00	0.00	0.00
122	3.19	3825	2793	0.53	726	0	0	0	10	534	0.00	0.00	0.01	96.81	5.62	91.19	61	61	0.00	0.00	56.21	0.00	0.00	0.00
122	3.20	3816	2794	0.53	839	0	0	0	10	658	0.00	0.00	0.02	96.80	6.09	90.71	61	61	0.00	0.00	56.21	0.00	0.00	0.00
122	3.20	3816	2793	0.53	827	0	0	2	10	635	0.00	0.00	0.01	96.80	6.22	90.58	61	61	0.00	0.00	56.13	0.00	0.00	0.00
122	3.20	3813	2793	0.53	896	0	0	0	7	707	0.00	0.00	0.01	96.80	6.24	90.56	61	61	0.00	0.00	56.16	0.00	0.00	0.00
122	3.19	3826	2793	0.53	712	0	0	0	10	518	0.00	0.00	0.01	96.81	5.52	91.29	61	61	0.00	0.00	56.19	0.00	0.00	0.00
122	3.19	3822	2794	0.53	787	0	0	0	10	599	0.00	0.00	0.01	96.81	5.99	90.82	61	61	0.00	0.00	56.12	0.00	0.00	0.00
122	3.20	3811	2793	0.53	813	0	0	0	9	626	0.00	0.00	0.01	96.80	6.09	90.71	61	61	0.00	0.00	56.17	0.00	0.00	0.00
122	3.20	3816	2793	0.53	825	0	0	1	10	641	0.00	0.00	0.01	96.80	6.16	90.64	61	61	0.00	0.00	56.14	0.00	0.00	0.00
122	3.22	3794	2793	0.53	835	0	0	6	15	671	0.00	0.02	0.10	96.66	6.60	90.18	61	61	0.00	0.00	56.19	0.00	0.00	0.00
122	3.19	3824	2794	0.53	785	0	0	0	5	596	0.00	0.00	0.00	96.82	5.81	91.00	61	61	0.00	0.00	56.10	0.00	0.00	0.00
122	3.19	3821	2793	0.53	775	0	0	2	4	579	0.00	0.01	0.00	96.80	5.80	91.00	61	61	0.00	0.00	56.17	0.00	0.00	0.00
122	3.19	3827	2793	0.53	731	0	0	0	5	554	0.00	0.00	0.02	96.80	5.65	91.16	60	60	0.00	0.00	56.16	0.00	0.00	0.00
122	3.19	3823	2793	0.53	765	0	0	0	6	586	0.00	0.00	0.00	96.80	5.77	91.03	61	61	0.00	0.00	56.12	0.00	0.00	0.00
122	3.19	3823	2794	0.53	752	0	0	1	13	564	0.00	0.00	0.02	96.80	5.72	91.09	60	60	0.00	0.00	56.17	0.00	0.00	0.00
122	3.20	3812	2793	0.53	903	0	0	0	9	705	0.00	0.00	0.01	96.80	6.40	90.40	60	60	0.00	0.00	56.15	0.00	0.00	0.00
122	3.19	3832	2793	0.53	695	0	0	0	8	504	0.00	0.00	0.00	96.81	5.38	91.43	61	61	0.00	0.00	56.15	0.00	0.00	0.00
122	3.19	3822	2793	0.53	793	0	0	0	6	605	0.00	0.00	0.00	96.81	5.73	91.07	60	60	0.00	0.00	56.11	0.00	0.00	0.00
122	3.20	3811	2794	0.53	826	0	0	1	12	662	0.00	0.01	0.10	96.72	6.24	90.56	60	60	0.00	0.00	56.18	0.00	0.00	0.00
122	3.21	3796	2793	0.53	941	0	1	0	7	756	0.00	0.00	0.00	96.77	6.77	90.02	60	60	0.00	0.00	56.11	0.00	0.00	0.00
122	3.20	3810	2793	0.53	869	0	0	3	11	691	0.00	0.00	0.01	96.80	6.36	90.44	60	60	0.00	0.00	56.09	0.00	0.00	0.00
122	3.19	3820	2793	0.53	763	0	0	2	8	577	0.00	0.00	0.02	96.79	5.81	90.99	60	60	0.00	0.00	56.20	0.00	0.00	0.00
122	3.20	3808	2794	0.53	939	0	0	0	10	760	0.00	0.00	0.01	96.81	6.63	90.16	60	60	0.00	0.00	56.21	0.00	0.00	0.00
122	3.20	3807	2793	0.53	966	0	0	0	11	769	0.00	0.00	0.03	96.77	6.69	90.10	60	60	0.00	0.00	56.19	0.00	0.00	0.00
122	3.19	3825	2794	0.53	710	0	0	0	12	520	0.00	0.00	0.03	96.79	5.67	91.14	60	60	0.00	0.00	56.11	0.00	0.00	0.00
122	3.19	3828	2793	0.53	689	0	0	0	8	511	0.00	0.00	0.00	96.81	5.56	91.25	60	60	0.00	0.00	56.12	0.00	0.00	0.00
122	3.19	3821	2794	0.53	791	0	0	2	7	619	0.00	0.00	0.01	96.81	5.87	90.94	60	60	0.00	0.00	56.18	0.00	0.00	0.00
122	3.18	3829	2793	0.53	658	0	0	3	4	474	0.00	0.01	0.00	96.80	5.59	91.22	60	60	0.00	0.00	56.10	0.00	0.00	0.00
122	3.19	3832	2794	0.53	676	0	0	0	5	494	0.00	0.00	0.00	96.82	5.46	91.36	60	60	0.00	0.00	56.18	0.00	0.00	0.00
122	3.21	3808	2793	0.53	792	0	0	0	7	612	0.00	0.00	0.00	96.79	5.99	90.80	60	60	0.00	0.00	56.09	0.00	0.00	0.00
122	3.19	3822	2794	0.53	777	0	0	0	9	590	0.00	0.00	0.01	96.82	5.85	90.96	60	60	0.00	0.00	56.19	0.00	0.00	0.00
122	3.20	3810	2793	0.53	882	0	0	1	9	687	0.00	0.00	0.01	96.80	6.36	90.44	60	60	0.00	0.00	56.16	0.00	0.00	0.00
122	3.19	3825	2793	0.53	720	0	1	2	9	533	0.00	0.00	0.01	96.81	5.60	91.21	60	60	0.00	0.00	56.09	0.00	0.00	0.00
122	3.20	3818	2793	0.53	804	0	0	1	6	621	0.00	0.00	0.00	96.81	6.00	90.80	60	60	0.00	0.00	56.15	0.00	0.00	0.00
122	3.19	3825	2794	0.53	763	0	0	0	7	578	0.00	0.00	0.02	96.80	5.68	91.12	60	60	0.00	0.00	56.11	0.00	0.00	0.00
122	3.19	3824	2793	0.53	725	0	0	0	7	540	0.00	0.00	0.00	96.81	5.76	91.05	60	60	0.00	0.00	56.11	0.00	0.00	0.00
122	3.19	3819	2794	0.53	772	0	0	0	10	589	0.00	0.00	0.01	96.80	5.95	90.85	60	60	0.00	0.00	56.16	0.00	0.00	0.00
122	3.19	3823	2793	0.53	749	0	0	0	10	559	0.00	0.00	0.01	96.80	5.74	91.07	60	60	0.00	0.00	56.05	0.00	0.00	0.00
122	3.20	3815	2794	0.53	800	0	0	2	10	618	0.00	0.00	0.01	96.81	6.10	90.70	60	60	0.00	0.00	56.10	0.00	0.00	0.00
122	3.21	3798	2793	0.53	902	0	2	0	7	716	0.00	0.00	0.00	96.78	6.60	90.19	60	60	0.00	0.00	56.04	0.00	0.00	0.00
122	3.19	3818	2793	0.53	790	0	0	0	10	606	0.00	0.00	0.01	96.81	6.11	90.70	60	60	0.00	0.00	56.13	0.00	0.00	0.00
122	3.19	3819	2794	0.53	791	0	1	0	10	596	0.00	0.00	0.01	96.81	5.96	90.85	59	59	0.00	0.00	56.10	0.00	0.00	0.00
122	3.19	3826	2793	0.53	744	0	0	0	12	558	0.00	0.00	0.02	96.80	5.78	91.03	59	59	0.00	0.00	56.07	0.00	0.00	0.00
122	3.19	3824	2793	0.53	729	0	0	0	7	543	0.00	0.00	0.01	96.81	5.69	91.12	60	60	0.00	0.00	56.13	0.00	0.00	0.00
122	3.20	3818	2793	0.53	853	0	0	2	5	668	0.00	0.00	0.00	96.81	6.12	90.68	59	59	0.00	0.00	56.08	0.00	0.00	0.00
122	3.19	3828	2793	0.53	706	0	0	0	5	521	0.00	0.00	0.00	96.81	5.70	91.11	59	59	0.00	0.00	56.12	0.00	0.00	0.00
122	3.19	3830	2794	0.53	694	0	0	1	6	505	0.00	0.00	0.00	96.83	5.34	91.48	59	59	0.00	0.00	56.09	0.00	0.00	0.00
122	3.19	3819	2793	0.53	771	0	0	1	6	586	0.00	0.00	0.00	96.81	5.98	90.82	59	59	0.00	0.00	56.13	0.00	0.00	0.00
122	3.19	3823	2793	0.53	776	0	0	0	9	593	0.00	0.00	0.01	96.81	5.83	90.98	59	59	0.00	0.00	56.15	0.00	0.00	0.00
122	3.21	3808	2793	0.53	788	0	0	0	11	603	0.00	0.00	0.01	96.79	6.01	90.79	59	59	0.00	0.00	56.09	0.00	0.00	0.00
122	3.19	3821	2793	0.53	784	0	0	3	5	601	0.00	0.00	0.00	96.81	5.96	90.85	59	59	0.00	0.00	56.13	0.00	0.00	0.00
122	3.19	3827	2794	0.53	660	0	0	1	4	471	0.00	0.00	0.00	96.82	5.52	91.29	59	59	0.00	0.00	56.12	0.00	0.00	0.00
122	3.18	3834	2793	0.53	672	0	0	0	5	484	0.00	0.00	0.00	96.82	5.30	91.51	59	59	0.00	0.00	56.07	0.00	0.00	0.00
122	3.19	3825	2793	0.53	770	0	0	0	7	575	0.00	0.00	0.01	96.81	5.74	91.07	59	59	0.00	0.00	56.10	0.00	0.00	0.00
122	3.20	3814	2794	0.53	915	0	0	1	6	720	0.00	0.00	0.01	96.80	6.37	90.43	59	59	0.00	0.00	56.16	0.00	0.00	0.00
122	3.21	3804	2794	0.53	790	0	0	1	17	628	0.00	0.00	0.02	96.79	6.34	90.45	59	59	0.00	0.00	56.07	0.00	0.00	0.00
122	3.19	3827	2793	0.53	711	0	1	2	5	524	0.00	0.00	0.00	96.81	5.60	91.21	59	59	0.00	0.00	56.12	0.00	0.00	0.00
122	3.23	3778	2793	0.53	729	0	0	0	8	624	0.00	0.00	0.05	96.73	7.53	89.24	59	59	0.00	0.00	56.06	0.00	0.00	0.00
