Avg_MHz	Busy%	Bzy_MHz	TSC_MHz	IPC	IRQ	SMI	POLL	C1	C1E	C6	POLL%	C1%	C1E%	C6%	CPU%c1	CPU%c6	CoreTmp	PkgTmp	Pkg%pc2	Pkg%pc6	PkgWatt	RAMWatt	PKG_%	RAM_%
119	3.19	3729	2794	0.87	597	0	122	0	10	525	0.00	0.00	0.02	96.82	5.21	91.60	81	83	0.00	0.00	60.89	0.00	0.00	0.00
119	3.20	3719	2794	0.87	846	0	1	0	7	652	0.00	0.00	0.01	96.81	5.99	90.81	81	83	0.00	0.00	60.93	0.00	0.00	0.00
119	3.21	3708	2793	0.87	842	0	0	0	18	670	0.00	0.00	0.12	96.67	6.62	90.17	80	83	0.00	0.00	60.90	0.00	0.00	0.00
119	3.19	3724	2793	0.87	747	0	0	0	8	565	0.00	0.00	0.01	96.81	5.83	90.98	80	83	0.00	0.00	60.92	0.00	0.00	0.00
119	3.20	3721	2793	0.87	774	0	0	0	5	605	0.00	0.00	0.01	96.80	6.04	90.76	80	83	0.00	0.00	60.87	0.00	0.00	0.00
119	3.20	3717	2794	0.87	794	0	0	0	12	614	0.00	0.00	0.02	96.79	6.23	90.57	79	82	0.00	0.00	60.87	0.00	0.00	0.00
119	3.21	3700	2793	0.87	984	0	0	0	8	794	0.00	0.00	0.01	96.78	6.73	90.06	79	82	0.00	0.00	60.84	0.00	0.00	0.00
118	3.17	3726	2793	0.87	741	0	0	0	7	559	0.00	0.00	0.04	96.79	5.75	91.08	75	81	0.00	0.00	60.80	0.00	0.00	0.00
118	3.20	3687	2793	0.88	715	0	0	0	3	545	0.00	0.00	0.00	96.79	5.23	91.58	74	74	0.00	0.00	60.55	0.00	0.00	0.00
119	3.21	3698	2793	0.88	932	0	0	0	9	740	0.00	0.00	0.02	96.77	6.64	90.15	74	74	0.00	0.00	60.75	0.00	0.00	0.00
119	3.22	3696	2794	0.88	813	0	0	0	12	631	0.00	0.00	0.01	96.78	6.36	90.42	74	74	0.00	0.00	60.72	0.00	0.00	0.00
119	3.20	3711	2793	0.88	807	0	0	0	8	622	0.00	0.00	0.03	96.77	6.14	90.66	74	74	0.00	0.00	60.82	0.00	0.00	0.00
119	3.20	3712	2793	0.88	778	0	0	0	8	601	0.00	0.00	0.02	96.79	5.88	90.92	74	74	0.00	0.00	60.71	0.00	0.00	0.00
119	3.21	3706	2793	0.88	850	0	0	0	13	651	0.00	0.00	0.05	96.76	6.20	90.60	74	74	0.00	0.00	60.72	0.00	0.00	0.00
119	3.20	3722	2793	0.88	699	0	0	0	5	521	0.00	0.00	0.01	96.80	5.48	91.33	74	74	0.00	0.00	60.76	0.00	0.00	0.00
119	3.21	3709	2793	0.88	864	0	0	0	7	664	0.00	0.00	0.02	96.79	6.01	90.79	73	73	0.00	0.00	60.73	0.00	0.00	0.00
119	3.21	3709	2793	0.88	826	0	0	0	13	639	0.00	0.00	0.07	96.74	6.08	90.71	74	74	0.00	0.00	60.76	0.00	0.00	0.00
118	3.21	3701	2793	0.88	851	0	2	0	10	662	0.00	0.00	0.03	96.76	6.40	90.39	73	73	0.00	0.00	60.67	0.00	0.00	0.00
119	3.21	3707	2793	0.88	841	0	0	1	4	664	0.00	0.00	0.00	96.80	6.08	90.72	73	73	0.00	0.00	60.66	0.00	0.00	0.00
119	3.21	3701	2793	0.88	939	0	0	0	11	752	0.00	0.00	0.07	96.74	6.80	89.98	73	73	0.00	0.00	60.78	0.00	0.00	0.00
119	3.21	3705	2793	0.88	765	0	0	0	10	594	0.00	0.00	0.05	96.75	6.05	90.74	73	73	0.00	0.00	60.69	0.00	0.00	0.00
119	3.20	3713	2793	0.88	783	0	0	0	6	592	0.00	0.00	0.04	96.76	6.01	90.79	73	73	0.00	0.00	60.64	0.00	0.00	0.00
119	3.20	3713	2793	0.88	786	0	0	0	6	600	0.00	0.00	0.01	96.80	5.88	90.92	73	73	0.00	0.00	60.73	0.00	0.00	0.00
119	3.20	3721	2794	0.88	696	0	0	1	12	504	0.00	0.00	0.06	96.76	5.59	91.21	72	72	0.00	0.00	60.70	0.00	0.00	0.00
119	3.20	3720	2793	0.88	735	0	0	2	7	518	0.00	0.01	0.05	96.75	5.47	91.33	72	72	0.00	0.00	60.67	0.00	0.00	0.00
119	3.21	3703	2793	0.88	890	0	0	0	14	686	0.00	0.00	0.07	96.73	6.28	90.51	72	72	0.00	0.00	60.76	0.00	0.00	0.00
119	3.21	3706	2794	0.88	865	0	0	0	6	685	0.00	0.00	0.01	96.80	6.17	90.63	72	72	0.00	0.00	60.68	0.00	0.00	0.00
119	3.20	3719	2793	0.88	745	0	0	0	7	554	0.00	0.00	0.05	96.75	5.71	91.10	72	72	0.00	0.00	60.67	0.00	0.00	0.00
120	3.32	3609	2793	0.89	913	0	0	0	11	735	0.00	0.00	0.04	96.64	6.83	89.85	72	72	0.00	0.00	60.76	0.00	0.00	0.00
119	3.21	3701	2794	0.88	763	0	0	0	15	576	0.00	0.00	0.06	96.74	6.12	90.66	71	71	0.00	0.00	60.66	0.00	0.00	0.00
119	3.20	3710	2793	0.88	815	0	0	0	4	640	0.00	0.00	0.00	96.80	6.12	90.68	72	72	0.00	0.00	60.62	0.00	0.00	0.00
119	3.21	3701	2793	0.88	910	0	0	0	10	717	0.00	0.00	0.03	96.77	6.40	90.39	72	72	0.00	0.00	60.70	0.00	0.00	0.00
119	3.20	3712	2793	0.88	790	0	0	0	11	614	0.00	0.00	0.07	96.74	6.09	90.71	71	71	0.00	0.00	60.63	0.00	0.00	0.00
119	3.20	3717	2793	0.88	769	0	0	0	7	577	0.00	0.00	0.04	96.77	5.93	90.87	71	71	0.00	0.00	60.62	0.00	0.00	0.00
119	3.21	3704	2794	0.88	860	0	0	0	15	680	0.00	0.00	0.11	96.70	6.31	90.48	71	71	0.00	0.00	60.69	0.00	0.00	0.00
119	3.20	3713	2793	0.88	790	0	0	1	13	595	0.00	0.00	0.07	96.74	5.95	90.85	71	71	0.00	0.00	60.61	0.00	0.00	0.00
119	3.20	3717	2793	0.88	762	0	0	0	8	585	0.00	0.00	0.04	96.77	5.79	91.02	71	71	0.00	0.00	60.52	0.00	0.00	0.00
119	3.21	3699	2793	0.88	923	0	0	0	8	727	0.00	0.00	0.02	96.78	6.65	90.14	71	71	0.00	0.00	60.63	0.00	0.00	0.00
119	3.20	3714	2794	0.88	772	0	0	0	7	590	0.00	0.00	0.01	96.81	5.87	90.93	71	71	0.00	0.00	60.59	0.00	0.00	0.00
119	3.20	3715	2793	0.88	692	0	0	0	8	503	0.00	0.00	0.04	96.75	5.55	91.25	71	71	0.00	0.00	60.57	0.00	0.00	0.00
119	3.20	3709	2793	0.88	805	0	0	0	6	630	0.00	0.00	0.01	96.80	6.00	90.79	71	71	0.00	0.00	60.62	0.00	0.00	0.00
119	3.22	3695	2794	0.88	970	0	0	0	15	776	0.00	0.00	0.08	96.72	6.86	89.93	71	71	0.00	0.00	60.62	0.00	0.00	0.00
119	3.20	3710	2793	0.88	809	0	0	0	5	636	0.00	0.00	0.01	96.79	6.10	90.70	71	71	0.00	0.00	60.59	0.00	0.00	0.00
119	3.20	3709	2793	0.88	806	0	0	0	5	622	0.00	0.00	0.00	96.80	6.13	90.66	70	70	0.00	0.00	60.57	0.00	0.00	0.00
119	3.20	3716	2794	0.88	756	0	0	0	12	572	0.00	0.00	0.06	96.76	5.93	90.87	70	70	0.00	0.00	60.62	0.00	0.00	0.00
119	3.20	3720	2793	0.88	747	0	0	1	7	551	0.00	0.00	0.04	96.77	5.85	90.96	70	70	0.00	0.00	60.56	0.00	0.00	0.00
119	3.21	3708	2794	0.88	850	0	0	0	4	671	0.00	0.00	0.00	96.80	6.02	90.77	70	70	0.00	0.00	60.60	0.00	0.00	0.00
119	3.20	3714	2793	0.88	783	0	0	0	13	591	0.00	0.00	0.06	96.74	5.96	90.84	70	70	0.00	0.00	60.56	0.00	0.00	0.00
119	3.20	3721	2793	0.88	695	0	0	0	8	516	0.00	0.00	0.05	96.76	5.62	91.18	70	70	0.00	0.00	60.49	0.00	0.00	0.00
119	3.22	3694	2793	0.88	872	0	0	0	5	687	0.00	0.00	0.03	96.77	6.37	90.41	69	69	0.00	0.00	60.50	0.00	0.00	0.00
119	3.20	3722	2793	0.88	716	0	0	1	7	534	0.00	0.00	0.01	96.80	5.60	91.21	69	69	0.00	0.00	60.46	0.00	0.00	0.00
119	3.20	3713	2793	0.88	797	0	0	0	7	611	0.00	0.00	0.03	96.78	6.08	90.72	69	69	0.00	0.00	60.44	0.00	0.00	0.00
119	3.21	3708	2793	0.88	841	0	0	1	7	659	0.00	0.00	0.04	96.76	5.93	90.86	69	69	0.00	0.00	60.49	0.00	0.00	0.00
119	3.22	3700	2793	0.88	936	0	0	0	12	738	0.00	0.00	0.08	96.72	6.46	90.33	69	69	0.00	0.00	60.49	0.00	0.00	0.00
119	3.21	3713	2794	0.88	751	0	0	0	5	568	0.00	0.00	0.01	96.80	5.67	91.12	69	69	0.00	0.00	60.56	0.00	0.00	0.00
119	3.20	3722	2793	0.88	723	0	0	0	5	537	0.00	0.00	0.03	96.78	5.61	91.19	69	69	0.00	0.00	60.48	0.00	0.00	0.00
119	3.20	3710	2793	0.88	818	0	0	2	9	629	0.00	0.01	0.04	96.75	5.98	90.81	69	69	0.00	0.00	60.48	0.00	0.00	0.00
119	3.20	3718	2793	0.88	722	0	0	0	11	530	0.00	0.00	0.07	96.75	5.87	90.93	69	69	0.00	0.00	60.43	0.00	0.00	0.00
119	3.20	3718	2793	0.88	704	0	0	2	3	537	0.00	0.00	0.00	96.80	5.67	91.13	69	69	0.00	0.00	60.44	0.00	0.00	0.00
119	3.23	3689	2793	0.88	933	0	0	0	8	756	0.00	0.00	0.02	96.77	6.57	90.21	69	69	0.00	0.00	60.28	0.00	0.00	0.00
119	3.20	3717	2794	0.88	752	0	0	0	13	565	0.00	0.00	0.09	96.72	5.89	90.91	69	69	0.00	0.00	60.40	0.00	0.00	0.00
120	3.30	3636	2793	0.89	715	0	0	0	7	515	0.00	0.00	0.05	96.65	5.81	90.89	69	69	0.00	0.00	60.32	0.00	0.00	0.00
119	3.21	3711	2793	0.88	820	0	0	0	7	642	0.00	0.00	0.01	96.80	5.92	90.87	68	68	0.00	0.00	60.21	0.00	0.00	0.00
119	3.20	3717	2794	0.88	743	0	0	0	14	560	0.00	0.00	0.07	96.74	5.79	91.01	68	68	0.00	0.00	60.28	0.00	0.00	0.00
119	3.20	3718	2793	0.88	729	0	2	0	15	544	0.00	0.00	0.13	96.68	5.96	90.85	68	68	0.00	0.00	60.15	0.00	0.00	0.00
119	3.21	3700	2793	0.88	902	0	0	1	5	715	0.00	0.00	0.02	96.78	6.45	90.34	68	68	0.00	0.00	60.09	0.00	0.00	0.00
119	3.20	3711	2793	0.88	807	0	0	0	6	631	0.00	0.00	0.01	96.80	6.10	90.69	68	68	0.00	0.00	59.97	0.00	0.00	0.00
119	3.19	3721	2793	0.88	695	0	0	2	9	510	0.00	0.01	0.03	96.77	5.74	91.07	68	68	0.00	0.00	60.09	0.00	0.00	0.00
118	3.20	3706	2793	0.88	827	0	0	0	8	656	0.00	0.00	0.01	96.80	6.27	90.52	68	68	0.00	0.00	60.05	0.00	0.00	0.00
119	3.22	3695	2793	0.88	828	0	1	1	14	655	0.00	0.00	0.07	96.72	6.49	90.29	68	68	0.00	0.00	60.08	0.00	0.00	0.00
119	3.20	3720	2793	0.88	729	0	0	2	7	545	0.00	0.00	0.01	96.80	5.66	91.14	68	68	0.00	0.00	59.90	0.00	0.00	0.00
119	3.20	3719	2793	0.88	779	0	2	0	7	584	0.00	0.00	0.04	96.77	5.77	91.03	68	68	0.00	0.00	59.91	0.00	0.00	0.00
119	3.20	3718	2793	0.88	732	0	0	2	10	551	0.00	0.00	0.06	96.75	5.82	90.99	68	68	0.00	0.00	60.02	0.00	0.00	0.00
118	3.20	3707	2793	0.88	819	0	0	0	11	633	0.00	0.00	0.06	96.75	6.44	90.36	68	68	0.00	0.00	59.92	0.00	0.00	0.00
119	3.21	3708	2794	0.88	819	0	0	0	4	656	0.00	0.00	0.00	96.80	6.15	90.64	67	67	0.00	0.00	60.13	0.00	0.00	0.00
118	3.21	3700	2793	0.88	868	0	0	1	12	687	0.00	0.00	0.06	96.74	6.47	90.32	68	68	0.00	0.00	59.69	0.00	0.00	0.00
119	3.20	3714	2793	0.88	771	0	0	2	9	594	0.00	0.00	0.04	96.76	5.90	90.90	68	68	0.00	0.00	59.74	0.00	0.00	0.00
119	3.20	3717	2793	0.88	759	0	0	0	6	570	0.00	0.00	0.03	96.78	5.82	90.98	68	68	0.00	0.00	59.67	0.00	0.00	0.00
119	3.20	3718	2794	0.88	743	0	0	0	9	562	0.00	0.00	0.01	96.80	5.85	90.95	67	67	0.00	0.00	59.69	0.00	0.00	0.00
119	3.21	3704	2793	0.88	799	0	0	0	9	614	0.00	0.00	0.04	96.74	6.09	90.69	67	67	0.00	0.00	59.66	0.00	0.00	0.00
119	3.21	3709	2793	0.88	874	0	0	0	7	686	0.00	0.00	0.03	96.77	6.05	90.74	67	67	0.00	0.00	59.57	0.00	0.00	0.00
119	3.21	3705	2794	0.88	867	0	0	0	14	666	0.00	0.00	0.09	96.71	6.36	90.43	67	67	0.00	0.00	59.66	0.00	0.00	0.00
119	3.21	3713	2793	0.88	785	0	0	3	8	603	0.00	0.00	0.01	96.79	5.85	90.95	67	67	0.00	0.00	59.49	0.00	0.00	0.00
119	3.21	3697	2793	0.88	874	0	0	2	7	690	0.00	0.01	0.02	96.76	6.47	90.32	67	67	0.00	0.00	59.54	0.00	0.00	0.00
119	3.21	3703	2794	0.88	917	0	0	0	8	731	0.00	0.00	0.01	96.79	6.48	90.30	67	67	0.00	0.00	59.56	0.00	0.00	0.00
119	3.20	3721	2793	0.88	751	0	0	2	5	556	0.00	0.01	0.03	96.77	5.83	90.97	67	67	0.00	0.00	59.65	0.00	0.00	0.00
119	3.20	3713	2793	0.88	819	0	0	0	5	626	0.00	0.00	0.00	96.80	6.04	90.76	67	67	0.00	0.00	59.59	0.00	0.00	0.00
119	3.20	3719	2793	0.88	772	0	0	0	11	576	0.00	0.00	0.06	96.75	5.84	90.96	67	67	0.00	0.00	59.48	0.00	0.00	0.00
119	3.19	3727	2793	0.88	677	0	0	1	7	496	0.00	0.00	0.04	96.77	5.40	91.40	67	67	0.00	0.00	59.44	0.00	0.00	0.00
119	3.22	3699	2794	0.88	832	0	0	0	6	646	0.00	0.00	0.02	96.78	6.15	90.63	67	67	0.00	0.00	59.58	0.00	0.00	0.00
119	3.20	3724	2793	0.88	742	0	0	2	9	545	0.00	0.01	0.01	96.79	5.58	91.23	67	67	0.00	0.00	59.49	0.00	0.00	0.00
119	3.20	3720	2793	0.88	766	0	0	2	5	573	0.00	0.01	0.04	96.76	5.81	90.99	67	67	0.00	0.00	59.46	0.00	0.00	0.00
119	3.21	3711	2793	0.88	847	0	1	1	9	654	0.00	0.00	0.03	96.78	6.06	90.74	67	67	0.00	0.00	59.49	0.00	0.00	0.00
120	3.31	3629	2794	0.89	748	0	0	1	12	552	0.00	0.00	0.05	96.66	6.19	90.50	67	67	0.00	0.00	59.58	0.00	0.00	0.00
119	3.19	3727	2793	0.88	644	0	0	2	3	470	0.00	0.00	0.00	96.80	5.27	91.54	67	67	0.00	0.00	59.44	0.00	0.00	0.00
119	3.20	3711	2793	0.88	814	0	0	0	12	625	0.00	0.00	0.07	96.73	6.14	90.65	66	66	0.00	0.00	59.46	0.00	0.00	0.00
119	3.20	3718	2794	0.88	733	0	0	0	12	555	0.00	0.00	0.07	96.75	5.84	90.97	66	66	0.00	0.00	59.50	0.00	0.00	0.00
119	3.19	3725	2793	0.88	642	0	0	0	4	458	0.00	0.00	0.02	96.80	5.51	91.30	66	66	0.00	0.00	59.50	0.00	0.00	0.00
119	3.21	3705	2793	0.88	880	0	0	1	9	696	0.00	0.00	0.02	96.78	6.19	90.60	66	66	0.00	0.00	59.40	0.00	0.00	0.00
119	3.22	3706	2793	0.88	785	0	0	0	7	601	0.00	0.00	0.05	96.74	6.01	90.78	66	66	0.00	0.00	59.46	0.00	0.00	0.00
119	3.21	3703	2793	0.88	893	0	0	10	5	706	0.00	0.10	0.01	96.68	6.68	90.11	66	66	0.00	0.00	59.45	0.00	0.00	0.00
119	3.21	3709	2794	0.88	856	0	0	0	6	657	0.00	0.00	0.01	96.81	6.16	90.63	66	66	0.00	0.00	59.51	0.00	0.00	0.00
119	3.19	3732	2793	0.88	638	0	0	2	5	448	0.00	0.01	0.04	96.76	5.19	91.62	66	66	0.00	0.00	59.43	0.00	0.00	0.00
119	3.22	3699	2793	0.88	957	0	0	0	6	766	0.00	0.00	0.02	96.78	6.49	90.29	65	65	0.00	0.00	59.44	0.00	0.00	0.00
119	3.20	3714	2793	0.88	817	0	1	0	10	622	0.00	0.00	0.06	96.75	5.85	90.94	66	66	0.00	0.00	59.68	0.00	0.00	0.00
119	3.21	3709	2793	0.88	861	0	0	1	3	673	0.00	0.00	0.00	96.80	6.14	90.65	66	66	0.00	0.00	59.60	0.00	0.00	0.00
119	3.21	3704	2793	0.88	897	0	0	2	9	703	0.00	0.00	0.03	96.77	6.35	90.44	66	66	0.00	0.00	59.67	0.00	0.00	0.00
119	3.21	3709	2794	0.88	839	0	0	0	13	640	0.00	0.00	0.09	96.72	6.08	90.71	65	65	0.00	0.00	59.65	0.00	0.00	0.00
119	3.20	3716	2793	0.88	810	0	0	0	9	618	0.00	0.00	0.04	96.75	5.97	90.83	66	66	0.00	0.00	59.48	0.00	0.00	0.00
119	3.22	3692	2794	0.88	914	0	0	9	4	717	0.00	0.10	0.00	96.69	6.58	90.20	65	65	0.00	0.00	59.49	0.00	0.00	0.00
119	3.21	3707	2793	0.88	895	0	0	0	9	701	0.00	0.00	0.04	96.76	6.40	90.39	65	65	0.00	0.00	59.55	0.00	0.00	0.00
119	3.20	3716	2794	0.88	790	0	0	0	6	603	0.00	0.00	0.03	96.78	5.93	90.87	66	66	0.00	0.00	59.54	0.00	0.00	0.00
119	3.21	3704	2793	0.88	897	0	0	3	4	709	0.00	0.00	0.02	96.78	6.29	90.50	65	65	0.00	0.00	59.53	0.00	0.00	0.00
119	3.21	3703	2794	0.88	838	0	0	1	14	660	0.00	0.00	0.10	96.70	6.26	90.53	65	65	0.00	0.00	59.52	0.00	0.00	0.00
119	3.20	3723	2793	0.88	734	0	0	0	11	544	0.00	0.00	0.06	96.75	5.71	91.09	65	65	0.00	0.00	59.52	0.00	0.00	0.00
119	3.20	3715	2793	0.88	750	0	0	0	9	569	0.00	0.00	0.05	96.75	5.99	90.81	65	65	0.00	0.00	59.51	0.00	0.00	0.00
119	3.28	3623	2793	0.88	675	0	0	3	13	601	0.00	0.03	0.10	96.61	9.41	87.31	65	65	0.00	0.00	59.51	0.00	0.00	0.00
