Avg_MHz	Busy%	Bzy_MHz	TSC_MHz	IPC	IRQ	SMI	POLL	C1	C1E	C6	POLL%	C1%	C1E%	C6%	CPU%c1	CPU%c6	CoreTmp	PkgTmp	Pkg%pc2	Pkg%pc6	PkgWatt	RAMWatt	PKG_%	RAM_%
3158	99.62	3178	2793	1.20	9299	0	0	0	0	0	0.00	0.00	0.00	0.00	0.38	0.00	83	84	0.00	0.00	149.57	0.00	0.00	0.00
2933	94.66	3109	2791	0.28	8208	0	0	0	0	225	0.00	0.00	0.00	5.29	5.34	0.00	77	77	0.00	0.00	140.38	0.00	0.00	0.00
2901	93.78	3100	2794	0.20	8105	0	0	0	1	280	0.00	0.00	0.00	6.22	6.22	0.00	77	78	0.00	0.00	139.38	0.00	0.00	0.00
2767	89.38	3103	2794	0.22	7733	0	0	0	0	308	0.00	0.00	0.00	10.62	10.33	0.29	77	78	0.00	0.00	139.87	0.00	0.00	0.00
2413	77.89	3104	2794	0.26	6946	0	0	0	4	452	0.00	0.00	0.02	22.09	21.63	0.47	78	78	0.00	0.00	139.51	0.00	0.00	0.00
2022	64.22	3153	2797	0.39	5988	0	0	0	16	691	0.00	0.00	0.03	35.78	31.01	4.76	82	82	0.00	0.00	142.56	0.00	0.00	0.00
2742	81.16	3386	2793	1.06	7048	0	0	6	18	615	0.00	0.00	0.03	18.64	7.67	11.17	87	87	0.00	0.00	145.05	0.00	0.00	0.00
3344	99.56	3367	2793	1.15	8144	0	0	0	0	0	0.00	0.00	0.00	0.00	0.44	0.00	86	86	0.00	0.00	152.39	0.00	0.00	0.00
3333	99.39	3361	2794	1.27	8100	0	0	0	0	13	0.00	0.00	0.00	0.14	0.61	0.00	87	87	0.00	0.00	149.64	0.00	0.00	0.00
3400	99.66	3420	2793	1.21	8118	0	0	0	0	0	0.00	0.00	0.00	0.00	0.34	0.00	87	87	0.00	0.00	149.34	0.00	0.00	0.00
3280	99.64	3301	2792	1.23	8193	0	0	0	0	0	0.00	0.00	0.00	0.00	0.36	0.00	84	84	0.00	0.00	149.59	0.00	0.00	0.00
3135	99.37	3166	2790	1.08	8163	0	0	0	0	14	0.00	0.00	0.00	0.27	0.63	0.00	81	81	0.00	0.00	148.99	0.00	0.00	0.00
2708	87.56	3100	2794	0.21	7635	0	0	0	0	375	0.00	0.00	0.00	12.44	12.44	0.00	79	78	0.00	0.00	139.59	0.00	0.00	0.00
2708	87.56	3100	2794	0.21	7646	0	0	0	1	338	0.00	0.00	0.00	12.45	12.44	0.00	79	79	0.00	0.00	139.47	0.00	0.00	0.00
2540	81.95	3107	2794	0.25	7228	0	0	0	14	387	0.00	0.00	0.10	17.95	17.14	0.91	79	79	0.00	0.00	140.04	0.00	0.00	0.00
2246	72.28	3113	2795	0.30	6558	0	0	0	1	587	0.00	0.00	0.00	27.74	26.72	1.00	80	80	0.00	0.00	141.18	0.00	0.00	0.00
2009	60.10	3348	2795	0.96	5545	0	0	5	12	658	0.00	0.04	0.03	39.81	26.88	13.02	87	87	0.00	0.00	143.42	0.00	0.00	0.00
3406	99.72	3424	2793	1.17	8169	0	0	0	0	0	0.00	0.00	0.00	0.00	0.28	0.00	88	88	0.00	0.00	154.56	0.00	0.00	0.00
3394	99.63	3414	2793	1.21	8147	0	0	0	0	0	0.00	0.00	0.00	0.00	0.37	0.00	88	89	0.00	0.00	149.63	0.00	0.00	0.00
3380	99.55	3404	2793	1.13	8140	0	0	0	0	0	0.00	0.00	0.00	0.00	0.45	0.00	87	88	0.00	0.00	149.57	0.00	0.00	0.00
3366	99.59	3387	2794	1.23	8100	0	0	0	0	0	0.00	0.00	0.00	0.00	0.41	0.00	86	86	0.00	0.00	149.61	0.00	0.00	0.00
3166	99.62	3186	2793	1.18	8188	0	0	0	0	0	0.00	0.00	0.00	0.00	0.38	0.00	84	86	0.00	0.00	149.29	0.00	0.00	0.00
2999	96.26	3127	2790	0.54	8134	0	0	0	0	162	0.00	0.00	0.00	3.60	3.74	0.00	80	80	0.00	0.00	143.56	0.00	0.00	0.00
2901	93.79	3100	2794	0.20	7974	0	0	0	0	285	0.00	0.00	0.00	6.22	6.21	0.00	80	80	0.00	0.00	140.24	0.00	0.00	0.00
2901	93.77	3100	2794	0.20	8083	0	0	0	1	288	0.00	0.00	0.00	6.23	6.23	0.00	80	80	0.00	0.00	140.28	0.00	0.00	0.00
2796	90.11	3109	2795	0.23	7697	0	2	8	4	323	0.00	0.10	0.03	9.77	9.17	0.72	81	81	0.00	0.00	141.18	0.00	0.00	0.00
2143	68.63	3128	2795	0.36	6086	0	1	6	2	476	0.00	0.07	0.01	31.30	27.11	4.26	83	83	0.00	0.00	141.89	0.00	0.00	0.00
2438	72.68	3360	2795	1.06	6392	0	0	10	2	538	0.00	0.10	0.00	27.15	22.34	4.98	88	88	0.00	0.00	150.80	0.00	0.00	0.00
3384	99.62	3405	2794	1.18	8155	0	0	0	0	0	0.00	0.00	0.00	0.00	0.38	0.00	88	88	0.00	0.00	149.89	0.00	0.00	0.00
3387	99.61	3408	2793	1.25	8123	0	0	0	0	0	0.00	0.00	0.00	0.00	0.39	0.00	89	88	0.00	0.00	149.77	0.00	0.00	0.00
3325	99.40	3353	2793	1.15	8174	0	0	0	0	0	0.00	0.00	0.00	0.00	0.60	0.00	88	87	0.00	0.00	149.40	0.00	0.00	0.00
3288	99.52	3312	2793	1.19	8235	0	0	0	0	0	0.00	0.00	0.00	0.00	0.48	0.00	86	87	0.00	0.00	149.55	0.00	0.00	0.00
3148	99.61	3168	2793	1.18	8137	0	0	0	0	0	0.00	0.00	0.00	0.00	0.39	0.00	88	88	0.00	0.00	149.53	0.00	0.00	0.00
2895	93.27	3115	2790	0.40	7953	0	1	1	4	242	0.00	0.01	0.03	6.59	6.73	0.00	80	81	0.00	0.00	142.63	0.00	0.00	0.00
2805	90.67	3100	2794	0.20	7904	0	0	1	1	354	0.00	0.01	0.00	9.32	9.33	0.00	80	80	0.00	0.00	140.29	0.00	0.00	0.00
2799	90.50	3100	2794	0.21	7827	0	0	3	1	361	0.00	0.02	0.00	9.48	9.50	0.00	80	81	0.00	0.00	140.34	0.00	0.00	0.00
2485	79.99	3113	2795	0.27	7049	0	0	8	2	495	0.00	0.09	0.01	19.92	18.50	1.51	80	80	0.00	0.00	141.59	0.00	0.00	0.00
1791	57.23	3135	2795	0.42	5321	0	0	10	20	626	0.00	0.12	0.21	42.47	37.65	5.12	84	84	0.00	0.00	141.28	0.00	0.00	0.00
3226	94.69	3415	2794	1.14	8003	0	0	4	8	327	0.00	0.00	0.02	5.04	4.74	0.57	89	89	0.00	0.00	155.50	0.00	0.00	0.00
3378	99.55	3400	2794	1.21	8133	0	0	0	0	0	0.00	0.00	0.00	0.00	0.45	0.00	89	89	0.00	0.00	149.33	0.00	0.00	0.00
3376	99.53	3400	2793	1.22	8153	0	0	0	0	1	0.00	0.00	0.00	0.01	0.47	0.00	90	90	0.00	0.00	149.81	0.00	0.00	0.00
3383	99.58	3405	2794	1.22	8143	0	0	0	0	0	0.00	0.00	0.00	0.00	0.42	0.00	90	90	0.00	0.00	149.51	0.00	0.00	0.00
3205	99.65	3226	2792	1.23	8157	0	0	0	0	0	0.00	0.00	0.00	0.00	0.35	0.00	88	88	0.00	0.00	149.38	0.00	0.00	0.00
3097	98.46	3157	2790	0.87	8150	0	0	0	0	82	0.00	0.00	0.00	1.20	1.54	0.00	82	82	0.00	0.00	147.30	0.00	0.00	0.00
2901	93.80	3100	2794	0.20	8069	0	0	0	0	287	0.00	0.00	0.00	6.21	6.20	0.00	82	82	0.00	0.00	140.62	0.00	0.00	0.00
2901	93.80	3100	2793	0.20	8115	0	0	0	0	292	0.00	0.00	0.00	6.21	6.20	0.00	82	82	0.00	0.00	140.62	0.00	0.00	0.00
2818	90.99	3103	2794	0.21	7834	0	0	0	1	310	0.00	0.00	0.00	9.01	8.39	0.62	82	82	0.00	0.00	140.54	0.00	0.00	0.00
2425	78.00	3115	2795	0.29	6776	0	0	0	18	426	0.00	0.00	0.18	21.82	20.89	1.11	86	87	0.00	0.00	142.20	0.00	0.00	0.00
1997	61.91	3231	2796	0.65	5630	0	0	1	6	637	0.00	0.00	0.05	38.04	31.91	6.18	90	90	0.00	0.00	145.24	0.00	0.00	0.00
3389	99.63	3410	2793	1.21	8175	0	0	0	0	0	0.00	0.00	0.00	0.00	0.37	0.00	88	88	0.00	0.00	154.08	0.00	0.00	0.00
3382	99.57	3404	2794	1.21	8143	0	0	0	0	0	0.00	0.00	0.00	0.00	0.43	0.00	88	88	0.00	0.00	149.58	0.00	0.00	0.00
3370	99.49	3396	2793	1.22	8112	0	0	0	0	0	0.00	0.00	0.00	0.00	0.51	0.00	88	89	0.00	0.00	149.50	0.00	0.00	0.00
3370	99.48	3396	2794	1.19	8160	0	0	0	0	0	0.00	0.00	0.00	0.00	0.52	0.00	89	89	0.00	0.00	149.59	0.00	0.00	0.00
3192	99.64	3213	2792	1.18	8143	0	0	0	0	0	0.00	0.00	0.00	0.00	0.36	0.00	87	87	0.00	0.00	149.50	0.00	0.00	0.00
3087	98.50	3145	2790	0.88	8129	0	0	0	0	55	0.00	0.00	0.00	1.22	1.50	0.00	82	82	0.00	0.00	147.20	0.00	0.00	0.00
2901	93.79	3100	2794	0.20	8071	0	0	0	0	285	0.00	0.00	0.00	6.22	6.21	0.00	83	82	0.00	0.00	140.75	0.00	0.00	0.00
2900	93.78	3100	2794	0.20	8061	0	0	0	0	302	0.00	0.00	0.00	6.23	6.22	0.00	82	82	0.00	0.00	140.59	0.00	0.00	0.00
2885	93.28	3100	2794	0.21	8069	0	0	0	3	308	0.00	0.00	0.01	6.71	6.72	0.00	82	82	0.00	0.00	141.18	0.00	0.00	0.00
2562	82.61	3107	2795	0.26	7254	0	0	16	9	396	0.00	0.18	0.10	17.11	16.45	0.94	83	83	0.00	0.00	141.82	0.00	0.00	0.00
2096	64.46	3257	2796	0.75	5870	0	5	11	13	575	0.00	0.12	0.10	35.29	31.18	4.36	91	92	0.00	0.00	148.13	0.00	0.00	0.00
3380	99.57	3402	2794	1.21	8155	0	0	0	0	0	0.00	0.00	0.00	0.00	0.43	0.00	91	91	0.00	0.00	152.34	0.00	0.00	0.00
3374	99.52	3398	2794	1.20	8148	0	0	0	0	0	0.00	0.00	0.00	0.00	0.48	0.00	92	91	0.00	0.00	149.73	0.00	0.00	0.00
3351	99.43	3379	2793	1.18	8148	0	0	0	0	0	0.00	0.00	0.00	0.00	0.57	0.00	91	92	0.00	0.00	149.48	0.00	0.00	0.00
3299	99.51	3323	2793	1.25	8100	0	0	0	0	0	0.00	0.00	0.00	0.00	0.49	0.00	89	89	0.00	0.00	149.49	0.00	0.00	0.00
3149	99.62	3171	2792	1.19	8155	0	0	0	0	0	0.00	0.00	0.00	0.00	0.38	0.00	88	89	0.00	0.00	149.47	0.00	0.00	0.00
2962	95.02	3127	2791	0.62	7985	0	0	0	0	151	0.00	0.00	0.00	4.82	4.98	0.00	83	83	0.00	0.00	144.50	0.00	0.00	0.00
2805	90.69	3100	2793	0.20	7796	0	0	0	0	369	0.00	0.00	0.00	9.31	9.31	0.00	83	83	0.00	0.00	140.75	0.00	0.00	0.00
2804	90.66	3100	2793	0.20	7848	0	0	0	1	351	0.00	0.00	0.00	9.34	9.34	0.00	83	83	0.00	0.00	140.67	0.00	0.00	0.00
2793	90.24	3101	2795	0.23	7889	0	0	0	1	354	0.00	0.00	0.01	9.74	9.76	0.00	86	86	0.00	0.00	141.75	0.00	0.00	0.00
2163	69.24	3129	2796	0.35	6143	0	1	7	9	437	0.00	0.08	0.10	30.60	27.52	3.24	87	87	0.00	0.00	143.45	0.00	0.00	0.00
2706	79.75	3400	2794	1.15	7016	0	2	2	7	538	0.00	0.01	0.00	20.05	14.06	6.19	92	92	0.00	0.00	152.64	0.00	0.00	0.00
3368	99.52	3391	2794	1.19	8111	0	0	0	0	0	0.00	0.00	0.00	0.00	0.48	0.00	91	91	0.00	0.00	149.25	0.00	0.00	0.00
3372	99.51	3397	2793	1.21	8160	0	0	0	0	0	0.00	0.00	0.00	0.00	0.49	0.00	92	93	0.00	0.00	149.66	0.00	0.00	0.00
3368	99.51	3392	2793	1.16	8170	0	0	0	0	0	0.00	0.00	0.00	0.00	0.49	0.00	90	90	0.00	0.00	149.68	0.00	0.00	0.00
3197	99.61	3219	2792	1.20	8148	0	0	0	0	0	0.00	0.00	0.00	0.00	0.39	0.00	88	88	0.00	0.00	149.49	0.00	0.00	0.00
3101	98.98	3144	2790	1.01	8109	0	0	0	0	48	0.00	0.00	0.00	0.69	1.02	0.00	84	84	0.00	0.00	148.15	0.00	0.00	0.00
2901	93.80	3100	2793	0.20	8106	0	0	0	1	306	0.00	0.00	0.01	6.20	6.20	0.00	84	84	0.00	0.00	141.10	0.00	0.00	0.00
2901	93.80	3100	2793	0.20	8098	0	0	0	0	295	0.00	0.00	0.00	6.20	6.20	0.00	84	84	0.00	0.00	140.87	0.00	0.00	0.00
2784	89.90	3104	2794	0.21	7813	0	0	0	6	349	0.00	0.00	0.01	10.09	8.93	1.17	83	83	0.00	0.00	140.84	0.00	0.00	0.00
2398	77.32	3107	2796	0.29	6755	0	2	17	1	362	0.00	0.20	0.00	22.48	22.38	0.30	87	88	0.00	0.00	142.62	0.00	0.00	0.00
1905	58.71	3250	2796	0.59	5301	0	1	16	4	583	0.00	0.19	0.02	41.09	29.70	11.59	89	91	0.00	0.00	143.69	0.00	0.00	0.00
3374	99.49	3400	2793	1.17	8184	0	0	0	0	8	0.00	0.00	0.00	0.08	0.51	0.00	91	91	0.00	0.00	154.85	0.00	0.00	0.00
3341	99.50	3366	2793	1.18	8113	0	0	0	0	0	0.00	0.00	0.00	0.00	0.50	0.00	91	92	0.00	0.00	149.68	0.00	0.00	0.00
3372	99.53	3395	2794	1.19	8147	0	0	0	0	0	0.00	0.00	0.00	0.00	0.47	0.00	91	93	0.00	0.00	149.57	0.00	0.00	0.00
3365	99.49	3389	2794	1.21	8114	0	0	0	0	0	0.00	0.00	0.00	0.00	0.51	0.00	90	90	0.00	0.00	149.50	0.00	0.00	0.00
3234	99.57	3257	2792	1.24	8176	0	0	0	0	0	0.00	0.00	0.00	0.00	0.43	0.00	89	89	0.00	0.00	149.46	0.00	0.00	0.00
3072	98.14	3142	2790	0.94	8071	0	0	0	0	45	0.00	0.00	0.00	1.52	1.86	0.00	84	84	0.00	0.00	147.67	0.00	0.00	0.00
2805	90.69	3100	2794	0.20	7899	0	0	0	2	327	0.00	0.00	0.00	9.32	9.31	0.00	84	84	0.00	0.00	141.01	0.00	0.00	0.00
2807	90.68	3101	2794	0.20	7872	0	0	0	8	333	0.00	0.00	0.02	9.30	9.32	0.00	84	84	0.00	0.00	141.22	0.00	0.00	0.00
2636	85.06	3107	2793	0.24	7361	0	0	0	8	352	0.00	0.00	0.09	14.85	13.65	1.29	84	84	0.00	0.00	141.00	0.00	0.00	0.00
2444	78.78	3108	2795	0.25	6936	0	0	8	2	463	0.00	0.09	0.01	21.13	18.83	2.39	87	88	0.00	0.00	140.55	0.00	0.00	0.00
2041	63.28	3230	2796	0.75	5724	0	1	10	0	543	0.00	0.10	0.00	36.60	31.95	4.77	90	90	0.00	0.00	146.81	0.00	0.00	0.00
3388	99.64	3409	2793	1.12	8110	0	0	0	0	0	0.00	0.00	0.00	0.00	0.36	0.00	93	93	0.00	0.00	153.69	0.00	0.00	0.00
3376	99.50	3401	2793	1.27	8184	0	0	0	0	0	0.00	0.00	0.00	0.00	0.50	0.00	91	91	0.00	0.00	149.53	0.00	0.00	0.00
3367	99.51	3392	2793	1.21	8116	0	0	0	0	0	0.00	0.00	0.00	0.00	0.49	0.00	93	92	0.00	0.00	149.60	0.00	0.00	0.00
3325	99.59	3346	2794	1.15	8136	0	0	0	0	0	0.00	0.00	0.00	0.00	0.41	0.00	90	90	0.00	0.00	149.49	0.00	0.00	0.00
3155	99.61	3176	2792	1.20	8115	0	0	0	0	0	0.00	0.00	0.00	0.00	0.39	0.00	90	90	0.00	0.00	149.49	0.00	0.00	0.00
3003	96.68	3117	2790	0.60	8148	0	1	0	0	135	0.00	0.00	0.00	3.16	3.32	0.00	85	85	0.00	0.00	145.11	0.00	0.00	0.00
2901	93.79	3100	2794	0.20	8129	0	0	0	1	319	0.00	0.00	0.00	6.22	6.21	0.00	84	85	0.00	0.00	141.60	0.00	0.00	0.00
2901	93.78	3100	2794	0.20	8139	0	0	0	0	304	0.00	0.00	0.00	6.22	6.22	0.00	85	85	0.00	0.00	141.55	0.00	0.00	0.00
2664	85.94	3106	2795	0.24	7507	0	0	0	0	358	0.00	0.00	0.00	14.06	13.44	0.62	84	84	0.00	0.00	141.97	0.00	0.00	0.00
2122	68.14	3120	2795	0.32	6045	0	1	1	5	523	0.00	0.00	0.01	31.86	28.55	3.31	85	85	0.00	0.00	141.87	0.00	0.00	0.00
2560	76.32	3360	2796	1.03	6746	0	3	4	10	548	0.00	0.00	0.02	23.56	19.76	3.92	92	92	0.00	0.00	153.16	0.00	0.00	0.00
3352	99.42	3380	2793	1.18	8143	0	0	0	0	0	0.00	0.00	0.00	0.00	0.58	0.00	92	92	0.00	0.00	149.71	0.00	0.00	0.00
3357	99.42	3385	2793	1.20	8156	0	0	1	0	0	0.00	0.01	0.00	0.00	0.58	0.00	92	93	0.00	0.00	149.55	0.00	0.00	0.00
3349	99.38	3377	2794	1.22	8142	0	0	0	0	0	0.00	0.00	0.00	0.00	0.62	0.00	92	91	0.00	0.00	149.44	0.00	0.00	0.00
3250	99.61	3271	2792	1.25	8152	0	0	0	0	0	0.00	0.00	0.00	0.00	0.39	0.00	90	91	0.00	0.00	149.50	0.00	0.00	0.00
3139	99.61	3161	2791	1.23	1229	0	0	0	0	0	0.00	0.00	0.00	0.00	0.39	0.00	90	90	0.00	0.00	149.50	0.00	0.00	0.00
