Avg_MHz	Busy%	Bzy_MHz	TSC_MHz	IPC	IRQ	SMI	POLL	C1	C1E	C6	POLL%	C1%	C1E%	C6%	CPU%c1	CPU%c6	CoreTmp	PkgTmp	Pkg%pc2	Pkg%pc6	PkgWatt	RAMWatt	PKG_%	RAM_%
1748	50.04	3500	2794	0.40	4891	0	0	0	3	651	0.00	0.00	0.00	49.96	49.96	0.00	74	75	0.00	0.00	143.83	0.00	0.00	0.00
1747	50.04	3500	2793	0.40	4719	0	2	0	1	657	0.00	0.00	0.01	49.95	49.96	0.00	75	76	0.00	0.00	144.06	0.00	0.00	0.00
1748	50.04	3500	2794	0.40	4727	0	1	0	3	653	0.00	0.00	0.00	49.97	49.96	0.00	75	76	0.00	0.00	144.23	0.00	0.00	0.00
1747	50.04	3500	2793	0.40	4691	0	0	0	5	664	0.00	0.00	0.03	49.94	49.96	0.00	76	77	0.00	0.00	144.48	0.00	0.00	0.00
1747	50.04	3500	2793	0.40	4744	0	0	0	7	710	0.00	0.00	0.03	49.93	49.96	0.00	76	76	0.00	0.00	144.50	0.00	0.00	0.00
1747	50.04	3500	2793	0.40	4672	0	0	3	6	644	0.00	0.00	0.03	49.93	49.96	0.00	76	77	0.00	0.00	144.41	0.00	0.00	0.00
1747	50.04	3500	2793	0.40	4736	0	0	0	6	688	0.00	0.00	0.01	49.95	49.96	0.00	77	77	0.00	0.00	144.78	0.00	0.00	0.00
1747	50.04	3500	2794	0.40	4754	0	0	0	6	733	0.00	0.00	0.04	49.93	49.96	0.00	77	78	0.00	0.00	144.75	0.00	0.00	0.00
1747	50.04	3500	2793	0.40	4745	0	0	0	6	694	0.00	0.00	0.04	49.92	49.96	0.00	77	77	0.00	0.00	144.83	0.00	0.00	0.00
1748	50.05	3500	2794	0.40	4660	0	0	0	6	633	0.00	0.00	0.02	49.94	49.95	0.00	77	78	0.00	0.00	145.05	0.00	0.00	0.00
1747	50.05	3500	2793	0.40	4788	0	0	0	3	732	0.00	0.00	0.00	49.95	49.95	0.00	78	78	0.00	0.00	144.98	0.00	0.00	0.00
1747	50.04	3500	2793	0.40	4665	0	2	2	6	660	0.00	0.00	0.03	49.93	49.96	0.00	78	78	0.00	0.00	145.09	0.00	0.00	0.00
1747	50.04	3500	2793	0.40	4802	0	0	0	3	757	0.00	0.00	0.01	49.95	49.96	0.00	78	78	0.00	0.00	145.25	0.00	0.00	0.00
1747	50.04	3500	2793	0.40	4700	0	0	1	8	682	0.00	0.00	0.06	49.90	49.96	0.00	78	79	0.00	0.00	145.25	0.00	0.00	0.00
1747	50.04	3500	2793	0.40	4784	0	0	4	1	735	0.00	0.00	0.00	49.96	49.96	0.00	78	79	0.00	0.00	145.60	0.00	0.00	0.00
1747	50.04	3500	2794	0.40	4658	0	0	0	6	641	0.00	0.00	0.03	49.94	49.96	0.00	79	79	0.00	0.00	145.51	0.00	0.00	0.00
1747	50.04	3500	2793	0.40	4720	0	0	1	0	701	0.00	0.00	0.00	49.96	49.96	0.00	79	79	0.00	0.00	145.67	0.00	0.00	0.00
1755	50.28	3500	2793	0.41	4785	0	3	4	54	784	0.00	0.00	0.06	49.66	49.72	0.00	82	82	0.00	0.00	145.29	0.00	0.00	0.00
1791	51.30	3499	2794	0.43	8981	0	0	146	1995	3107	0.00	0.05	1.14	47.53	48.70	0.00	80	80	0.00	0.00	147.15	0.00	0.00	0.00
1853	53.09	3498	2793	0.45	11446	0	534	969	2451	3796	0.01	0.69	1.65	44.60	46.91	0.00	82	82	0.00	0.00	148.18	0.00	0.00	0.00
1802	51.63	3499	2793	0.43	5994	0	3	108	566	1382	0.00	0.07	0.45	47.86	48.37	0.00	79	80	0.00	0.00	147.37	0.00	0.00	0.00
1751	50.15	3500	2794	0.40	4937	0	5	11	54	857	0.00	0.00	0.05	49.80	49.85	0.00	79	80	0.00	0.00	145.91	0.00	0.00	0.00
1751	50.15	3500	2793	0.40	4858	0	4	19	80	770	0.00	0.08	0.21	49.57	49.85	0.00	80	80	0.00	0.00	146.04	0.00	0.00	0.00
1786	51.18	3499	2793	0.42	6582	0	66	125	354	2136	0.00	0.10	0.29	48.45	48.82	0.00	84	86	0.00	0.00	146.93	0.00	0.00	0.00
1857	53.20	3498	2793	0.45	12416	0	24	690	1781	3764	0.00	0.80	0.99	45.04	46.80	0.00	80	81	0.00	0.00	148.32	0.00	0.00	0.00
1851	53.05	3497	2793	0.49	7821	0	5	164	473	1164	0.00	0.08	0.34	46.53	46.95	0.00	84	84	0.00	0.00	148.51	0.00	0.00	0.00
1859	53.26	3498	2793	0.45	11105	0	499	929	1551	4242	0.01	0.76	1.25	44.76	46.74	0.00	80	80	0.00	0.00	148.60	0.00	0.00	0.00
1830	52.47	3497	2793	0.47	12233	0	74	229	2977	2678	0.00	0.12	1.44	45.98	47.53	0.00	83	83	0.00	0.00	147.76	0.00	0.00	0.00
1848	53.01	3495	2794	0.47	5843	0	4	31	478	967	0.00	0.04	0.51	46.44	46.99	0.00	84	84	0.00	0.00	147.88	0.00	0.00	0.00
1869	53.56	3499	2793	0.47	11515	0	313	963	1876	3818	0.01	0.84	1.14	44.48	46.44	0.00	81	81	0.00	0.00	148.76	0.00	0.00	0.00
2068	60.53	3425	2793	0.60	11685	0	1236	946	1606	3399	0.01	0.65	1.30	37.40	39.47	0.00	85	86	0.00	0.00	149.55	0.00	0.00	0.00
2049	59.08	3475	2794	0.47	11264	0	207	1404	1304	3872	0.00	1.25	0.64	39.01	40.92	0.00	84	84	0.00	0.00	148.71	0.00	0.00	0.00
1860	53.31	3496	2793	0.41	14687	0	802	3030	4039	3926	0.02	2.44	2.77	41.52	46.69	0.00	80	80	0.00	0.00	147.60	0.00	0.00	0.00
1748	50.05	3500	2793	0.40	4891	0	0	0	3	695	0.00	0.00	0.01	49.95	49.95	0.00	80	80	0.00	0.00	146.18	0.00	0.00	0.00
1747	50.04	3500	2794	0.40	4815	0	0	3	5	683	0.00	0.04	0.01	49.92	49.96	0.00	80	81	0.00	0.00	146.30	0.00	0.00	0.00
1748	50.06	3500	2793	0.40	5005	0	64	13	68	726	0.00	0.01	0.01	49.92	49.94	0.00	80	81	0.00	0.00	146.17	0.00	0.00	0.00
1748	50.05	3500	2793	0.40	4923	0	3	0	13	708	0.00	0.00	0.12	49.83	49.95	0.00	80	81	0.00	0.00	146.29	0.00	0.00	0.00
1747	50.05	3500	2793	0.40	4790	0	0	1	6	643	0.00	0.00	0.01	49.95	49.95	0.00	80	81	0.00	0.00	146.28	0.00	0.00	0.00
1748	50.05	3500	2794	0.40	4817	0	0	2	6	673	0.00	0.00	0.01	49.95	49.95	0.00	80	81	0.00	0.00	146.39	0.00	0.00	0.00
1748	50.06	3500	2793	0.40	4740	0	0	0	26	578	0.00	0.00	0.07	49.88	49.94	0.00	80	80	0.00	0.00	146.33	0.00	0.00	0.00
1748	50.05	3500	2793	0.40	5008	0	3	43	6	724	0.00	0.34	0.01	49.60	49.95	0.00	81	81	0.00	0.00	146.47	0.00	0.00	0.00
1747	50.05	3500	2793	0.40	4803	0	0	0	5	607	0.00	0.00	0.01	49.95	49.95	0.00	81	81	0.00	0.00	146.27	0.00	0.00	0.00
1748	50.05	3500	2793	0.40	4843	0	0	0	6	660	0.00	0.00	0.01	49.94	49.95	0.00	81	81	0.00	0.00	146.46	0.00	0.00	0.00
1747	50.05	3500	2793	0.40	4735	0	0	1	7	574	0.00	0.00	0.03	49.92	49.95	0.00	80	81	0.00	0.00	146.60	0.00	0.00	0.00
1748	50.05	3500	2793	0.40	4815	0	0	2	5	715	0.00	0.00	0.02	49.93	49.95	0.00	81	81	0.00	0.00	146.47	0.00	0.00	0.00
1748	50.05	3500	2794	0.40	4825	0	0	0	9	665	0.00	0.00	0.04	49.91	49.95	0.00	81	81	0.00	0.00	146.38	0.00	0.00	0.00
1747	50.05	3499	2793	0.40	4834	0	0	3	2	691	0.00	0.02	0.00	49.92	49.34	0.61	81	82	0.00	0.00	146.00	0.00	0.00	0.00
1748	50.05	3500	2794	0.40	4827	0	0	1	7	653	0.00	0.01	0.03	49.91	49.95	0.00	81	81	0.00	0.00	146.63	0.00	0.00	0.00
1748	50.05	3500	2793	0.40	4948	0	1	5	0	739	0.00	0.05	0.00	49.90	49.95	0.00	81	81	0.00	0.00	146.56	0.00	0.00	0.00
1748	50.06	3500	2794	0.40	4799	0	0	0	7	625	0.00	0.00	0.04	49.90	49.94	0.00	81	81	0.00	0.00	146.47	0.00	0.00	0.00
1748	50.05	3500	2793	0.40	4916	0	0	0	4	716	0.00	0.00	0.00	49.95	49.95	0.00	82	81	0.00	0.00	146.60	0.00	0.00	0.00
1748	50.05	3500	2793	0.40	4814	0	0	24	6	653	0.00	0.30	0.02	49.63	49.95	0.00	81	82	0.00	0.00	146.59	0.00	0.00	0.00
1748	50.05	3500	2793	0.40	4788	0	0	8	1	586	0.00	0.10	0.00	49.85	49.95	0.00	81	81	0.00	0.00	146.67	0.00	0.00	0.00
1749	50.10	3500	2794	0.40	5951	0	0	126	21	1187	0.00	0.13	0.03	49.74	49.90	0.00	82	82	0.00	0.00	146.69	0.00	0.00	0.00
1799	51.52	3500	2793	0.39	5283	0	1	26	151	985	0.00	0.24	0.18	48.05	48.48	0.00	82	82	0.00	0.00	146.65	0.00	0.00	0.00
1748	50.05	3500	2793	0.40	4841	0	0	8	6	656	0.00	0.10	0.01	49.85	49.95	0.00	82	82	0.00	0.00	146.59	0.00	0.00	0.00
1747	50.05	3500	2793	0.40	4765	0	0	7	5	611	0.00	0.07	0.02	49.86	49.95	0.00	82	82	0.00	0.00	146.72	0.00	0.00	0.00
1748	50.05	3500	2794	0.40	4795	0	0	0	8	634	0.00	0.00	0.05	49.91	49.95	0.00	81	82	0.00	0.00	146.44	0.00	0.00	0.00
1748	50.06	3500	2793	0.40	4939	0	12	14	64	697	0.00	0.03	0.02	49.89	49.94	0.00	82	82	0.00	0.00	146.45	0.00	0.00	0.00
1748	50.06	3500	2793	0.40	4882	0	2	0	10	684	0.00	0.00	0.05	49.89	49.94	0.00	82	82	0.00	0.00	146.56	0.00	0.00	0.00
1748	50.06	3500	2794	0.40	4908	0	0	0	2	716	0.00	0.00	0.01	49.94	49.94	0.00	82	82	0.00	0.00	146.75	0.00	0.00	0.00
1748	50.06	3500	2793	0.40	4884	0	0	1	7	761	0.00	0.01	0.04	49.89	49.94	0.00	82	82	0.00	0.00	146.69	0.00	0.00	0.00
1748	50.05	3500	2793	0.40	4789	0	0	0	2	675	0.00	0.00	0.00	49.95	49.95	0.00	82	82	0.00	0.00	146.77	0.00	0.00	0.00
1748	50.05	3500	2794	0.40	4891	0	0	0	6	701	0.00	0.00	0.02	49.93	49.95	0.00	82	82	0.00	0.00	146.70	0.00	0.00	0.00
1748	50.05	3500	2793	0.40	4774	0	0	0	1	674	0.00	0.00	0.00	49.95	49.95	0.00	82	82	0.00	0.00	146.76	0.00	0.00	0.00
1747	50.05	3500	2793	0.40	4846	0	1	0	6	707	0.00	0.00	0.02	49.93	49.95	0.00	82	83	0.00	0.00	146.73	0.00	0.00	0.00
1748	50.05	3500	2794	0.40	4758	0	1	0	2	653	0.00	0.00	0.00	49.95	49.95	0.00	82	82	0.00	0.00	146.85	0.00	0.00	0.00
1748	50.05	3500	2793	0.40	4898	0	0	0	6	695	0.00	0.00	0.02	49.93	49.95	0.00	82	82	0.00	0.00	146.80	0.00	0.00	0.00
1748	50.05	3500	2793	0.40	4732	0	0	2	5	604	0.00	0.00	0.02	49.93	49.95	0.00	82	82	0.00	0.00	146.96	0.00	0.00	0.00
1748	50.06	3500	2793	0.40	4903	0	0	0	8	712	0.00	0.00	0.03	49.90	49.94	0.00	82	82	0.00	0.00	146.71	0.00	0.00	0.00
1748	50.05	3500	2794	0.40	4852	0	0	0	4	704	0.00	0.00	0.01	49.95	49.95	0.00	82	82	0.00	0.00	146.91	0.00	0.00	0.00
1748	50.06	3500	2793	0.40	4865	0	0	0	7	722	0.00	0.00	0.04	49.91	49.94	0.00	82	82	0.00	0.00	146.78	0.00	0.00	0.00
1748	50.05	3500	2794	0.40	4851	0	0	0	15	642	0.00	0.00	0.13	49.82	49.95	0.00	82	82	0.00	0.00	146.92	0.00	0.00	0.00
1748	50.05	3500	2793	0.40	4839	0	0	0	4	691	0.00	0.00	0.03	49.92	49.95	0.00	82	82	0.00	0.00	146.90	0.00	0.00	0.00
1747	50.05	3500	2793	0.40	4783	0	0	0	12	686	0.00	0.00	0.01	49.93	49.95	0.00	82	83	0.00	0.00	146.84	0.00	0.00	0.00
1748	50.06	3500	2794	0.40	4888	0	0	0	1	766	0.00	0.00	0.00	49.95	49.94	0.00	82	82	0.00	0.00	146.97	0.00	0.00	0.00
1748	50.05	3500	2793	0.40	4716	0	0	0	6	617	0.00	0.00	0.03	49.92	49.95	0.00	82	82	0.00	0.00	146.90	0.00	0.00	0.00
1748	50.05	3500	2793	0.40	4817	0	1	1	3	644	0.00	0.00	0.01	49.94	49.95	0.00	82	83	0.00	0.00	146.78	0.00	0.00	0.00
1748	50.05	3500	2793	0.40	4813	0	0	0	4	672	0.00	0.00	0.00	49.95	49.95	0.00	82	83	0.00	0.00	146.99	0.00	0.00	0.00
1748	50.06	3500	2793	0.40	4905	0	0	0	1	747	0.00	0.00	0.00	49.94	49.94	0.00	82	82	0.00	0.00	146.91	0.00	0.00	0.00
1748	50.05	3500	2793	0.40	4831	0	0	2	7	690	0.00	0.01	0.01	49.93	49.95	0.00	82	82	0.00	0.00	146.94	0.00	0.00	0.00
1748	50.05	3500	2793	0.40	4712	0	0	0	2	571	0.00	0.00	0.00	49.95	49.95	0.00	82	83	0.00	0.00	146.92	0.00	0.00	0.00
1747	50.05	3500	2793	0.40	4845	0	3	2	4	608	0.00	0.01	0.01	49.93	49.95	0.00	82	83	0.00	0.00	146.91	0.00	0.00	0.00
1748	50.05	3500	2793	0.40	4816	0	0	0	4	606	0.00	0.00	0.03	49.92	49.95	0.00	82	83	0.00	0.00	146.89	0.00	0.00	0.00
1748	50.05	3500	2794	0.40	4732	0	0	0	4	644	0.00	0.00	0.00	49.95	49.95	0.00	82	82	0.00	0.00	147.02	0.00	0.00	0.00
1748	50.05	3500	2793	0.40	4707	0	0	0	1	557	0.00	0.00	0.00	49.95	49.95	0.00	82	82	0.00	0.00	146.88	0.00	0.00	0.00
1748	50.05	3500	2793	0.40	4815	0	0	0	6	688	0.00	0.00	0.01	49.95	49.95	0.00	82	82	0.00	0.00	147.04	0.00	0.00	0.00
1748	50.06	3500	2793	0.40	4840	0	2	0	11	681	0.00	0.00	0.10	49.84	49.94	0.00	83	82	0.00	0.00	146.60	0.00	0.00	0.00
1748	50.05	3500	2794	0.40	4880	0	0	0	6	708	0.00	0.00	0.02	49.93	49.95	0.00	82	82	0.00	0.00	146.67	0.00	0.00	0.00
1748	50.07	3500	2793	0.40	4825	0	0	8	5	674	0.00	0.01	0.02	49.90	49.93	0.00	82	82	0.00	0.00	146.82	0.00	0.00	0.00
1748	50.05	3500	2793	0.40	4955	0	0	1	4	721	0.00	0.00	0.01	49.94	49.95	0.00	82	82	0.00	0.00	146.73	0.00	0.00	0.00
1748	50.05	3500	2793	0.40	4772	0	0	0	7	623	0.00	0.00	0.03	49.92	49.95	0.00	82	82	0.00	0.00	146.90	0.00	0.00	0.00
1898	54.67	3499	2779	0.39	8974	0	241	1061	1056	3072	0.00	0.82	0.56	43.75	45.33	0.00	84	84	0.00	0.00	146.64	0.00	0.00	0.00
1972	56.27	3500	2804	0.35	6008	0	0	16	72	1546	0.00	0.04	0.09	43.77	43.73	0.00	82	83	0.00	0.00	147.83	0.00	0.00	0.00
1970	56.41	3500	2794	0.35	5821	0	1	15	85	1592	0.00	0.11	0.15	43.33	43.59	0.00	82	82	0.00	0.00	147.36	0.00	0.00	0.00
1966	56.24	3500	2797	0.35	6357	0	3	1	172	1969	0.00	0.00	0.21	43.63	43.76	0.00	82	83	0.00	0.00	147.40	0.00	0.00	0.00
1749	50.08	3500	2794	0.40	4848	0	1	0	74	792	0.00	0.00	0.12	49.81	49.92	0.00	82	83	0.00	0.00	146.91	0.00	0.00	0.00
1748	50.06	3500	2793	0.40	4990	0	26	38	20	683	0.00	0.23	0.01	49.71	49.94	0.00	82	83	0.00	0.00	146.89	0.00	0.00	0.00
1748	50.06	3500	2793	0.40	4837	0	0	10	20	710	0.00	0.01	0.03	49.89	49.94	0.00	82	82	0.00	0.00	146.95	0.00	0.00	0.00
1748	50.07	3500	2793	0.40	4748	0	0	11	6	663	0.00	0.00	0.01	49.93	49.93	0.00	82	82	0.00	0.00	146.94	0.00	0.00	0.00
1748	50.06	3500	2793	0.40	4920	0	0	2	9	758	0.00	0.01	0.04	49.89	49.94	0.00	82	83	0.00	0.00	146.97	0.00	0.00	0.00
1748	50.05	3500	2793	0.40	4723	0	0	0	3	644	0.00	0.00	0.00	49.95	49.95	0.00	82	83	0.00	0.00	146.91	0.00	0.00	0.00
1748	50.06	3500	2793	0.40	4852	0	0	2	7	713	0.00	0.01	0.03	49.90	49.94	0.00	82	83	0.00	0.00	147.10	0.00	0.00	0.00
1748	50.07	3500	2793	0.40	3198	0	0	2	6	519	0.00	0.02	0.03	49.88	49.93	0.00	82	82	0.00	0.00	146.80	0.00	0.00	0.00
