Avg_MHz	Busy%	Bzy_MHz	TSC_MHz	IPC	IRQ	SMI	POLL	C1	C1E	C6	POLL%	C1%	C1E%	C6%	CPU%c1	CPU%c6	CoreTmp	PkgTmp	Pkg%pc2	Pkg%pc6	PkgWatt	RAMWatt	PKG_%	RAM_%
115	3.18	3637	2794	0.40	753	0	0	0	9	428	0.00	0.00	0.01	96.83	5.27	91.55	70	73	0.00	0.00	57.52	0.00	0.00	0.00
115	3.20	3603	2793	0.40	896	0	0	1	8	713	0.00	0.00	0.01	96.80	6.37	90.44	70	73	0.00	0.00	57.57	0.00	0.00	0.00
115	3.20	3609	2793	0.40	881	0	0	1	8	686	0.00	0.00	0.01	96.80	6.25	90.55	70	72	0.00	0.00	57.48	0.00	0.00	0.00
115	3.19	3610	2793	0.40	842	0	0	0	6	650	0.00	0.00	0.01	96.80	6.03	90.77	70	72	0.00	0.00	57.54	0.00	0.00	0.00
115	3.21	3608	2793	0.40	917	0	0	0	8	723	0.00	0.00	0.02	96.78	6.34	90.46	70	72	0.00	0.00	57.53	0.00	0.00	0.00
115	3.19	3612	2794	0.40	837	0	0	2	13	639	0.00	0.00	0.07	96.75	6.21	90.60	69	71	0.00	0.00	57.50	0.00	0.00	0.00
115	3.20	3609	2793	0.40	891	0	1	0	5	691	0.00	0.00	0.01	96.80	6.40	90.40	69	72	0.00	0.00	57.53	0.00	0.00	0.00
115	3.19	3617	2793	0.40	770	0	0	0	5	587	0.00	0.00	0.01	96.82	5.95	90.86	70	71	0.00	0.00	57.49	0.00	0.00	0.00
115	3.19	3617	2793	0.40	793	0	0	0	6	605	0.00	0.00	0.02	96.80	5.97	90.83	69	72	0.00	0.00	57.55	0.00	0.00	0.00
115	3.19	3610	2793	0.40	866	0	0	2	11	669	0.00	0.01	0.04	96.77	6.21	90.60	69	71	0.00	0.00	57.44	0.00	0.00	0.00
115	3.20	3606	2793	0.40	913	0	0	1	10	712	0.00	0.00	0.04	96.77	6.50	90.30	68	71	0.00	0.00	57.50	0.00	0.00	0.00
115	3.19	3615	2794	0.40	786	0	0	2	3	599	0.00	0.00	0.00	96.82	5.93	90.88	69	72	0.00	0.00	57.50	0.00	0.00	0.00
115	3.19	3622	2793	0.40	756	0	0	0	9	560	0.00	0.00	0.02	96.79	5.61	91.20	68	72	0.00	0.00	57.50	0.00	0.00	0.00
115	3.19	3609	2794	0.40	841	0	0	0	12	651	0.00	0.00	0.04	96.78	6.26	90.54	68	71	0.00	0.00	57.39	0.00	0.00	0.00
115	3.20	3614	2793	0.40	804	0	0	0	8	609	0.00	0.00	0.02	96.78	6.15	90.65	68	71	0.00	0.00	57.47	0.00	0.00	0.00
115	3.19	3612	2794	0.40	831	0	0	0	7	648	0.00	0.00	0.02	96.80	6.18	90.63	69	71	0.00	0.00	57.48	0.00	0.00	0.00
115	3.20	3607	2794	0.40	841	0	0	0	13	652	0.00	0.00	0.05	96.77	6.28	90.52	69	71	0.00	0.00	57.43	0.00	0.00	0.00
115	3.20	3603	2793	0.40	866	0	0	3	11	684	0.00	0.01	0.05	96.75	6.44	90.37	68	71	0.00	0.00	57.47	0.00	0.00	0.00
115	3.20	3600	2793	0.40	919	0	0	0	7	730	0.00	0.00	0.02	96.79	6.61	90.19	68	71	0.00	0.00	57.38	0.00	0.00	0.00
115	3.19	3611	2793	0.40	837	0	0	0	5	660	0.00	0.00	0.02	96.80	6.10	90.71	68	71	0.00	0.00	57.45	0.00	0.00	0.00
115	3.20	3609	2793	0.40	833	0	0	0	11	648	0.00	0.00	0.06	96.76	6.01	90.80	68	71	0.00	0.00	57.42	0.00	0.00	0.00
115	3.21	3596	2794	0.40	978	0	0	1	14	800	0.00	0.01	0.06	96.74	6.66	90.13	68	70	0.00	0.00	57.39	0.00	0.00	0.00
115	3.21	3587	2793	0.40	1004	0	0	1	7	821	0.00	0.00	0.03	96.77	6.90	89.89	68	71	0.00	0.00	57.35	0.00	0.00	0.00
115	3.20	3602	2794	0.40	847	0	0	0	9	672	0.00	0.00	0.03	96.79	6.26	90.54	68	71	0.00	0.00	57.42	0.00	0.00	0.00
115	3.20	3618	2793	0.40	764	0	0	0	10	575	0.00	0.00	0.03	96.77	5.85	90.95	68	70	0.00	0.00	57.36	0.00	0.00	0.00
115	3.20	3591	2794	0.40	997	0	0	0	12	813	0.00	0.00	0.04	96.77	7.08	89.72	67	70	0.00	0.00	57.32	0.00	0.00	0.00
115	3.20	3600	2793	0.40	940	0	0	0	5	754	0.00	0.00	0.01	96.80	6.46	90.34	68	70	0.00	0.00	57.39	0.00	0.00	0.00
115	3.19	3605	2793	0.40	856	0	0	1	8	669	0.00	0.00	0.04	96.77	6.40	90.41	67	70	0.00	0.00	57.26	0.00	0.00	0.00
115	3.20	3599	2793	0.40	950	0	0	0	12	755	0.00	0.00	0.04	96.77	6.49	90.31	68	70	0.00	0.00	57.32	0.00	0.00	0.00
115	3.20	3596	2794	0.40	922	0	0	2	11	731	0.00	0.00	0.04	96.78	6.82	89.98	67	70	0.00	0.00	57.21	0.00	0.00	0.00
115	3.19	3625	2793	0.40	714	0	0	0	4	521	0.00	0.00	0.00	96.82	5.47	91.35	67	69	0.00	0.00	57.09	0.00	0.00	0.00
115	3.20	3603	2793	0.40	893	0	0	0	7	709	0.00	0.00	0.03	96.77	6.38	90.43	68	70	0.00	0.00	57.18	0.00	0.00	0.00
115	3.19	3616	2794	0.40	775	0	0	0	11	577	0.00	0.00	0.05	96.78	5.84	90.97	67	70	0.00	0.00	57.18	0.00	0.00	0.00
115	3.20	3596	2794	0.40	987	0	0	0	11	799	0.00	0.00	0.03	96.79	6.78	90.02	67	70	0.00	0.00	57.33	0.00	0.00	0.00
115	3.21	3603	2793	0.40	875	0	0	1	6	701	0.00	0.00	0.01	96.80	6.50	90.30	67	69	0.00	0.00	57.00	0.00	0.00	0.00
115	3.19	3610	2793	0.40	831	0	0	2	7	645	0.00	0.00	0.02	96.79	6.06	90.75	67	70	0.00	0.00	57.22	0.00	0.00	0.00
115	3.20	3599	2794	0.40	938	0	0	1	12	751	0.00	0.01	0.05	96.76	6.61	90.19	67	69	0.00	0.00	57.30	0.00	0.00	0.00
115	3.21	3591	2793	0.40	1061	0	0	1	6	863	0.00	0.00	0.01	96.80	6.81	89.98	67	70	0.00	0.00	57.17	0.00	0.00	0.00
115	3.22	3585	2793	0.40	860	0	1	16	7	635	0.00	0.19	0.01	96.59	6.42	90.36	67	69	0.00	0.00	57.16	0.00	0.00	0.00
115	3.19	3613	2793	0.40	802	0	1	0	10	617	0.00	0.00	0.02	96.79	5.96	90.84	67	70	0.00	0.00	57.34	0.00	0.00	0.00
115	3.20	3604	2793	0.40	861	0	1	2	9	673	0.00	0.01	0.02	96.78	6.21	90.60	66	69	0.00	0.00	57.36	0.00	0.00	0.00
115	3.20	3600	2793	0.40	966	0	0	2	6	767	0.00	0.00	0.02	96.79	6.62	90.18	67	69	0.00	0.00	57.34	0.00	0.00	0.00
115	3.19	3614	2794	0.40	790	0	0	0	6	599	0.00	0.00	0.02	96.81	5.89	90.92	67	69	0.00	0.00	57.40	0.00	0.00	0.00
115	3.19	3610	2793	0.40	834	0	0	0	9	639	0.00	0.00	0.02	96.79	6.08	90.72	67	69	0.00	0.00	57.37	0.00	0.00	0.00
115	3.21	3601	2794	0.40	935	0	0	0	9	741	0.00	0.00	0.04	96.77	6.36	90.43	66	69	0.00	0.00	57.18	0.00	0.00	0.00
115	3.19	3619	2793	0.40	765	0	0	0	8	569	0.00	0.00	0.04	96.77	5.87	90.94	66	69	0.00	0.00	57.39	0.00	0.00	0.00
115	3.19	3624	2793	0.40	681	0	0	1	3	506	0.00	0.00	0.00	96.82	5.63	91.18	67	68	0.00	0.00	57.33	0.00	0.00	0.00
115	3.18	3623	2793	0.40	698	0	0	2	11	505	0.00	0.00	0.02	96.79	5.61	91.20	66	69	0.00	0.00	57.29	0.00	0.00	0.00
115	3.20	3595	2794	0.40	949	0	0	0	10	761	0.00	0.00	0.01	96.81	6.67	90.13	66	68	0.00	0.00	57.30	0.00	0.00	0.00
115	3.19	3616	2793	0.40	781	0	0	0	8	587	0.00	0.00	0.05	96.77	6.14	90.67	66	68	0.00	0.00	57.15	0.00	0.00	0.00
115	3.19	3612	2793	0.40	786	0	0	0	7	606	0.00	0.00	0.02	96.80	6.08	90.73	66	68	0.00	0.00	57.22	0.00	0.00	0.00
115	3.20	3589	2793	0.40	995	0	0	0	11	805	0.00	0.00	0.05	96.76	6.93	89.87	66	68	0.00	0.00	57.18	0.00	0.00	0.00
115	3.21	3587	2793	0.40	1048	0	0	1	5	865	0.00	0.00	0.02	96.79	6.98	89.81	66	68	0.00	0.00	57.27	0.00	0.00	0.00
115	3.20	3604	2793	0.40	842	0	0	0	10	658	0.00	0.00	0.03	96.77	6.49	90.31	65	69	0.00	0.00	57.30	0.00	0.00	0.00
115	3.19	3614	2793	0.40	776	0	0	0	9	591	0.00	0.00	0.01	96.80	5.94	90.87	66	68	0.00	0.00	57.31	0.00	0.00	0.00
115	3.20	3603	2793	0.40	879	0	0	0	11	690	0.00	0.00	0.04	96.78	6.33	90.47	65	68	0.00	0.00	57.17	0.00	0.00	0.00
115	3.19	3620	2793	0.40	740	0	0	0	7	547	0.00	0.00	0.03	96.79	5.77	91.05	65	68	0.00	0.00	57.30	0.00	0.00	0.00
115	3.20	3600	2793	0.40	895	0	0	0	9	708	0.00	0.00	0.03	96.78	6.46	90.34	65	68	0.00	0.00	57.23	0.00	0.00	0.00
115	3.20	3591	2793	0.40	985	0	0	0	8	798	0.00	0.00	0.02	96.79	6.66	90.13	66	68	0.00	0.00	57.19	0.00	0.00	0.00
115	3.20	3602	2794	0.40	911	0	0	3	10	716	0.00	0.00	0.03	96.79	6.40	90.41	66	68	0.00	0.00	57.15	0.00	0.00	0.00
115	3.19	3619	2793	0.40	758	0	0	0	6	566	0.00	0.00	0.02	96.80	5.77	91.04	66	68	0.00	0.00	57.13	0.00	0.00	0.00
115	3.20	3598	2794	0.40	934	0	0	0	13	740	0.00	0.00	0.06	96.75	6.68	90.12	65	68	0.00	0.00	57.06	0.00	0.00	0.00
115	3.20	3599	2793	0.40	931	0	0	1	6	738	0.00	0.00	0.01	96.80	6.48	90.32	65	67	0.00	0.00	57.00	0.00	0.00	0.00
115	3.20	3612	2794	0.40	817	0	0	0	6	634	0.00	0.00	0.04	96.78	6.11	90.69	66	68	0.00	0.00	56.96	0.00	0.00	0.00
115	3.19	3615	2793	0.40	800	0	1	0	7	610	0.00	0.00	0.02	96.79	5.89	90.91	65	68	0.00	0.00	57.11	0.00	0.00	0.00
115	3.20	3606	2793	0.40	898	0	0	3	11	700	0.00	0.00	0.05	96.76	6.38	90.42	65	68	0.00	0.00	56.75	0.00	0.00	0.00
115	3.21	3584	2793	0.40	1078	0	0	0	6	886	0.00	0.00	0.01	96.80	7.05	89.74	65	68	0.00	0.00	56.88	0.00	0.00	0.00
115	3.20	3605	2794	0.40	865	0	0	0	8	686	0.00	0.00	0.05	96.77	6.22	90.59	65	67	0.00	0.00	56.88	0.00	0.00	0.00
115	3.19	3606	2793	0.40	845	0	0	0	11	656	0.00	0.00	0.06	96.75	6.34	90.47	65	68	0.00	0.00	57.00	0.00	0.00	0.00
115	3.20	3593	2793	0.40	986	0	0	2	11	794	0.00	0.01	0.04	96.76	6.86	89.93	65	68	0.00	0.00	56.94	0.00	0.00	0.00
115	3.21	3598	2793	0.40	988	0	0	1	3	798	0.00	0.00	0.00	96.81	6.50	90.29	65	67	0.00	0.00	56.88	0.00	0.00	0.00
115	3.20	3604	2793	0.40	859	0	0	1	6	677	0.00	0.00	0.02	96.79	6.26	90.54	65	67	0.00	0.00	56.98	0.00	0.00	0.00
115	3.19	3616	2793	0.40	784	0	0	0	7	600	0.00	0.00	0.02	96.80	5.79	91.02	65	68	0.00	0.00	57.07	0.00	0.00	0.00
115	3.22	3584	2794	0.40	1081	0	0	2	8	892	0.00	0.01	0.02	96.77	7.24	89.54	64	67	0.00	0.00	56.97	0.00	0.00	0.00
115	3.20	3601	2793	0.40	894	0	0	0	6	717	0.00	0.00	0.01	96.79	6.57	90.23	65	67	0.00	0.00	56.90	0.00	0.00	0.00
115	3.19	3610	2793	0.40	826	0	0	0	6	643	0.00	0.00	0.02	96.80	6.16	90.65	64	67	0.00	0.00	56.81	0.00	0.00	0.00
115	3.21	3588	2793	0.40	1033	0	0	0	10	848	0.00	0.00	0.02	96.78	6.86	89.93	64	67	0.00	0.00	56.99	0.00	0.00	0.00
115	3.20	3601	2794	0.40	945	0	0	3	7	748	0.00	0.00	0.02	96.79	6.39	90.41	64	67	0.00	0.00	56.66	0.00	0.00	0.00
115	3.20	3608	2793	0.40	891	0	0	0	2	700	0.00	0.00	0.00	96.81	6.15	90.65	65	67	0.00	0.00	56.56	0.00	0.00	0.00
115	3.20	3603	2793	0.40	880	0	0	0	9	689	0.00	0.00	0.04	96.77	6.31	90.50	64	67	0.00	0.00	56.59	0.00	0.00	0.00
115	3.20	3597	2793	0.40	982	0	0	0	11	784	0.00	0.00	0.06	96.75	6.55	90.25	64	67	0.00	0.00	56.72	0.00	0.00	0.00
115	3.19	3612	2794	0.40	814	0	0	1	10	619	0.00	0.01	0.05	96.76	6.03	90.78	64	66	0.00	0.00	56.59	0.00	0.00	0.00
115	3.20	3606	2793	0.40	901	0	0	0	6	720	0.00	0.00	0.02	96.78	6.27	90.53	64	67	0.00	0.00	56.96	0.00	0.00	0.00
115	3.21	3593	2794	0.40	1010	0	0	4	10	826	0.00	0.01	0.03	96.76	6.86	89.93	64	67	0.00	0.00	57.10	0.00	0.00	0.00
115	3.19	3610	2793	0.40	832	0	0	1	10	639	0.00	0.00	0.07	96.75	6.19	90.62	64	67	0.00	0.00	56.76	0.00	0.00	0.00
115	3.21	3586	2793	0.40	1102	0	0	0	3	907	0.00	0.00	0.00	96.80	7.23	89.56	64	67	0.00	0.00	56.92	0.00	0.00	0.00
115	3.20	3601	2793	0.40	902	0	0	0	5	719	0.00	0.00	0.01	96.80	6.36	90.44	64	67	0.00	0.00	56.68	0.00	0.00	0.00
115	3.19	3611	2794	0.40	832	0	0	0	12	637	0.00	0.00	0.07	96.75	5.99	90.82	64	67	0.00	0.00	56.91	0.00	0.00	0.00
115	3.21	3593	2793	0.40	1028	0	0	1	8	838	0.00	0.00	0.03	96.77	6.77	90.03	64	67	0.00	0.00	56.70	0.00	0.00	0.00
115	3.20	3601	2794	0.40	895	0	1	0	9	713	0.00	0.00	0.04	96.79	6.53	90.27	64	67	0.00	0.00	56.89	0.00	0.00	0.00
115	3.19	3612	2793	0.40	809	0	0	0	4	630	0.00	0.00	0.00	96.80	6.02	90.79	64	67	0.00	0.00	56.82	0.00	0.00	0.00
115	3.20	3601	2794	0.40	904	0	0	0	11	714	0.00	0.00	0.06	96.76	6.32	90.48	63	67	0.00	0.00	56.69	0.00	0.00	0.00
115	3.20	3604	2793	0.40	885	0	0	0	13	698	0.00	0.00	0.09	96.72	6.50	90.31	64	67	0.00	0.00	56.63	0.00	0.00	0.00
115	3.21	3591	2794	0.40	990	0	0	0	6	814	0.00	0.00	0.04	96.77	6.97	89.82	64	66	0.00	0.00	56.84	0.00	0.00	0.00
115	3.20	3597	2793	0.40	899	0	0	0	8	727	0.00	0.00	0.02	96.78	6.51	90.29	64	67	0.00	0.00	56.66	0.00	0.00	0.00
115	3.19	3611	2794	0.40	803	0	0	0	12	613	0.00	0.00	0.06	96.77	5.99	90.82	63	67	0.00	0.00	56.79	0.00	0.00	0.00
115	3.20	3600	2794	0.40	939	0	0	0	6	756	0.00	0.00	0.02	96.80	6.55	90.25	64	66	0.00	0.00	56.78	0.00	0.00	0.00
115	3.20	3602	2793	0.40	922	0	0	1	5	742	0.00	0.00	0.02	96.79	6.56	90.24	64	66	0.00	0.00	56.81	0.00	0.00	0.00
115	3.20	3610	2793	0.40	866	0	0	0	8	670	0.00	0.00	0.01	96.80	6.13	90.68	64	66	0.00	0.00	56.92	0.00	0.00	0.00
115	3.21	3580	2793	0.40	1066	0	0	0	21	898	0.00	0.00	0.14	96.66	7.32	89.46	63	66	0.00	0.00	57.09	0.00	0.00	0.00
115	3.20	3601	2793	0.40	909	0	0	0	9	717	0.00	0.00	0.04	96.77	6.41	90.39	63	67	0.00	0.00	56.86	0.00	0.00	0.00
115	3.20	3596	2794	0.40	987	0	0	1	8	803	0.00	0.00	0.05	96.77	6.72	90.08	64	67	0.00	0.00	56.67	0.00	0.00	0.00
115	3.19	3614	2793	0.40	786	0	0	0	4	610	0.00	0.00	0.00	96.80	6.09	90.72	64	66	0.00	0.00	56.50	0.00	0.00	0.00
115	3.19	3622	2793	0.40	716	0	0	1	9	536	0.00	0.01	0.01	96.78	5.72	91.09	63	66	0.00	0.00	56.69	0.00	0.00	0.00
115	3.20	3602	2794	0.40	912	0	0	0	7	719	0.00	0.00	0.02	96.80	6.33	90.47	64	66	0.00	0.00	56.57	0.00	0.00	0.00
115	3.23	3563	2793	0.40	659	0	0	0	5	572	0.00	0.00	0.03	96.75	7.79	88.98	63	65	0.00	0.00	56.62	0.00	0.00	0.00
