Avg_MHz	Busy%	Bzy_MHz	TSC_MHz	IPC	IRQ	SMI	POLL	C1	C1E	C6	POLL%	C1%	C1E%	C6%	CPU%c1	CPU%c6	CoreTmp	PkgTmp	Pkg%pc2	Pkg%pc6	PkgWatt	RAMWatt	PKG_%	RAM_%
3402	99.66	3411	2801	1.20	8465	0	0	0	0	0	0.00	0.00	0.00	0.00	0.34	0.00	85	85	0.00	0.00	150.48	0.00	0.00	0.00
3395	99.62	3416	2794	1.21	8142	0	0	0	0	7	0.00	0.00	0.00	0.06	0.38	0.00	86	86	0.00	0.00	149.51	0.00	0.00	0.00
3387	99.63	3408	2793	1.22	8142	0	0	1	0	0	0.00	0.01	0.00	0.00	0.37	0.00	85	84	0.00	0.00	149.74	0.00	0.00	0.00
3147	99.40	3175	2792	1.24	8182	0	0	0	0	0	0.00	0.00	0.00	0.00	0.60	0.00	82	83	0.00	0.00	149.24	0.00	0.00	0.00
3002	96.29	3128	2790	0.65	8094	0	0	0	0	130	0.00	0.00	0.00	3.35	3.71	0.00	79	78	0.00	0.00	146.08	0.00	0.00	0.00
2829	91.43	3101	2794	0.22	7867	0	0	0	1	287	0.00	0.00	0.00	8.57	8.57	0.00	78	78	0.00	0.00	142.92	0.00	0.00	0.00
2662	85.63	3113	2796	0.27	7419	0	0	0	5	355	0.00	0.00	0.00	14.36	13.17	1.21	79	78	0.00	0.00	144.67	0.00	0.00	0.00
1812	56.85	3193	2796	0.51	5261	0	1	1	4	513	0.00	0.00	0.00	43.17	36.72	6.43	84	84	0.00	0.00	147.13	0.00	0.00	0.00
3392	99.48	3418	2793	1.19	8178	0	0	0	0	17	0.00	0.00	0.00	0.20	0.52	0.00	86	85	0.00	0.00	152.10	0.00	0.00	0.00
3398	99.65	3418	2794	1.18	8167	0	0	0	0	0	0.00	0.00	0.00	0.00	0.35	0.00	87	87	0.00	0.00	149.69	0.00	0.00	0.00
3389	99.60	3411	2793	1.24	8167	0	0	0	0	1	0.00	0.00	0.00	0.01	0.40	0.00	87	87	0.00	0.00	149.75	0.00	0.00	0.00
3356	99.57	3380	2792	1.21	8106	0	0	0	0	0	0.00	0.00	0.00	0.00	0.43	0.00	85	85	0.00	0.00	149.34	0.00	0.00	0.00
3133	99.42	3160	2793	1.22	8140	0	0	0	0	0	0.00	0.00	0.00	0.00	0.58	0.00	84	83	0.00	0.00	149.60	0.00	0.00	0.00
2982	96.01	3117	2790	0.52	8117	0	0	0	0	152	0.00	0.00	0.00	3.64	3.99	0.00	79	79	0.00	0.00	145.33	0.00	0.00	0.00
2838	91.65	3103	2794	0.23	7965	0	0	1	2	311	0.00	0.00	0.02	8.33	7.80	0.55	79	79	0.00	0.00	143.48	0.00	0.00	0.00
2597	83.69	3108	2795	0.28	7232	0	0	0	0	356	0.00	0.00	0.00	16.28	16.31	0.00	84	84	0.00	0.00	145.00	0.00	0.00	0.00
1979	61.29	3233	2796	0.64	5606	0	0	1	12	567	0.00	0.01	0.01	38.69	31.86	6.85	85	85	0.00	0.00	148.11	0.00	0.00	0.00
3380	99.42	3408	2793	1.16	8167	0	0	0	1	16	0.00	0.00	0.00	0.20	0.58	0.00	88	87	0.00	0.00	151.78	0.00	0.00	0.00
3390	99.63	3411	2793	1.24	8122	0	0	0	0	0	0.00	0.00	0.00	0.00	0.37	0.00	86	86	0.00	0.00	149.51	0.00	0.00	0.00
3380	99.56	3403	2794	1.21	8145	0	0	0	0	0	0.00	0.00	0.00	0.00	0.44	0.00	87	88	0.00	0.00	149.48	0.00	0.00	0.00
3336	99.60	3358	2792	1.22	8145	0	0	0	0	0	0.00	0.00	0.00	0.00	0.40	0.00	85	85	0.00	0.00	149.67	0.00	0.00	0.00
3126	99.45	3150	2794	1.18	8133	0	0	0	0	0	0.00	0.00	0.00	0.00	0.55	0.00	85	86	0.00	0.00	149.53	0.00	0.00	0.00
2930	94.16	3123	2790	0.53	7933	0	0	0	0	156	0.00	0.00	0.00	5.60	5.84	0.00	80	80	0.00	0.00	145.15	0.00	0.00	0.00
2784	89.93	3103	2794	0.23	8067	0	0	0	0	346	0.00	0.00	0.00	10.07	9.78	0.29	80	81	0.00	0.00	143.38	0.00	0.00	0.00
2488	80.06	3113	2796	0.29	6918	0	1	1	0	386	0.00	0.01	0.00	19.93	17.14	2.80	82	82	0.00	0.00	144.04	0.00	0.00	0.00
1725	53.36	3239	2796	0.61	4859	0	0	0	19	612	0.00	0.00	0.19	46.45	32.06	14.58	85	86	0.00	0.00	141.29	0.00	0.00	0.00
3384	98.94	3429	2793	1.17	8152	0	0	0	0	72	0.00	0.00	0.00	0.83	1.06	0.00	88	88	0.00	0.00	156.18	0.00	0.00	0.00
3390	99.62	3410	2794	1.22	8148	0	0	0	0	0	0.00	0.00	0.00	0.00	0.38	0.00	87	87	0.00	0.00	149.57	0.00	0.00	0.00
3386	99.59	3408	2794	1.26	8122	0	0	0	0	0	0.00	0.00	0.00	0.00	0.41	0.00	87	86	0.00	0.00	149.62	0.00	0.00	0.00
3381	99.61	3402	2793	1.16	8172	0	0	0	0	0	0.00	0.00	0.00	0.00	0.39	0.00	87	86	0.00	0.00	149.49	0.00	0.00	0.00
3140	99.47	3166	2792	1.24	8147	0	0	0	0	0	0.00	0.00	0.00	0.00	0.53	0.00	85	85	0.00	0.00	149.38	0.00	0.00	0.00
2997	96.16	3127	2790	0.74	8008	0	0	0	0	104	0.00	0.00	0.00	3.41	3.84	0.00	82	81	0.00	0.00	146.85	0.00	0.00	0.00
2762	89.23	3102	2795	0.23	7719	0	0	0	1	357	0.00	0.00	0.00	10.77	10.77	0.00	82	82	0.00	0.00	144.01	0.00	0.00	0.00
2477	79.85	3109	2794	0.28	6930	0	0	0	0	366	0.00	0.00	0.00	20.15	18.04	2.11	81	81	0.00	0.00	143.44	0.00	0.00	0.00
1881	59.41	3171	2797	0.46	5511	0	0	12	7	651	0.00	0.10	0.02	40.50	32.82	7.78	87	87	0.00	0.00	147.06	0.00	0.00	0.00
3287	96.56	3412	2793	1.19	8128	0	0	0	5	282	0.00	0.00	0.00	3.06	3.02	0.42	87	87	0.00	0.00	152.57	0.00	0.00	0.00
3383	99.58	3405	2794	1.20	8126	0	0	0	0	0	0.00	0.00	0.00	0.00	0.42	0.00	90	90	0.00	0.00	149.74	0.00	0.00	0.00
3376	99.56	3398	2794	1.22	8173	0	0	0	0	0	0.00	0.00	0.00	0.00	0.44	0.00	89	89	0.00	0.00	149.61	0.00	0.00	0.00
3358	99.61	3380	2792	1.19	8172	0	0	0	0	0	0.00	0.00	0.00	0.00	0.39	0.00	88	88	0.00	0.00	149.40	0.00	0.00	0.00
3141	99.47	3165	2793	1.25	8113	0	0	0	0	0	0.00	0.00	0.00	0.00	0.53	0.00	86	86	0.00	0.00	149.42	0.00	0.00	0.00
3018	96.64	3133	2791	0.62	8086	0	0	0	0	129	0.00	0.00	0.00	3.12	3.36	0.00	82	82	0.00	0.00	146.46	0.00	0.00	0.00
2805	90.68	3100	2793	0.22	7933	0	0	0	0	357	0.00	0.00	0.00	9.32	9.32	0.00	82	82	0.00	0.00	143.57	0.00	0.00	0.00
2520	81.16	3110	2795	0.29	7107	0	0	8	1	405	0.00	0.09	0.00	18.73	15.77	3.07	84	84	0.00	0.00	144.26	0.00	0.00	0.00
1800	56.53	3189	2796	0.51	5196	0	0	0	2	600	0.00	0.00	0.00	43.48	36.25	7.22	87	87	0.00	0.00	146.49	0.00	0.00	0.00
3377	99.29	3408	2794	1.19	8200	0	0	0	1	28	0.00	0.00	0.00	0.31	0.71	0.00	90	90	0.00	0.00	153.17	0.00	0.00	0.00
3372	99.53	3396	2793	1.21	8183	0	0	0	0	0	0.00	0.00	0.00	0.00	0.47	0.00	88	89	0.00	0.00	149.49	0.00	0.00	0.00
3373	99.51	3398	2793	1.20	8117	0	0	0	0	0	0.00	0.00	0.00	0.00	0.49	0.00	90	90	0.00	0.00	149.68	0.00	0.00	0.00
3373	99.50	3397	2794	1.22	8143	0	0	0	0	0	0.00	0.00	0.00	0.00	0.50	0.00	90	90	0.00	0.00	149.59	0.00	0.00	0.00
3169	99.46	3195	2792	1.23	8116	0	0	0	0	0	0.00	0.00	0.00	0.00	0.54	0.00	87	87	0.00	0.00	149.34	0.00	0.00	0.00
3027	97.05	3130	2790	0.87	8078	0	0	8	0	70	0.00	0.10	0.00	2.38	2.95	0.00	82	83	0.00	0.00	147.49	0.00	0.00	0.00
2805	90.68	3100	2794	0.22	7848	0	0	0	1	320	0.00	0.00	0.00	9.33	9.32	0.00	83	82	0.00	0.00	143.53	0.00	0.00	0.00
2690	86.70	3109	2795	0.26	7515	0	3	0	0	349	0.00	0.00	0.00	13.30	12.03	1.27	86	87	0.00	0.00	144.84	0.00	0.00	0.00
1993	63.68	3135	2796	0.41	5737	0	0	0	11	521	0.00	0.00	0.10	36.23	33.16	3.16	87	88	0.00	0.00	146.66	0.00	0.00	0.00
2999	88.47	3397	2794	1.17	7671	0	0	2	13	490	0.00	0.01	0.10	11.10	9.63	1.91	90	91	0.00	0.00	152.26	0.00	0.00	0.00
3377	99.52	3401	2794	1.20	8117	0	0	0	0	0	0.00	0.00	0.00	0.00	0.48	0.00	89	89	0.00	0.00	149.56	0.00	0.00	0.00
3362	99.46	3389	2793	1.23	8142	0	0	0	0	0	0.00	0.00	0.00	0.00	0.54	0.00	88	89	0.00	0.00	149.39	0.00	0.00	0.00
3351	99.50	3375	2794	1.16	8159	0	0	0	0	0	0.00	0.00	0.00	0.00	0.50	0.00	91	91	0.00	0.00	149.83	0.00	0.00	0.00
3257	99.54	3282	2792	1.22	8140	0	0	0	0	0	0.00	0.00	0.00	0.00	0.46	0.00	88	88	0.00	0.00	149.37	0.00	0.00	0.00
3118	99.41	3144	2793	1.24	8141	0	0	0	0	0	0.00	0.00	0.00	0.00	0.59	0.00	88	88	0.00	0.00	149.46	0.00	0.00	0.00
2751	88.90	3105	2791	0.27	7610	0	0	8	0	252	0.00	0.10	0.00	10.95	11.10	0.00	83	83	0.00	0.00	143.84	0.00	0.00	0.00
2670	86.28	3101	2794	0.24	7570	0	0	0	2	409	0.00	0.00	0.00	13.71	13.72	0.00	85	85	0.00	0.00	144.02	0.00	0.00	0.00
2156	68.72	3141	2796	0.37	6123	0	0	1	7	463	0.00	0.01	0.08	31.17	26.36	4.91	85	85	0.00	0.00	146.58	0.00	0.00	0.00
2501	74.50	3379	2782	1.13	6691	0	0	1	11	675	0.00	0.00	0.07	25.12	19.23	6.27	90	90	0.00	0.00	150.32	0.00	0.00	0.00
3370	99.46	3382	2806	1.24	8204	0	0	0	0	0	0.00	0.00	0.00	0.00	0.54	0.00	90	90	0.00	0.00	150.59	0.00	0.00	0.00
3370	99.49	3395	2794	1.25	8131	0	0	0	0	0	0.00	0.00	0.00	0.00	0.51	0.00	89	89	0.00	0.00	149.43	0.00	0.00	0.00
3327	99.58	3349	2793	1.26	8160	0	0	0	0	0	0.00	0.00	0.00	0.00	0.42	0.00	89	89	0.00	0.00	149.60	0.00	0.00	0.00
3220	99.52	3243	2793	1.22	8150	0	0	0	0	0	0.00	0.00	0.00	0.00	0.48	0.00	88	88	0.00	0.00	149.58	0.00	0.00	0.00
3055	97.88	3132	2790	1.03	8011	0	1	0	9	35	0.00	0.00	0.11	1.50	2.12	0.00	84	84	0.00	0.00	148.48	0.00	0.00	0.00
2611	84.43	3100	2794	0.23	7446	0	0	1	2	398	0.00	0.00	0.00	15.58	15.57	0.00	84	84	0.00	0.00	143.62	0.00	0.00	0.00
2466	79.53	3107	2794	0.27	7050	0	0	0	2	438	0.00	0.00	0.01	20.46	18.87	1.60	87	87	0.00	0.00	144.21	0.00	0.00	0.00
1947	62.13	3138	2796	0.43	5673	0	0	12	6	558	0.00	0.12	0.03	37.72	34.07	3.79	90	90	0.00	0.00	147.37	0.00	0.00	0.00
3020	89.19	3394	2794	1.16	7700	0	0	9	7	482	0.00	0.09	0.03	10.36	8.02	2.79	91	91	0.00	0.00	151.79	0.00	0.00	0.00
3343	99.52	3367	2794	1.26	8152	0	0	0	0	0	0.00	0.00	0.00	0.00	0.48	0.00	91	91	0.00	0.00	149.49	0.00	0.00	0.00
3366	99.52	3390	2794	1.23	8149	0	0	0	0	0	0.00	0.00	0.00	0.00	0.48	0.00	89	89	0.00	0.00	149.38	0.00	0.00	0.00
3358	99.51	3383	2793	1.19	8121	0	0	0	0	0	0.00	0.00	0.00	0.00	0.49	0.00	90	91	0.00	0.00	149.87	0.00	0.00	0.00
3138	99.43	3165	2792	1.21	8165	0	0	0	0	0	0.00	0.00	0.00	0.00	0.57	0.00	88	89	0.00	0.00	149.32	0.00	0.00	0.00
2968	95.27	3125	2791	0.91	7970	0	0	20	8	94	0.00	0.23	0.10	3.99	4.73	0.00	84	84	0.00	0.00	147.60	0.00	0.00	0.00
2611	84.44	3100	2793	0.23	7373	0	0	0	2	384	0.00	0.00	0.00	15.57	15.56	0.00	84	84	0.00	0.00	143.72	0.00	0.00	0.00
2511	80.73	3116	2796	0.29	7073	0	0	11	6	419	0.00	0.12	0.00	19.15	17.77	1.51	85	85	0.00	0.00	146.15	0.00	0.00	0.00
1740	54.12	3221	2795	0.62	4916	0	0	24	2	561	0.00	0.19	0.00	45.68	34.55	11.33	93	93	0.00	0.00	145.09	0.00	0.00	0.00
3384	99.59	3406	2793	1.16	8145	0	0	0	0	0	0.00	0.00	0.00	0.00	0.41	0.00	90	90	0.00	0.00	152.97	0.00	0.00	0.00
3374	99.52	3398	2793	1.16	8148	0	0	0	0	0	0.00	0.00	0.00	0.00	0.48	0.00	92	92	0.00	0.00	149.80	0.00	0.00	0.00
3370	99.52	3393	2794	1.23	8152	0	0	0	0	0	0.00	0.00	0.00	0.00	0.48	0.00	90	91	0.00	0.00	149.54	0.00	0.00	0.00
3306	99.55	3331	2792	1.20	8119	0	0	0	0	0	0.00	0.00	0.00	0.00	0.45	0.00	90	90	0.00	0.00	149.55	0.00	0.00	0.00
3113	99.39	3140	2793	1.15	8189	0	0	0	0	0	0.00	0.00	0.00	0.00	0.61	0.00	88	88	0.00	0.00	149.42	0.00	0.00	0.00
2930	94.24	3119	2791	0.51	7973	0	0	1	3	176	0.00	0.01	0.03	5.48	5.36	0.39	85	85	0.00	0.00	146.45	0.00	0.00	0.00
2702	87.26	3103	2794	0.24	7621	0	0	1	2	355	0.00	0.01	0.01	12.72	12.74	0.00	87	87	0.00	0.00	145.02	0.00	0.00	0.00
2257	72.76	3108	2794	0.30	6387	0	0	1	17	421	0.00	0.00	0.19	27.04	25.68	1.55	88	88	0.00	0.00	144.51	0.00	0.00	0.00
2192	65.94	3330	2796	0.77	5912	0	1	5	16	545	0.00	0.02	0.14	33.81	23.24	10.82	91	91	0.00	0.00	151.96	0.00	0.00	0.00
3371	99.52	3395	2793	1.24	8147	0	0	0	0	0	0.00	0.00	0.00	0.00	0.48	0.00	92	92	0.00	0.00	149.43	0.00	0.00	0.00
3376	99.55	3399	2794	1.20	8127	0	0	0	0	0	0.00	0.00	0.00	0.00	0.45	0.00	93	93	0.00	0.00	149.50	0.00	0.00	0.00
3372	99.51	3397	2793	1.16	8150	0	0	0	0	0	0.00	0.00	0.00	0.00	0.49	0.00	93	92	0.00	0.00	149.55	0.00	0.00	0.00
3240	99.47	3266	2793	1.28	8178	0	0	0	0	0	0.00	0.00	0.00	0.00	0.53	0.00	90	89	0.00	0.00	149.53	0.00	0.00	0.00
3104	99.39	3131	2793	1.17	8129	0	0	0	0	0	0.00	0.00	0.00	0.00	0.61	0.00	92	91	0.00	0.00	149.55	0.00	0.00	0.00
2856	92.37	3103	2791	0.23	7947	0	0	0	1	267	0.00	0.00	0.01	7.59	7.63	0.00	85	86	0.00	0.00	144.62	0.00	0.00	0.00
2809	90.58	3106	2795	0.23	7845	0	0	0	0	354	0.00	0.00	0.00	9.43	8.79	0.63	88	88	0.00	0.00	145.64	0.00	0.00	0.00
2265	72.87	3115	2794	0.34	6343	0	1	23	10	423	0.00	0.27	0.10	26.73	24.05	3.07	85	85	0.00	0.00	145.65	0.00	0.00	0.00
2477	74.43	3334	2796	1.01	6678	0	1	4	19	603	0.00	0.01	0.20	25.23	22.77	2.81	93	93	0.00	0.00	151.77	0.00	0.00	0.00
3360	99.48	3385	2794	1.13	8116	0	0	0	0	0	0.00	0.00	0.00	0.00	0.52	0.00	91	92	0.00	0.00	149.55	0.00	0.00	0.00
3371	99.51	3397	2793	1.18	8145	0	0	0	0	0	0.00	0.00	0.00	0.00	0.49	0.00	93	93	0.00	0.00	149.52	0.00	0.00	0.00
3375	99.53	3398	2794	1.21	8186	0	0	0	0	0	0.00	0.00	0.00	0.00	0.47	0.00	93	93	0.00	0.00	149.61	0.00	0.00	0.00
3230	99.52	3254	2792	1.24	8111	0	0	0	0	0	0.00	0.00	0.00	0.00	0.48	0.00	90	90	0.00	0.00	149.43	0.00	0.00	0.00
3121	99.43	3148	2793	1.16	8141	0	0	0	0	0	0.00	0.00	0.00	0.00	0.57	0.00	89	89	0.00	0.00	149.48	0.00	0.00	0.00
2838	91.59	3108	2791	0.27	7828	0	0	0	1	274	0.00	0.00	0.01	8.35	8.41	0.00	88	87	0.00	0.00	145.42	0.00	0.00	0.00
2647	85.56	3100	2794	0.24	7511	0	0	0	0	390	0.00	0.00	0.00	14.44	13.75	0.69	86	85	0.00	0.00	144.07	0.00	0.00	0.00
2190	70.20	3124	2795	0.35	6271	0	1	11	1	495	0.00	0.10	0.00	29.69	25.23	4.57	89	89	0.00	0.00	145.96	0.00	0.00	0.00
2492	74.16	3367	2795	1.05	6446	0	0	2	14	494	0.00	0.01	0.03	25.65	17.79	8.05	91	92	0.00	0.00	151.33	0.00	0.00	0.00
3370	99.50	3395	2794	1.25	8137	0	0	0	0	0	0.00	0.00	0.00	0.00	0.50	0.00	91	92	0.00	0.00	149.40	0.00	0.00	0.00
3376	99.56	3400	2793	1.24	8183	0	0	0	0	0	0.00	0.00	0.00	0.00	0.44	0.00	93	93	0.00	0.00	149.77	0.00	0.00	0.00
3372	99.52	3396	2794	1.20	8145	0	0	0	0	0	0.00	0.00	0.00	0.00	0.48	0.00	92	92	0.00	0.00	149.28	0.00	0.00	0.00
3240	99.57	3263	2793	1.26	3898	0	0	0	0	0	0.00	0.00	0.00	0.00	0.43	0.00	90	90	0.00	0.00	149.88	0.00	0.00	0.00
