Avg_MHz	Busy%	Bzy_MHz	TSC_MHz	IPC	IRQ	SMI	POLL	C1	C1E	C6	POLL%	C1%	C1E%	C6%	CPU%c1	CPU%c6	CoreTmp	PkgTmp	Pkg%pc2	Pkg%pc6	PkgWatt	RAMWatt	PKG_%	RAM_%
3118	99.20	3150	2793	0.61	8289	0	0	0	0	0	0.00	0.00	0.00	0.00	0.80	0.00	72	72	0.00	0.00	149.61	0.00	0.00	0.00
3118	99.22	3150	2793	0.61	8255	0	0	0	0	0	0.00	0.00	0.00	0.00	0.78	0.00	72	73	0.00	0.00	149.56	0.00	0.00	0.00
3119	99.25	3150	2794	0.61	8170	0	0	0	0	0	0.00	0.00	0.00	0.00	0.75	0.00	73	73	0.00	0.00	149.54	0.00	0.00	0.00
3121	99.24	3152	2794	0.61	8207	0	0	0	0	0	0.00	0.00	0.00	0.00	0.76	0.00	73	73	0.00	0.00	149.69	0.00	0.00	0.00
3119	99.25	3151	2793	0.61	8130	0	0	0	0	0	0.00	0.00	0.00	0.00	0.75	0.00	73	73	0.00	0.00	149.46	0.00	0.00	0.00
3117	99.22	3149	2793	0.60	8119	0	0	0	0	0	0.00	0.00	0.00	0.00	0.78	0.00	73	73	0.00	0.00	149.58	0.00	0.00	0.00
3120	99.25	3151	2793	0.61	8159	0	0	0	0	0	0.00	0.00	0.00	0.00	0.75	0.00	73	74	0.00	0.00	149.58	0.00	0.00	0.00
3118	99.25	3148	2795	0.61	8183	0	1	0	0	2	0.00	0.00	0.00	0.01	0.75	0.00	75	75	0.00	0.00	149.66	0.00	0.00	0.00
3118	99.25	3149	2793	0.61	8126	0	0	0	0	1	0.00	0.00	0.00	0.01	0.75	0.00	74	73	0.00	0.00	149.60	0.00	0.00	0.00
3119	99.25	3152	2792	0.61	8081	0	0	0	0	0	0.00	0.00	0.00	0.00	0.75	0.00	74	75	0.00	0.00	149.43	0.00	0.00	0.00
3122	99.35	3149	2794	0.61	8162	0	0	0	0	0	0.00	0.00	0.00	0.00	0.65	0.00	75	74	0.00	0.00	149.60	0.00	0.00	0.00
3119	99.26	3150	2793	0.61	8122	0	0	0	0	0	0.00	0.00	0.00	0.00	0.74	0.00	75	75	0.00	0.00	149.44	0.00	0.00	0.00
3119	99.26	3149	2795	0.61	8135	0	0	0	0	0	0.00	0.00	0.00	0.00	0.74	0.00	75	75	0.00	0.00	149.70	0.00	0.00	0.00
3118	99.31	3148	2793	0.61	8128	0	0	0	0	0	0.00	0.00	0.00	0.00	0.69	0.00	76	76	0.00	0.00	149.51	0.00	0.00	0.00
3119	99.38	3146	2793	0.61	8159	0	0	0	0	0	0.00	0.00	0.00	0.00	0.62	0.00	75	75	0.00	0.00	149.69	0.00	0.00	0.00
3119	99.30	3149	2793	0.61	8121	0	0	0	0	0	0.00	0.00	0.00	0.00	0.70	0.00	75	76	0.00	0.00	149.47	0.00	0.00	0.00
3122	99.35	3149	2794	0.61	8126	0	0	0	0	0	0.00	0.00	0.00	0.00	0.65	0.00	76	76	0.00	0.00	149.56	0.00	0.00	0.00
3121	99.34	3149	2793	0.61	8134	0	0	0	0	0	0.00	0.00	0.00	0.00	0.66	0.00	75	76	0.00	0.00	149.52	0.00	0.00	0.00
3117	99.33	3147	2793	0.60	8151	0	0	0	0	2	0.00	0.00	0.00	0.01	0.67	0.00	76	76	0.00	0.00	149.60	0.00	0.00	0.00
3121	99.36	3147	2795	0.61	8122	0	0	0	0	1	0.00	0.00	0.00	0.01	0.64	0.00	77	76	0.00	0.00	149.65	0.00	0.00	0.00
3117	99.35	3147	2792	0.61	8097	0	0	0	0	0	0.00	0.00	0.00	0.00	0.65	0.00	76	77	0.00	0.00	149.45	0.00	0.00	0.00
3120	99.32	3148	2795	0.61	8133	0	0	0	0	0	0.00	0.00	0.00	0.00	0.68	0.00	76	76	0.00	0.00	149.74	0.00	0.00	0.00
3121	99.35	3150	2792	0.61	8150	0	0	0	0	0	0.00	0.00	0.00	0.00	0.65	0.00	77	77	0.00	0.00	149.36	0.00	0.00	0.00
3123	99.40	3148	2794	0.61	8132	0	0	0	0	1	0.00	0.00	0.00	0.00	0.60	0.00	76	77	0.00	0.00	149.69	0.00	0.00	0.00
3121	99.39	3148	2793	0.61	8133	0	0	0	0	0	0.00	0.00	0.00	0.00	0.61	0.00	77	77	0.00	0.00	149.45	0.00	0.00	0.00
3121	99.40	3146	2794	0.60	8142	0	0	0	0	0	0.00	0.00	0.00	0.00	0.60	0.00	77	77	0.00	0.00	149.66	0.00	0.00	0.00
3120	99.42	3146	2794	0.61	8135	0	0	0	0	0	0.00	0.00	0.00	0.00	0.58	0.00	77	77	0.00	0.00	149.64	0.00	0.00	0.00
3119	99.43	3146	2792	0.61	8093	0	0	0	0	0	0.00	0.00	0.00	0.00	0.57	0.00	77	78	0.00	0.00	149.43	0.00	0.00	0.00
3121	99.42	3147	2793	0.61	8136	0	0	0	0	0	0.00	0.00	0.00	0.00	0.58	0.00	78	78	0.00	0.00	149.64	0.00	0.00	0.00
3123	99.47	3145	2795	0.61	8154	0	0	0	0	0	0.00	0.00	0.00	0.00	0.53	0.00	78	77	0.00	0.00	149.69	0.00	0.00	0.00
3120	99.46	3146	2792	0.61	8128	0	0	0	0	0	0.00	0.00	0.00	0.00	0.54	0.00	77	77	0.00	0.00	149.44	0.00	0.00	0.00
3121	99.44	3145	2794	0.60	8131	0	0	0	0	0	0.00	0.00	0.00	0.00	0.56	0.00	78	77	0.00	0.00	149.63	0.00	0.00	0.00
3126	99.48	3150	2793	0.61	8134	0	0	0	0	0	0.00	0.00	0.00	0.00	0.52	0.00	78	77	0.00	0.00	149.52	0.00	0.00	0.00
3119	99.47	3144	2793	0.61	8167	0	0	0	0	0	0.00	0.00	0.00	0.00	0.53	0.00	78	78	0.00	0.00	149.51	0.00	0.00	0.00
3121	99.48	3144	2794	0.61	8127	0	0	0	0	0	0.00	0.00	0.00	0.00	0.52	0.00	78	78	0.00	0.00	149.69	0.00	0.00	0.00
3119	99.45	3146	2792	0.61	8134	0	0	0	0	0	0.00	0.00	0.00	0.00	0.55	0.00	78	78	0.00	0.00	149.42	0.00	0.00	0.00
3119	99.46	3143	2794	0.61	8124	0	0	0	0	0	0.00	0.00	0.00	0.00	0.54	0.00	78	78	0.00	0.00	149.62	0.00	0.00	0.00
3120	99.46	3144	2794	0.61	8157	0	0	0	0	0	0.00	0.00	0.00	0.00	0.54	0.00	78	78	0.00	0.00	149.64	0.00	0.00	0.00
3116	99.45	3142	2793	0.61	8090	0	0	0	0	0	0.00	0.00	0.00	0.00	0.55	0.00	79	78	0.00	0.00	149.53	0.00	0.00	0.00
3118	99.46	3142	2794	0.61	8118	0	0	0	0	0	0.00	0.00	0.00	0.00	0.54	0.00	79	79	0.00	0.00	149.51	0.00	0.00	0.00
3116	99.46	3141	2793	0.61	8197	0	0	0	0	0	0.00	0.00	0.00	0.00	0.54	0.00	79	79	0.00	0.00	149.62	0.00	0.00	0.00
3119	99.47	3142	2794	0.61	8159	0	0	0	0	0	0.00	0.00	0.00	0.00	0.53	0.00	79	79	0.00	0.00	149.49	0.00	0.00	0.00
3118	99.44	3142	2794	0.61	8124	0	0	0	0	0	0.00	0.00	0.00	0.00	0.56	0.00	79	79	0.00	0.00	149.69	0.00	0.00	0.00
3115	99.45	3141	2792	0.61	8120	0	0	0	0	0	0.00	0.00	0.00	0.00	0.55	0.00	79	79	0.00	0.00	149.44	0.00	0.00	0.00
3117	99.46	3140	2794	0.60	8125	0	0	0	0	0	0.00	0.00	0.00	0.00	0.54	0.00	80	80	0.00	0.00	149.70	0.00	0.00	0.00
3113	99.44	3139	2793	0.61	8151	0	0	0	0	0	0.00	0.00	0.00	0.00	0.56	0.00	80	80	0.00	0.00	149.52	0.00	0.00	0.00
3111	99.44	3136	2793	0.61	8142	0	0	0	0	0	0.00	0.00	0.00	0.00	0.56	0.00	80	80	0.00	0.00	149.50	0.00	0.00	0.00
3116	99.46	3140	2794	0.61	8117	0	0	0	0	0	0.00	0.00	0.00	0.00	0.54	0.00	79	80	0.00	0.00	149.58	0.00	0.00	0.00
3114	99.43	3139	2793	0.61	8129	0	0	0	0	0	0.00	0.00	0.00	0.00	0.57	0.00	80	80	0.00	0.00	149.60	0.00	0.00	0.00
3114	99.44	3138	2794	0.61	8162	0	0	0	0	0	0.00	0.00	0.00	0.00	0.56	0.00	80	79	0.00	0.00	149.54	0.00	0.00	0.00
3112	99.43	3138	2793	0.61	8132	0	0	0	0	0	0.00	0.00	0.00	0.00	0.57	0.00	80	79	0.00	0.00	149.67	0.00	0.00	0.00
3111	99.43	3137	2793	0.60	8109	0	0	0	0	0	0.00	0.00	0.00	0.00	0.57	0.00	81	80	0.00	0.00	149.14	0.00	0.00	0.00
3111	99.45	3135	2793	0.61	8210	0	0	0	0	0	0.00	0.00	0.00	0.00	0.55	0.00	80	80	0.00	0.00	149.95	0.00	0.00	0.00
3110	99.42	3136	2793	0.61	8160	0	0	0	0	1	0.00	0.00	0.00	0.01	0.58	0.00	80	80	0.00	0.00	149.49	0.00	0.00	0.00
3113	99.44	3138	2794	0.61	8125	0	0	0	0	0	0.00	0.00	0.00	0.00	0.56	0.00	81	81	0.00	0.00	149.64	0.00	0.00	0.00
3112	99.43	3137	2793	0.61	8115	0	0	0	0	0	0.00	0.00	0.00	0.00	0.57	0.00	81	81	0.00	0.00	149.53	0.00	0.00	0.00
3111	99.44	3136	2793	0.61	8118	0	0	0	0	0	0.00	0.00	0.00	0.00	0.56	0.00	80	80	0.00	0.00	149.61	0.00	0.00	0.00
3113	99.44	3137	2794	0.60	8155	0	0	0	0	0	0.00	0.00	0.00	0.00	0.56	0.00	81	80	0.00	0.00	149.62	0.00	0.00	0.00
3110	99.43	3136	2793	0.61	8137	0	0	0	0	0	0.00	0.00	0.00	0.00	0.57	0.00	80	80	0.00	0.00	149.46	0.00	0.00	0.00
3110	99.44	3135	2793	0.61	8135	0	0	0	0	0	0.00	0.00	0.00	0.00	0.56	0.00	80	81	0.00	0.00	149.63	0.00	0.00	0.00
3111	99.45	3136	2793	0.61	8132	0	0	0	0	0	0.00	0.00	0.00	0.00	0.55	0.00	81	81	0.00	0.00	149.46	0.00	0.00	0.00
3114	99.43	3138	2794	0.61	8155	0	0	0	0	0	0.00	0.00	0.00	0.00	0.57	0.00	80	80	0.00	0.00	149.64	0.00	0.00	0.00
3110	99.43	3135	2793	0.61	8129	0	0	0	0	0	0.00	0.00	0.00	0.00	0.57	0.00	80	80	0.00	0.00	149.62	0.00	0.00	0.00
3112	99.45	3137	2793	0.61	8096	0	0	0	0	0	0.00	0.00	0.00	0.00	0.55	0.00	81	81	0.00	0.00	149.46	0.00	0.00	0.00
3114	99.46	3138	2794	0.60	8138	0	0	0	0	1	0.00	0.00	0.00	0.01	0.54	0.00	80	80	0.00	0.00	149.61	0.00	0.00	0.00
3110	99.50	3133	2793	0.61	8154	0	0	0	0	0	0.00	0.00	0.00	0.00	0.50	0.00	81	81	0.00	0.00	149.61	0.00	0.00	0.00
3111	99.50	3133	2794	0.60	8128	0	0	0	0	0	0.00	0.00	0.00	0.00	0.50	0.00	81	80	0.00	0.00	149.60	0.00	0.00	0.00
3114	99.50	3137	2793	0.61	8111	0	0	0	0	0	0.00	0.00	0.00	0.00	0.50	0.00	81	81	0.00	0.00	149.54	0.00	0.00	0.00
3110	99.52	3133	2793	0.61	8125	0	0	0	0	0	0.00	0.00	0.00	0.00	0.48	0.00	81	82	0.00	0.00	149.39	0.00	0.00	0.00
3112	99.50	3135	2793	0.61	8152	0	0	0	0	0	0.00	0.00	0.00	0.00	0.50	0.00	81	81	0.00	0.00	149.62	0.00	0.00	0.00
3111	99.51	3134	2793	0.60	8134	0	0	0	0	0	0.00	0.00	0.00	0.00	0.49	0.00	81	81	0.00	0.00	149.62	0.00	0.00	0.00
3110	99.51	3133	2794	0.61	8123	0	0	0	0	0	0.00	0.00	0.00	0.00	0.49	0.00	81	81	0.00	0.00	149.63	0.00	0.00	0.00
3109	99.52	3131	2794	0.61	8132	0	0	0	0	0	0.00	0.00	0.00	0.00	0.48	0.00	81	81	0.00	0.00	149.62	0.00	0.00	0.00
3110	99.52	3132	2794	0.61	8146	0	0	0	0	0	0.00	0.00	0.00	0.00	0.48	0.00	82	81	0.00	0.00	149.53	0.00	0.00	0.00
3110	99.51	3133	2793	0.61	8129	0	0	0	0	0	0.00	0.00	0.00	0.00	0.49	0.00	81	81	0.00	0.00	149.50	0.00	0.00	0.00
3109	99.53	3131	2794	0.61	8099	0	0	0	0	0	0.00	0.00	0.00	0.00	0.47	0.00	82	81	0.00	0.00	149.67	0.00	0.00	0.00
3107	99.53	3131	2792	0.61	8141	0	0	0	0	0	0.00	0.00	0.00	0.00	0.47	0.00	82	82	0.00	0.00	149.46	0.00	0.00	0.00
3107	99.53	3129	2793	0.60	8150	0	0	0	0	0	0.00	0.00	0.00	0.00	0.47	0.00	82	82	0.00	0.00	149.55	0.00	0.00	0.00
3105	99.52	3127	2794	0.61	8130	0	0	0	0	0	0.00	0.00	0.00	0.00	0.48	0.00	81	81	0.00	0.00	149.63	0.00	0.00	0.00
3105	99.52	3128	2793	0.61	8112	0	0	0	0	0	0.00	0.00	0.00	0.00	0.48	0.00	82	82	0.00	0.00	149.59	0.00	0.00	0.00
3109	99.53	3129	2795	0.61	8116	0	0	0	0	0	0.00	0.00	0.00	0.00	0.47	0.00	82	81	0.00	0.00	149.68	0.00	0.00	0.00
3106	99.53	3130	2792	0.61	8125	0	0	0	0	0	0.00	0.00	0.00	0.00	0.47	0.00	82	81	0.00	0.00	149.34	0.00	0.00	0.00
3108	99.51	3131	2794	0.61	8129	0	0	0	0	0	0.00	0.00	0.00	0.00	0.49	0.00	82	82	0.00	0.00	149.62	0.00	0.00	0.00
3107	99.54	3129	2794	0.60	8137	0	0	0	0	0	0.00	0.00	0.00	0.00	0.46	0.00	82	82	0.00	0.00	149.59	0.00	0.00	0.00
3107	99.52	3128	2794	0.61	8140	0	0	0	0	0	0.00	0.00	0.00	0.00	0.48	0.00	82	82	0.00	0.00	149.67	0.00	0.00	0.00
3106	99.53	3128	2793	0.61	8158	0	0	0	0	0	0.00	0.00	0.00	0.00	0.47	0.00	82	82	0.00	0.00	149.54	0.00	0.00	0.00
3106	99.54	3129	2793	0.61	8127	0	0	0	0	0	0.00	0.00	0.00	0.00	0.46	0.00	82	82	0.00	0.00	149.45	0.00	0.00	0.00
3107	99.51	3130	2793	0.61	8121	0	0	0	0	0	0.00	0.00	0.00	0.00	0.49	0.00	82	82	0.00	0.00	149.52	0.00	0.00	0.00
3107	99.52	3128	2794	0.61	8137	0	0	0	0	0	0.00	0.00	0.00	0.00	0.48	0.00	82	82	0.00	0.00	149.63	0.00	0.00	0.00
3106	99.54	3128	2793	0.60	8151	0	0	0	0	0	0.00	0.00	0.00	0.00	0.46	0.00	82	82	0.00	0.00	149.65	0.00	0.00	0.00
3106	99.52	3128	2793	0.61	8140	0	0	0	0	0	0.00	0.00	0.00	0.00	0.48	0.00	83	83	0.00	0.00	149.55	0.00	0.00	0.00
3103	99.52	3126	2793	0.60	8151	0	0	0	0	0	0.00	0.00	0.00	0.00	0.48	0.00	82	83	0.00	0.00	149.48	0.00	0.00	0.00
3104	99.52	3127	2793	0.61	8117	0	0	0	0	0	0.00	0.00	0.00	0.00	0.48	0.00	83	82	0.00	0.00	149.69	0.00	0.00	0.00
3107	99.53	3128	2794	0.61	8156	0	0	0	0	0	0.00	0.00	0.00	0.00	0.47	0.00	83	82	0.00	0.00	149.55	0.00	0.00	0.00
3105	99.51	3128	2793	0.61	8136	0	0	0	0	0	0.00	0.00	0.00	0.00	0.49	0.00	82	82	0.00	0.00	149.51	0.00	0.00	0.00
3106	99.52	3128	2794	0.61	8113	0	0	0	0	0	0.00	0.00	0.00	0.00	0.48	0.00	83	83	0.00	0.00	149.52	0.00	0.00	0.00
3106	99.53	3128	2794	0.60	8123	0	0	0	0	0	0.00	0.00	0.00	0.00	0.47	0.00	82	82	0.00	0.00	149.73	0.00	0.00	0.00
3109	99.51	3133	2792	0.61	8155	0	0	0	0	0	0.00	0.00	0.00	0.00	0.49	0.00	82	83	0.00	0.00	149.41	0.00	0.00	0.00
3103	99.48	3127	2794	0.61	8120	0	0	0	0	0	0.00	0.00	0.00	0.00	0.52	0.00	82	82	0.00	0.00	149.62	0.00	0.00	0.00
3106	99.55	3127	2794	0.61	8119	0	0	0	0	0	0.00	0.00	0.00	0.00	0.45	0.00	83	82	0.00	0.00	149.52	0.00	0.00	0.00
3105	99.48	3128	2794	0.61	8123	0	0	0	0	0	0.00	0.00	0.00	0.00	0.52	0.00	82	82	0.00	0.00	149.62	0.00	0.00	0.00
3103	99.49	3127	2793	0.61	8153	0	0	0	0	0	0.00	0.00	0.00	0.00	0.51	0.00	83	83	0.00	0.00	149.54	0.00	0.00	0.00
3103	99.50	3126	2794	0.60	8146	0	0	0	0	0	0.00	0.00	0.00	0.00	0.50	0.00	83	83	0.00	0.00	149.69	0.00	0.00	0.00
3104	99.50	3127	2793	0.61	8093	0	0	0	0	0	0.00	0.00	0.00	0.00	0.50	0.00	83	84	0.00	0.00	149.42	0.00	0.00	0.00
3102	99.48	3125	2794	0.60	8137	0	0	0	0	0	0.00	0.00	0.00	0.00	0.52	0.00	84	84	0.00	0.00	149.71	0.00	0.00	0.00
3103	99.50	3127	2793	0.61	8155	0	0	0	0	0	0.00	0.00	0.00	0.00	0.50	0.00	83	84	0.00	0.00	149.50	0.00	0.00	0.00
3105	99.51	3128	2793	0.61	8136	0	0	0	0	0	0.00	0.00	0.00	0.00	0.49	0.00	83	83	0.00	0.00	149.50	0.00	0.00	0.00
3104	99.49	3127	2794	0.61	8123	0	0	0	0	0	0.00	0.00	0.00	0.00	0.51	0.00	83	83	0.00	0.00	149.62	0.00	0.00	0.00
3104	99.51	3127	2793	0.61	8135	0	0	0	0	0	0.00	0.00	0.00	0.00	0.49	0.00	83	83	0.00	0.00	149.54	0.00	0.00	0.00
3104	99.51	3127	2793	0.60	8145	0	0	0	0	0	0.00	0.00	0.00	0.00	0.49	0.00	83	83	0.00	0.00	149.62	0.00	0.00	0.00
3105	99.50	3127	2794	0.61	8124	0	0	0	0	0	0.00	0.00	0.00	0.00	0.50	0.00	83	83	0.00	0.00	149.53	0.00	0.00	0.00
3102	99.48	3126	2793	0.61	8131	0	0	0	0	0	0.00	0.00	0.00	0.00	0.52	0.00	83	83	0.00	0.00	149.54	0.00	0.00	0.00
3105	99.53	3128	2792	0.61	8101	0	0	0	0	0	0.00	0.00	0.00	0.00	0.47	0.00	83	83	0.00	0.00	149.47	0.00	0.00	0.00
3105	99.49	3127	2795	0.61	8152	0	0	0	0	0	0.00	0.00	0.00	0.00	0.51	0.00	83	83	0.00	0.00	149.72	0.00	0.00	0.00
3104	99.51	3127	2793	0.61	8171	0	0	0	0	0	0.00	0.00	0.00	0.00	0.49	0.00	83	83	0.00	0.00	149.56	0.00	0.00	0.00
3104	99.52	3127	2793	0.60	8122	0	0	0	0	0	0.00	0.00	0.00	0.00	0.48	0.00	83	84	0.00	0.00	149.49	0.00	0.00	0.00
3105	99.51	3126	2794	0.61	7782	0	0	0	0	0	0.00	0.00	0.00	0.00	0.49	0.00	83	83	0.00	0.00	149.65	0.00	0.00	0.00
