Avg_MHz	Busy%	Bzy_MHz	TSC_MHz	IPC	IRQ	SMI	POLL	C1	C1E	C6	POLL%	C1%	C1E%	C6%	CPU%c1	CPU%c6	CoreTmp	PkgTmp	Pkg%pc2	Pkg%pc6	PkgWatt	RAMWatt	PKG_%	RAM_%
1547	50.01	3102	2793	0.21	9939	0	706	164	81	629	0.01	0.01	0.03	49.95	49.99	0.00	56	57	0.00	0.00	123.54	0.00	0.00	0.00
1548	50.06	3100	2793	0.21	9887	0	703	200	20	769	0.01	0.10	0.02	49.83	49.94	0.00	56	57	0.00	0.00	123.82	0.00	0.00	0.00
1548	50.05	3100	2793	0.21	9652	0	666	247	4	614	0.01	0.00	0.01	49.94	49.95	0.00	57	57	0.00	0.00	123.67	0.00	0.00	0.00
1549	50.07	3100	2794	0.21	9786	0	771	152	4	841	0.01	0.00	0.01	49.93	49.93	0.00	57	57	0.00	0.00	123.68	0.00	0.00	0.00
1559	50.40	3100	2793	0.21	51489	0	753	202	5	682	0.01	0.00	0.03	49.58	49.60	0.00	57	58	0.00	0.00	123.70	0.00	0.00	0.00
1548	50.05	3100	2793	0.21	9544	0	618	257	8	651	0.01	0.01	0.02	49.93	49.95	0.00	58	59	0.00	0.00	123.91	0.00	0.00	0.00
1548	50.05	3100	2793	0.21	9697	0	672	264	2	707	0.01	0.00	0.00	49.95	49.95	0.00	58	58	0.00	0.00	123.79	0.00	0.00	0.00
1548	50.06	3100	2794	0.21	9627	0	711	205	8	681	0.01	0.00	0.03	49.92	49.94	0.00	58	59	0.00	0.00	124.04	0.00	0.00	0.00
1548	50.05	3100	2793	0.21	9751	0	765	230	8	756	0.01	0.00	0.03	49.92	49.95	0.00	59	59	0.00	0.00	123.94	0.00	0.00	0.00
1548	50.05	3100	2793	0.21	9544	0	655	238	7	585	0.01	0.00	0.02	49.93	49.95	0.00	59	60	0.00	0.00	124.10	0.00	0.00	0.00
1548	50.05	3100	2793	0.21	9679	0	675	303	4	667	0.01	0.00	0.00	49.95	49.95	0.00	59	60	0.00	0.00	124.09	0.00	0.00	0.00
1548	50.05	3100	2794	0.21	9825	0	740	262	9	689	0.01	0.01	0.03	49.93	49.95	0.00	59	60	0.00	0.00	123.92	0.00	0.00	0.00
1548	50.05	3100	2794	0.21	9758	0	753	217	8	749	0.01	0.00	0.04	49.91	49.95	0.00	60	60	0.00	0.00	123.91	0.00	0.00	0.00
1548	50.05	3100	2793	0.21	9854	0	797	203	2	750	0.01	0.00	0.00	49.95	49.95	0.00	60	60	0.00	0.00	124.11	0.00	0.00	0.00
1548	50.05	3100	2793	0.21	9748	0	697	177	8	715	0.01	0.00	0.00	49.95	49.95	0.00	60	61	0.00	0.00	123.97	0.00	0.00	0.00
1548	50.05	3100	2793	0.21	9676	0	661	208	8	739	0.01	0.00	0.02	49.94	49.95	0.00	60	61	0.00	0.00	124.22	0.00	0.00	0.00
1527	50.04	3104	2754	0.21	9923	0	781	212	15	780	0.01	0.02	0.00	49.23	49.96	0.00	62	61	0.00	0.00	120.71	0.00	0.00	0.00
1550	49.88	3111	2797	0.21	9724	0	704	244	85	707	0.01	0.04	0.08	50.06	50.06	0.06	62	61	0.00	0.00	124.20	0.00	0.00	0.00
1546	49.89	3108	2791	0.21	9884	0	675	227	91	750	0.01	0.05	0.08	49.94	50.08	0.03	62	61	0.00	0.00	123.67	0.00	0.00	0.00
1541	49.89	3108	2783	0.21	9580	0	706	213	100	636	0.01	0.03	0.07	49.82	50.05	0.05	62	62	0.00	0.00	122.99	0.00	0.00	0.00
1552	49.89	3111	2800	0.21	9767	0	660	321	97	683	0.01	0.04	0.04	50.15	50.03	0.08	62	62	0.00	0.00	124.82	0.00	0.00	0.00
1552	49.89	3110	2801	0.21	9765	0	750	171	113	715	0.01	0.02	0.11	50.12	50.07	0.04	63	62	0.00	0.00	124.32	0.00	0.00	0.00
1545	49.90	3109	2788	0.21	9545	0	641	321	62	650	0.01	0.05	0.05	49.90	50.06	0.04	63	62	0.00	0.00	124.28	0.00	0.00	0.00
1551	49.87	3109	2801	0.21	9492	0	668	256	89	700	0.01	0.02	0.09	50.16	50.03	0.10	63	63	0.00	0.00	124.71	0.00	0.00	0.00
1547	49.94	3109	2790	0.21	9638	0	705	199	84	657	0.01	0.03	0.04	49.93	50.04	0.02	63	62	0.00	0.00	123.01	0.00	0.00	0.00
1542	49.87	3109	2784	0.21	9654	0	598	270	56	661	0.01	0.07	0.05	49.84	50.03	0.10	64	63	0.00	0.00	124.70	0.00	0.00	0.00
1552	49.85	3112	2802	0.21	9404	0	663	192	100	669	0.01	0.04	0.11	50.15	50.08	0.07	64	63	0.00	0.00	123.96	0.00	0.00	0.00
1549	49.85	3111	2797	0.21	9611	0	665	218	127	750	0.01	0.05	0.11	50.06	50.10	0.05	64	63	0.00	0.00	124.90	0.00	0.00	0.00
1544	49.89	3112	2784	0.21	9529	0	588	261	83	765	0.01	0.03	0.08	49.83	50.04	0.07	64	63	0.00	0.00	123.54	0.00	0.00	0.00
1559	49.89	3110	2813	0.21	9604	0	627	220	73	683	0.01	0.04	0.03	50.39	50.04	0.07	64	63	0.00	0.00	125.57	0.00	0.00	0.00
1538	49.88	3111	2775	0.21	9508	0	699	211	70	662	0.01	0.06	0.05	49.69	50.06	0.06	64	63	0.00	0.00	123.24	0.00	0.00	0.00
1548	49.89	3108	2795	0.21	9605	0	646	216	67	732	0.01	0.05	0.05	50.03	50.07	0.04	65	64	0.00	0.00	125.68	0.00	0.00	0.00
1558	49.88	3109	2813	0.21	9593	0	633	292	79	709	0.01	0.03	0.09	50.35	50.06	0.06	65	64	0.00	0.00	125.57	0.00	0.00	0.00
1537	49.94	3107	2774	0.21	9709	0	637	279	109	721	0.01	0.02	0.04	49.66	50.03	0.03	65	64	0.00	0.00	123.07	0.00	0.00	0.00
1553	49.90	3108	2804	0.21	9633	0	577	244	90	694	0.01	0.13	0.07	50.10	50.07	0.03	65	65	0.00	0.00	125.56	0.00	0.00	0.00
1551	49.86	3109	2803	0.21	9603	0	566	254	109	695	0.01	0.04	0.06	50.21	50.06	0.08	66	65	0.00	0.00	124.84	0.00	0.00	0.00
1548	50.22	3109	2777	0.21	18261	0	666	289	81	744	0.01	0.04	0.09	49.35	49.74	0.04	66	65	0.00	0.00	123.86	0.00	0.00	0.00
1550	49.88	3111	2797	0.21	9516	0	550	273	77	664	0.01	0.03	0.06	50.10	50.04	0.08	66	65	0.00	0.00	125.31	0.00	0.00	0.00
1546	49.91	3109	2788	0.21	9381	0	561	259	58	679	0.01	0.03	0.06	49.92	50.04	0.05	66	65	0.00	0.00	124.62	0.00	0.00	0.00
1559	49.91	3109	2812	0.21	9485	0	631	271	49	697	0.01	0.05	0.03	50.36	50.03	0.06	66	65	0.00	0.00	125.77	0.00	0.00	0.00
1531	49.90	3109	2764	0.21	9506	0	644	303	79	671	0.01	0.05	0.09	49.43	50.07	0.03	67	65	0.00	0.00	123.23	0.00	0.00	0.00
1556	49.90	3108	2809	0.21	9620	0	616	249	90	603	0.01	0.05	0.06	50.28	50.07	0.04	67	66	0.00	0.00	126.24	0.00	0.00	0.00
1541	49.88	3113	2780	0.21	9549	0	598	241	109	717	0.01	0.05	0.08	49.76	50.10	0.03	67	67	0.00	0.00	123.18	0.00	0.00	0.00
1550	49.86	3110	2799	0.21	9623	0	561	247	84	637	0.01	0.03	0.09	50.11	50.05	0.09	67	66	0.00	0.00	126.17	0.00	0.00	0.00
1545	49.91	3111	2786	0.21	9651	0	731	243	86	695	0.01	0.06	0.05	49.85	50.08	0.01	67	66	0.00	0.00	123.61	0.00	0.00	0.00
1563	49.89	3109	2823	0.21	9705	0	652	283	81	622	0.01	0.04	0.05	50.56	50.05	0.07	67	67	0.00	0.00	127.75	0.00	0.00	0.00
1544	49.89	3110	2787	0.21	9491	0	716	261	71	717	0.02	0.03	0.05	49.93	50.03	0.08	68	67	0.00	0.00	124.52	0.00	0.00	0.00
1541	49.92	3106	2782	0.21	9530	0	594	229	98	698	0.01	0.03	0.08	49.77	50.07	0.02	68	67	0.00	0.00	124.93	0.00	0.00	0.00
1546	49.89	3109	2791	0.21	9680	0	673	249	109	707	0.01	0.03	0.12	49.93	50.10	0.02	68	68	0.00	0.00	124.97	0.00	0.00	0.00
1558	49.89	3109	2813	0.21	9604	0	631	296	60	721	0.01	0.05	0.04	50.38	50.06	0.05	68	67	0.00	0.00	126.43	0.00	0.00	0.00
1545	49.92	3106	2790	0.21	9437	0	678	183	87	710	0.01	0.03	0.04	49.94	50.05	0.03	68	67	0.00	0.00	125.41	0.00	0.00	0.00
1539	49.91	3110	2776	0.21	9459	0	679	184	86	694	0.01	0.02	0.04	49.73	50.01	0.08	68	68	0.00	0.00	123.96	0.00	0.00	0.00
1542	49.87	3110	2783	0.21	9534	0	660	275	75	687	0.01	0.05	0.05	49.85	50.05	0.09	68	68	0.00	0.00	124.66	0.00	0.00	0.00
1556	49.85	3113	2807	0.21	9542	0	633	300	80	750	0.01	0.04	0.05	50.31	50.05	0.10	69	69	0.00	0.00	125.92	0.00	0.00	0.00
1538	49.92	3111	2774	0.21	9538	0	637	242	54	706	0.01	0.03	0.06	49.64	50.02	0.07	69	68	0.00	0.00	123.64	0.00	0.00	0.00
1548	49.89	3111	2793	0.21	9705	0	639	267	59	704	0.01	0.06	0.04	50.01	50.05	0.06	69	68	0.00	0.00	126.24	0.00	0.00	0.00
1561	49.85	3112	2817	0.21	9551	0	586	293	84	648	0.01	0.05	0.05	50.47	50.07	0.08	69	68	0.00	0.00	126.76	0.00	0.00	0.00
1541	49.86	3110	2783	0.21	9661	0	626	243	80	720	0.01	0.06	0.07	49.82	50.09	0.04	69	69	0.00	0.00	124.75	0.00	0.00	0.00
1557	49.86	3110	2811	0.21	9475	0	629	267	111	676	0.01	0.05	0.16	50.26	50.10	0.05	69	69	0.00	0.00	126.70	0.00	0.00	0.00
1545	49.92	3106	2790	0.21	9420	0	611	217	91	705	0.01	0.03	0.09	49.91	50.06	0.02	70	69	0.00	0.00	125.79	0.00	0.00	0.00
1546	49.88	3110	2790	0.21	9437	0	697	237	88	669	0.01	0.03	0.08	49.95	50.03	0.09	70	69	0.00	0.00	125.52	0.00	0.00	0.00
1556	49.89	3107	2811	0.21	9507	0	595	289	88	670	0.01	0.03	0.14	50.25	50.04	0.06	70	69	0.00	0.00	127.22	0.00	0.00	0.00
1537	49.93	3107	2774	0.21	9444	0	644	250	95	684	0.01	0.04	0.08	49.60	50.03	0.04	70	69	0.00	0.00	124.32	0.00	0.00	0.00
1553	49.94	3108	2801	0.21	9666	0	705	284	76	714	0.01	0.02	0.07	50.11	50.05	0.01	70	69	0.00	0.00	125.66	0.00	0.00	0.00
1540	49.82	3114	2778	0.21	9367	0	700	251	85	650	0.01	0.04	0.13	49.73	50.12	0.06	70	70	0.00	0.00	125.08	0.00	0.00	0.00
1546	49.87	3111	2790	0.21	9517	0	541	320	79	702	0.01	0.02	0.06	50.00	50.03	0.11	70	70	0.00	0.00	125.71	0.00	0.00	0.00
1543	49.92	3113	2781	0.21	9614	0	711	226	77	697	0.01	0.04	0.04	49.76	50.04	0.04	71	70	0.00	0.00	124.09	0.00	0.00	0.00
1555	49.89	3110	2805	0.21	9704	0	650	274	59	687	0.01	0.04	0.10	50.19	50.04	0.07	70	70	0.00	0.00	127.22	0.00	0.00	0.00
1558	50.12	3112	2797	0.21	21253	0	578	256	79	668	0.01	0.02	0.05	49.88	49.81	0.07	71	70	0.00	0.00	125.28	0.00	0.00	0.00
1543	49.88	3111	2785	0.21	9569	0	620	295	43	689	0.01	0.07	0.04	49.87	50.05	0.07	71	71	0.00	0.00	126.69	0.00	0.00	0.00
1558	49.86	3112	2812	0.21	9336	0	647	244	75	657	0.01	0.03	0.05	50.39	50.03	0.11	71	70	0.00	0.00	126.77	0.00	0.00	0.00
1542	49.90	3111	2782	0.21	9508	0	601	322	76	732	0.01	0.03	0.08	49.79	50.04	0.06	71	70	0.00	0.00	125.03	0.00	0.00	0.00
1549	49.86	3111	2795	0.21	9596	0	654	251	109	715	0.01	0.02	0.08	50.07	50.07	0.06	72	70	0.00	0.00	126.25	0.00	0.00	0.00
1549	49.88	3111	2794	0.21	9398	0	745	251	85	649	0.01	0.05	0.08	50.01	50.09	0.03	71	71	0.00	0.00	126.05	0.00	0.00	0.00
1560	49.91	3109	2815	0.21	9577	0	662	216	72	725	0.01	0.04	0.05	50.39	50.04	0.05	71	70	0.00	0.00	127.55	0.00	0.00	0.00
1532	49.94	3108	2763	0.21	9557	0	581	288	80	753	0.01	0.06	0.06	49.40	50.05	0.02	72	71	0.00	0.00	124.34	0.00	0.00	0.00
1556	49.87	3111	2809	0.21	9722	0	512	311	60	819	0.01	0.03	0.04	50.35	50.02	0.11	72	71	0.00	0.00	126.76	0.00	0.00	0.00
1540	49.89	3108	2780	0.21	9587	0	666	231	104	703	0.01	0.03	0.08	49.76	50.05	0.06	72	71	0.00	0.00	125.81	0.00	0.00	0.00
1560	49.85	3109	2819	0.21	9505	0	643	253	84	667	0.01	0.05	0.11	50.44	50.11	0.04	72	71	0.00	0.00	127.69	0.00	0.00	0.00
1544	49.91	3108	2788	0.21	9425	0	610	203	106	688	0.01	0.02	0.09	49.87	50.05	0.04	72	71	0.00	0.00	125.30	0.00	0.00	0.00
1541	49.93	3107	2782	0.21	9608	0	586	302	64	741	0.01	0.04	0.03	49.81	50.03	0.04	72	71	0.00	0.00	125.49	0.00	0.00	0.00
1541	49.86	3109	2783	0.21	9363	0	648	233	118	696	0.01	0.05	0.10	49.81	50.13	0.01	72	72	0.00	0.00	125.52	0.00	0.00	0.00
1555	49.88	3112	2806	0.21	9507	0	562	239	108	741	0.01	0.04	0.12	50.20	50.08	0.04	73	72	0.00	0.00	126.20	0.00	0.00	0.00
1545	49.86	3109	2791	0.21	9530	0	620	209	93	704	0.01	0.04	0.06	50.00	50.06	0.08	72	72	0.00	0.00	126.46	0.00	0.00	0.00
1546	49.92	3109	2790	0.21	9342	0	571	251	57	687	0.01	0.04	0.03	49.95	50.02	0.06	73	72	0.00	0.00	126.08	0.00	0.00	0.00
1557	49.86	3110	2811	0.21	9295	0	576	249	75	700	0.01	0.04	0.08	50.34	50.02	0.12	73	72	0.00	0.00	127.19	0.00	0.00	0.00
1546	49.92	3107	2790	0.21	9452	0	597	218	101	690	0.01	0.05	0.04	49.93	50.07	0.02	72	72	0.00	0.00	126.23	0.00	0.00	0.00
1541	49.87	3109	2783	0.21	9326	0	592	284	99	751	0.01	0.04	0.08	49.83	50.08	0.04	73	72	0.00	0.00	125.50	0.00	0.00	0.00
1546	49.78	3120	2787	0.21	9283	0	587	298	119	634	0.01	0.02	0.09	49.98	50.04	0.17	73	72	0.00	0.00	124.93	0.00	0.00	0.00
1556	49.87	3110	2810	0.21	9349	0	569	345	63	662	0.01	0.10	0.04	50.29	50.10	0.04	73	72	0.00	0.00	127.88	0.00	0.00	0.00
1546	49.87	3109	2792	0.21	9439	0	646	248	80	709	0.01	0.04	0.07	50.01	50.06	0.07	73	72	0.00	0.00	126.14	0.00	0.00	0.00
1536	49.93	3109	2771	0.21	9509	0	631	280	87	775	0.01	0.02	0.15	49.49	50.02	0.05	74	73	0.00	0.00	124.59	0.00	0.00	0.00
1554	49.89	3108	2806	0.21	9581	0	599	270	45	662	0.01	0.03	0.05	50.25	50.05	0.06	73	72	0.00	0.00	128.08	0.00	0.00	0.00
1551	49.92	3108	2799	0.21	9656	0	626	255	77	711	0.01	0.03	0.02	50.14	50.01	0.07	74	72	0.00	0.00	126.33	0.00	0.00	0.00
1552	49.90	3107	2802	0.21	9763	0	755	240	80	695	0.01	0.04	0.06	50.15	50.09	0.01	74	73	0.00	0.00	126.71	0.00	0.00	0.00
1532	49.91	3110	2763	0.21	9486	0	625	294	65	686	0.01	0.07	0.04	49.44	50.08	0.00	74	73	0.00	0.00	124.78	0.00	0.00	0.00
1556	49.85	3110	2811	0.21	9575	0	631	254	107	652	0.01	0.05	0.05	50.37	50.04	0.11	74	73	0.00	0.00	128.31	0.00	0.00	0.00
1547	49.91	3108	2793	0.21	9551	0	735	252	90	666	0.01	0.03	0.07	49.99	50.04	0.05	74	73	0.00	0.00	126.82	0.00	0.00	0.00
1552	49.87	3110	2802	0.21	9586	0	683	237	118	713	0.01	0.02	0.08	50.17	50.07	0.06	74	73	0.00	0.00	126.58	0.00	0.00	0.00
1548	50.18	3110	2776	0.21	13959	0	673	244	88	702	0.01	0.02	0.16	49.34	49.74	0.08	74	73	0.00	0.00	126.03	0.00	0.00	0.00
1556	49.90	3111	2807	0.21	9541	0	618	276	86	673	0.01	0.04	0.05	50.27	50.04	0.06	74	73	0.00	0.00	126.73	0.00	0.00	0.00
1551	49.87	3107	2802	0.21	9666	0	722	259	66	723	0.01	0.06	0.05	50.17	50.07	0.06	74	73	0.00	0.00	127.72	0.00	0.00	0.00
1550	49.93	3107	2798	0.21	9809	0	573	262	73	781	0.01	0.02	0.03	50.10	49.99	0.08	74	73	0.00	0.00	127.13	0.00	0.00	0.00
1548	49.93	3107	2795	0.21	9608	0	586	288	79	687	0.01	0.03	0.03	50.02	50.02	0.05	74	74	0.00	0.00	126.55	0.00	0.00	0.00
1550	49.86	3111	2798	0.21	7922	0	576	192	93	698	0.01	0.05	0.03	50.14	50.03	0.11	74	74	0.00	0.00	126.61	0.00	0.00	0.00
