Avg_MHz	Busy%	Bzy_MHz	TSC_MHz	IPC	IRQ	SMI	POLL	C1	C1E	C6	POLL%	C1%	C1E%	C6%	CPU%c1	CPU%c6	CoreTmp	PkgTmp	Pkg%pc2	Pkg%pc6	PkgWatt	RAMWatt	PKG_%	RAM_%
1252	49.98	2510	2794	0.34	5172	0	15	24	3	714	0.00	0.00	0.01	49.96	50.02	0.00	62	63	0.00	0.00	106.04	0.00	0.00	0.00
1251	49.97	2509	2794	0.34	4911	0	13	30	4	608	0.00	0.00	0.03	49.94	50.03	0.00	62	62	0.00	0.00	105.98	0.00	0.00	0.00
1251	49.99	2510	2793	0.34	4845	0	22	25	5	593	0.00	0.00	0.03	49.92	50.01	0.00	62	63	0.00	0.00	106.01	0.00	0.00	0.00
1251	49.98	2509	2793	0.34	4967	0	32	29	2	709	0.00	0.12	0.00	49.83	50.02	0.00	63	63	0.00	0.00	106.08	0.00	0.00	0.00
1251	49.98	2510	2793	0.34	4907	0	36	41	5	679	0.00	0.01	0.03	49.92	50.02	0.00	63	64	0.00	0.00	106.25	0.00	0.00	0.00
1251	49.97	2510	2793	0.34	4859	0	34	24	3	647	0.00	0.01	0.01	49.93	50.03	0.00	63	64	0.00	0.00	106.17	0.00	0.00	0.00
1251	49.97	2509	2793	0.34	4757	0	38	26	13	633	0.00	0.00	0.13	49.83	50.03	0.00	63	64	0.00	0.00	106.05	0.00	0.00	0.00
1251	49.98	2509	2793	0.34	4840	0	23	32	1	700	0.00	0.00	0.00	49.96	50.02	0.00	63	64	0.00	0.00	106.17	0.00	0.00	0.00
1251	49.98	2509	2793	0.34	4794	0	10	30	5	659	0.00	0.00	0.03	49.93	50.02	0.00	63	64	0.00	0.00	106.15	0.00	0.00	0.00
1251	49.97	2510	2793	0.34	4863	0	26	24	4	680	0.00	0.00	0.02	49.95	50.03	0.00	64	64	0.00	0.00	106.27	0.00	0.00	0.00
1251	49.98	2509	2794	0.34	4752	0	19	50	7	602	0.00	0.00	0.03	49.93	50.02	0.00	64	64	0.00	0.00	106.37	0.00	0.00	0.00
1251	49.98	2509	2793	0.34	4836	0	18	21	1	684	0.00	0.00	0.00	49.96	50.02	0.00	64	64	0.00	0.00	106.28	0.00	0.00	0.00
1251	49.99	2510	2793	0.34	4882	0	33	17	5	696	0.00	0.01	0.03	49.91	50.01	0.00	64	64	0.00	0.00	106.30	0.00	0.00	0.00
1251	49.97	2509	2793	0.34	4767	0	25	20	3	599	0.00	0.00	0.00	49.96	50.03	0.00	64	64	0.00	0.00	106.32	0.00	0.00	0.00
1251	49.98	2510	2793	0.34	4863	0	36	19	4	680	0.00	0.00	0.02	49.94	50.02	0.00	64	64	0.00	0.00	106.35	0.00	0.00	0.00
1251	49.97	2509	2793	0.34	4861	0	15	47	1	701	0.00	0.00	0.00	49.96	50.03	0.00	64	65	0.00	0.00	106.41	0.00	0.00	0.00
1254	49.97	2515	2793	0.34	4793	0	19	37	6	669	0.00	0.00	0.03	49.93	50.03	0.00	64	65	0.00	0.00	106.66	0.00	0.00	0.00
1251	49.97	2510	2793	0.34	4837	0	35	32	3	619	0.00	0.00	0.01	49.95	50.03	0.00	65	65	0.00	0.00	106.28	0.00	0.00	0.00
1251	49.98	2509	2793	0.34	4761	0	24	44	6	617	0.00	0.00	0.04	49.92	50.02	0.00	65	65	0.00	0.00	106.53	0.00	0.00	0.00
1251	49.97	2510	2794	0.34	4850	0	29	26	2	684	0.00	0.00	0.00	49.96	50.03	0.00	65	65	0.00	0.00	106.43	0.00	0.00	0.00
1252	49.97	2510	2793	0.34	4866	0	52	33	4	663	0.00	0.00	0.02	49.94	50.03	0.00	65	66	0.00	0.00	106.50	0.00	0.00	0.00
1251	49.97	2510	2793	0.34	4802	0	38	24	3	627	0.00	0.00	0.00	49.96	50.03	0.00	65	66	0.00	0.00	106.46	0.00	0.00	0.00
1251	49.99	2509	2793	0.34	4773	0	24	31	10	645	0.00	0.00	0.06	49.89	50.01	0.00	65	65	0.00	0.00	106.47	0.00	0.00	0.00
1251	49.98	2510	2793	0.34	4921	0	25	20	2	778	0.00	0.00	0.00	49.95	50.02	0.00	66	66	0.00	0.00	106.59	0.00	0.00	0.00
1251	49.98	2509	2793	0.34	4810	0	27	46	5	654	0.00	0.10	0.03	49.83	50.02	0.00	65	66	0.00	0.00	106.54	0.00	0.00	0.00
1251	49.97	2509	2793	0.34	4778	0	27	30	5	626	0.00	0.00	0.03	49.94	50.03	0.00	65	66	0.00	0.00	106.66	0.00	0.00	0.00
1251	49.97	2510	2793	0.34	4822	0	32	34	5	642	0.00	0.00	0.03	49.93	50.03	0.00	66	66	0.00	0.00	106.66	0.00	0.00	0.00
1251	49.98	2509	2793	0.34	4864	0	16	22	3	659	0.00	0.00	0.00	49.96	50.02	0.00	66	66	0.00	0.00	106.62	0.00	0.00	0.00
1251	49.98	2509	2793	0.34	4838	0	28	48	5	678	0.00	0.00	0.02	49.95	50.02	0.00	66	66	0.00	0.00	106.65	0.00	0.00	0.00
1251	49.98	2509	2793	0.34	4872	0	42	25	4	713	0.00	0.00	0.02	49.94	50.02	0.00	66	67	0.00	0.00	106.64	0.00	0.00	0.00
1251	49.97	2510	2793	0.34	4825	0	17	24	5	676	0.00	0.00	0.03	49.93	50.03	0.00	66	67	0.00	0.00	106.61	0.00	0.00	0.00
1251	49.97	2510	2794	0.34	4798	0	34	33	11	607	0.00	0.00	0.09	49.87	50.03	0.00	66	67	0.00	0.00	106.78	0.00	0.00	0.00
1251	49.99	2510	2793	0.34	4871	0	30	15	2	743	0.00	0.00	0.00	49.95	50.01	0.00	66	67	0.00	0.00	106.68	0.00	0.00	0.00
1251	49.98	2510	2793	0.34	4848	0	44	16	5	680	0.00	0.00	0.03	49.93	50.02	0.00	66	67	0.00	0.00	106.71	0.00	0.00	0.00
1251	49.98	2510	2793	0.34	4844	0	33	35	5	686	0.00	0.00	0.03	49.93	50.02	0.00	66	67	0.00	0.00	106.71	0.00	0.00	0.00
1251	49.97	2509	2793	0.34	4795	0	34	35	3	665	0.00	0.00	0.00	49.96	50.03	0.00	67	67	0.00	0.00	106.81	0.00	0.00	0.00
1251	49.97	2510	2793	0.34	4815	0	32	40	2	678	0.00	0.00	0.00	49.96	50.03	0.00	67	67	0.00	0.00	106.82	0.00	0.00	0.00
1251	49.97	2509	2793	0.34	4774	0	30	28	6	632	0.00	0.00	0.04	49.92	50.03	0.00	67	67	0.00	0.00	106.85	0.00	0.00	0.00
1251	49.98	2509	2794	0.34	4832	0	22	44	6	646	0.00	0.10	0.03	49.83	50.02	0.00	67	67	0.00	0.00	106.90	0.00	0.00	0.00
1251	49.97	2509	2793	0.34	4741	0	16	33	3	606	0.00	0.00	0.00	49.96	50.03	0.00	67	68	0.00	0.00	106.74	0.00	0.00	0.00
1251	49.98	2510	2793	0.34	4888	0	33	25	3	713	0.00	0.00	0.00	49.96	50.02	0.00	67	68	0.00	0.00	106.93	0.00	0.00	0.00
1251	49.98	2509	2794	0.34	4869	0	38	23	5	699	0.00	0.00	0.03	49.93	50.02	0.00	67	68	0.00	0.00	106.92	0.00	0.00	0.00
1251	49.98	2509	2793	0.34	4820	0	18	42	6	646	0.00	0.00	0.04	49.91	50.02	0.00	67	68	0.00	0.00	106.94	0.00	0.00	0.00
1251	49.97	2509	2793	0.34	4747	0	16	35	2	602	0.00	0.00	0.00	49.96	50.03	0.00	67	68	0.00	0.00	106.94	0.00	0.00	0.00
1252	49.97	2510	2794	0.34	4747	0	42	47	4	595	0.00	0.00	0.03	49.94	50.03	0.00	68	68	0.00	0.00	107.04	0.00	0.00	0.00
1251	49.98	2510	2793	0.34	4846	0	30	48	5	675	0.00	0.00	0.02	49.95	50.02	0.00	67	68	0.00	0.00	106.98	0.00	0.00	0.00
1251	49.98	2509	2793	0.34	4833	0	27	20	4	678	0.00	0.00	0.02	49.95	50.02	0.00	68	69	0.00	0.00	106.87	0.00	0.00	0.00
1253	49.97	2513	2793	0.34	4715	0	27	30	3	605	0.00	0.00	0.00	49.96	50.03	0.00	68	68	0.00	0.00	106.93	0.00	0.00	0.00
1251	49.97	2510	2793	0.34	4752	0	21	37	3	589	0.00	0.00	0.02	49.95	50.03	0.00	68	68	0.00	0.00	106.77	0.00	0.00	0.00
1251	49.97	2510	2793	0.34	4837	0	20	33	3	670	0.00	0.00	0.01	49.95	50.03	0.00	68	69	0.00	0.00	106.83	0.00	0.00	0.00
1251	49.97	2510	2793	0.34	4790	0	35	46	5	614	0.00	0.00	0.03	49.93	50.03	0.00	68	68	0.00	0.00	106.89	0.00	0.00	0.00
1251	49.97	2510	2793	0.34	4812	0	22	21	3	640	0.00	0.00	0.00	49.96	50.03	0.00	68	68	0.00	0.00	106.87	0.00	0.00	0.00
1251	49.98	2510	2793	0.34	4763	0	21	32	4	609	0.00	0.00	0.02	49.94	50.02	0.00	68	68	0.00	0.00	106.87	0.00	0.00	0.00
1251	49.98	2508	2794	0.34	4858	0	39	31	2	689	0.00	0.00	0.00	49.96	50.02	0.00	68	69	0.00	0.00	106.89	0.00	0.00	0.00
1251	49.98	2509	2793	0.34	4760	0	32	39	5	609	0.00	0.00	0.03	49.93	50.02	0.00	68	69	0.00	0.00	106.89	0.00	0.00	0.00
1251	49.98	2509	2793	0.34	4789	0	19	42	3	635	0.00	0.00	0.00	49.96	50.02	0.00	69	69	0.00	0.00	106.91	0.00	0.00	0.00
1251	49.98	2509	2793	0.34	4741	0	20	40	6	600	0.00	0.00	0.04	49.92	50.02	0.00	69	69	0.00	0.00	106.92	0.00	0.00	0.00
1251	49.98	2509	2793	0.34	4876	0	28	33	1	715	0.00	0.00	0.00	49.96	50.02	0.00	68	69	0.00	0.00	107.05	0.00	0.00	0.00
1251	49.98	2509	2793	0.34	4745	0	27	43	6	572	0.00	0.00	0.03	49.93	50.02	0.00	69	69	0.00	0.00	106.97	0.00	0.00	0.00
1251	49.97	2510	2793	0.34	4790	0	26	30	3	615	0.00	0.00	0.00	49.96	50.03	0.00	69	69	0.00	0.00	107.06	0.00	0.00	0.00
1252	50.00	2510	2793	0.34	4769	0	31	35	15	616	0.00	0.00	0.13	49.80	50.00	0.00	69	69	0.00	0.00	107.09	0.00	0.00	0.00
1251	49.97	2509	2793	0.34	4849	0	28	35	1	693	0.00	0.00	0.00	49.96	50.03	0.00	69	69	0.00	0.00	107.13	0.00	0.00	0.00
1251	49.98	2509	2793	0.34	4787	0	22	23	5	649	0.00	0.00	0.03	49.93	50.02	0.00	69	70	0.00	0.00	107.12	0.00	0.00	0.00
1251	49.98	2509	2793	0.34	4868	0	28	50	9	662	0.00	0.06	0.04	49.85	50.02	0.00	69	69	0.00	0.00	107.19	0.00	0.00	0.00
1251	49.97	2510	2794	0.34	4758	0	25	36	6	610	0.00	0.01	0.04	49.91	50.03	0.00	69	69	0.00	0.00	107.20	0.00	0.00	0.00
1251	49.98	2509	2793	0.34	4856	0	27	49	5	686	0.00	0.00	0.02	49.94	50.02	0.00	69	70	0.00	0.00	107.18	0.00	0.00	0.00
1251	49.97	2509	2793	0.34	4820	0	27	30	8	672	0.00	0.00	0.01	49.95	50.03	0.00	70	69	0.00	0.00	107.33	0.00	0.00	0.00
1251	49.98	2509	2793	0.34	4819	0	38	28	5	667	0.00	0.00	0.03	49.93	50.02	0.00	69	70	0.00	0.00	107.19	0.00	0.00	0.00
1251	49.98	2509	2793	0.34	4723	0	23	22	7	605	0.00	0.00	0.05	49.92	50.02	0.00	69	70	0.00	0.00	107.14	0.00	0.00	0.00
1251	49.97	2509	2793	0.34	4742	0	10	51	3	604	0.00	0.00	0.01	49.95	50.03	0.00	69	69	0.00	0.00	107.23	0.00	0.00	0.00
1251	49.98	2509	2794	0.34	4847	0	10	45	2	673	0.00	0.00	0.00	49.96	50.02	0.00	69	69	0.00	0.00	107.17	0.00	0.00	0.00
1251	49.98	2509	2793	0.34	4868	0	27	25	5	694	0.00	0.00	0.03	49.93	50.02	0.00	70	70	0.00	0.00	107.29	0.00	0.00	0.00
1252	49.98	2510	2793	0.34	4786	0	40	25	3	633	0.00	0.00	0.01	49.94	50.02	0.00	70	70	0.00	0.00	107.18	0.00	0.00	0.00
1251	49.97	2510	2793	0.34	4773	0	21	52	5	616	0.00	0.00	0.03	49.93	50.03	0.00	69	70	0.00	0.00	107.16	0.00	0.00	0.00
1251	49.98	2509	2794	0.34	4874	0	17	29	2	727	0.00	0.00	0.00	49.96	50.02	0.00	70	70	0.00	0.00	107.16	0.00	0.00	0.00
1251	49.98	2509	2793	0.34	4739	0	23	28	5	644	0.00	0.00	0.03	49.93	50.02	0.00	70	70	0.00	0.00	107.19	0.00	0.00	0.00
1251	49.97	2510	2794	0.34	4715	0	21	50	4	635	0.00	0.01	0.01	49.95	50.03	0.00	70	70	0.00	0.00	107.19	0.00	0.00	0.00
1254	49.97	2515	2793	0.34	4657	0	14	39	6	602	0.00	0.00	0.04	49.92	50.03	0.00	70	70	0.00	0.00	107.29	0.00	0.00	0.00
1251	49.97	2509	2794	0.34	4745	0	23	34	1	684	0.00	0.00	0.00	49.96	50.03	0.00	70	70	0.00	0.00	107.05	0.00	0.00	0.00
1251	49.98	2509	2793	0.34	4689	0	33	26	20	579	0.00	0.00	0.20	49.76	50.02	0.00	70	70	0.00	0.00	107.11	0.00	0.00	0.00
1251	49.97	2510	2793	0.34	4711	0	41	29	5	626	0.00	0.00	0.03	49.94	50.03	0.00	70	70	0.00	0.00	107.09	0.00	0.00	0.00
1251	49.98	2509	2793	0.34	4654	0	30	21	5	606	0.00	0.01	0.04	49.91	50.02	0.00	70	71	0.00	0.00	107.13	0.00	0.00	0.00
1252	49.98	2510	2793	0.34	4700	0	19	42	3	631	0.00	0.00	0.01	49.94	50.02	0.00	70	71	0.00	0.00	107.25	0.00	0.00	0.00
1237	49.97	2510	2760	0.34	4747	0	38	33	3	656	0.00	0.00	0.00	49.36	50.03	0.00	71	71	0.00	0.00	105.23	0.00	0.00	0.00
1249	49.93	2517	2782	0.34	4720	0	38	27	22	609	0.00	0.01	0.04	49.75	50.05	0.02	71	71	0.00	0.00	104.83	0.00	0.00	0.00
1261	49.88	2538	2789	0.33	4885	0	26	40	33	647	0.00	0.03	0.00	49.94	50.07	0.05	72	70	0.00	0.00	107.79	0.00	0.00	0.00
1257	49.84	2538	2783	0.33	4820	0	11	33	22	651	0.00	0.01	0.03	49.88	50.06	0.10	72	71	0.00	0.00	107.20	0.00	0.00	0.00
1268	49.79	2545	2801	0.33	4790	0	19	86	36	587	0.00	0.04	0.02	50.22	50.07	0.14	72	70	0.00	0.00	108.34	0.00	0.00	0.00
1264	49.90	2525	2808	0.34	4827	0	14	76	9	615	0.00	0.03	0.01	50.26	50.07	0.03	72	70	0.00	0.00	107.68	0.00	0.00	0.00
1241	49.87	2525	2759	0.34	4850	0	7	82	13	634	0.00	0.05	0.00	49.39	50.08	0.04	70	70	0.00	0.00	105.01	0.00	0.00	0.00
1258	49.97	2519	2799	0.34	4896	0	32	42	3	615	0.00	0.01	0.00	50.06	50.03	0.00	72	71	0.00	0.00	107.84	0.00	0.00	0.00
1269	49.91	2526	2818	0.34	4904	0	43	64	4	652	0.00	0.05	0.00	50.43	50.06	0.03	72	71	0.00	0.00	109.50	0.00	0.00	0.00
1254	49.83	2531	2784	0.34	4763	0	5	62	28	600	0.00	0.08	0.03	49.83	50.11	0.05	71	71	0.00	0.00	106.10	0.00	0.00	0.00
1257	49.91	2527	2792	0.34	4840	0	52	26	42	612	0.00	0.01	0.13	49.86	50.06	0.03	71	71	0.00	0.00	108.30	0.00	0.00	0.00
1253	49.88	2521	2790	0.34	4773	0	19	30	27	643	0.00	0.01	0.01	49.98	50.04	0.08	72	71	0.00	0.00	106.70	0.00	0.00	0.00
1257	49.89	2525	2795	0.34	4855	0	20	37	23	629	0.00	0.04	0.02	50.01	50.11	0.00	72	71	0.00	0.00	108.09	0.00	0.00	0.00
1262	49.85	2526	2805	0.34	4805	0	12	16	57	621	0.00	0.03	0.05	50.21	50.09	0.06	72	72	0.00	0.00	107.46	0.00	0.00	0.00
1244	49.90	2526	2765	0.34	4848	0	15	26	21	659	0.00	0.00	0.04	49.49	50.06	0.04	72	71	0.00	0.00	106.37	0.00	0.00	0.00
1261	49.91	2516	2812	0.34	4897	0	14	53	3	657	0.00	0.03	0.00	50.32	50.07	0.02	72	71	0.00	0.00	107.86	0.00	0.00	0.00
1265	49.88	2531	2805	0.34	4811	0	18	39	7	616	0.00	0.03	0.01	50.23	50.08	0.04	72	71	0.00	0.00	108.72	0.00	0.00	0.00
1266	49.85	2534	2805	0.33	4754	0	15	60	32	633	0.00	0.04	0.02	50.23	50.09	0.06	72	71	0.00	0.00	108.38	0.00	0.00	0.00
1247	49.89	2519	2778	0.34	4680	0	3	55	18	555	0.00	0.04	0.02	49.71	50.08	0.03	72	71	0.00	0.00	105.92	0.00	0.00	0.00
1254	49.88	2524	2789	0.34	4822	0	34	49	26	599	0.00	0.01	0.02	49.93	50.06	0.07	72	71	0.00	0.00	107.46	0.00	0.00	0.00
1242	49.92	2516	2767	0.34	4820	0	11	36	11	620	0.00	0.02	0.01	49.52	50.06	0.02	71	72	0.00	0.00	105.91	0.00	0.00	0.00
1261	49.96	2517	2808	0.34	4881	0	16	41	1	614	0.00	0.01	0.00	50.23	50.04	0.00	73	72	0.00	0.00	109.06	0.00	0.00	0.00
1247	49.89	2518	2779	0.34	4775	0	15	32	27	606	0.00	0.02	0.02	49.76	50.07	0.05	71	72	0.00	0.00	105.97	0.00	0.00	0.00
1256	49.96	2514	2799	0.34	4881	0	30	23	2	630	0.00	0.01	0.00	50.07	50.04	0.00	72	72	0.00	0.00	108.59	0.00	0.00	0.00
1256	49.91	2524	2792	0.34	4833	0	15	38	9	631	0.00	0.03	0.01	49.94	50.08	0.01	72	72	0.00	0.00	107.16	0.00	0.00	0.00
1259	49.92	2515	2808	0.34	4899	0	9	50	9	632	0.00	0.03	0.00	50.25	50.06	0.02	72	72	0.00	0.00	108.25	0.00	0.00	0.00
1264	49.92	2519	2816	0.34	4756	0	8	76	13	566	0.00	0.04	0.01	50.37	50.08	0.00	73	72	0.00	0.00	108.17	0.00	0.00	0.00
1239	49.90	2525	2755	0.34	4842	0	4	54	17	676	0.00	0.04	0.02	49.29	50.06	0.05	72	72	0.00	0.00	105.72	0.00	0.00	0.00
1256	49.95	2516	2797	0.34	4836	0	21	22	13	628	0.00	0.00	0.00	50.05	50.04	0.01	73	72	0.00	0.00	108.03	0.00	0.00	0.00
1256	49.92	2512	2804	0.34	4876	0	8	20	11	678	0.00	0.00	0.01	50.20	50.03	0.05	72	72	0.00	0.00	107.09	0.00	0.00	0.00
1246	49.92	2518	2776	0.34	4808	0	10	37	12	607	0.00	0.02	0.01	49.68	50.05	0.03	72	72	0.00	0.00	106.70	0.00	0.00	0.00
1252	49.99	2510	2794	0.34	2490	0	5	16	2	474	0.00	0.18	0.00	49.77	50.01	0.00	72	72	0.00	0.00	107.41	0.00	0.00	0.00
